    55
     1   -1.955862   -4.260794    0.022579      1
     2    2.879324   -3.688881   -0.321076      1
     3   -1.660899   -1.945515    4.042305      1
     4    0.230581   -4.298505   -3.956482      1
     5   -1.976262   -2.633117   -1.227456      1
     6   -3.777663   -2.582145   -2.169620      1
     7    2.599594   -1.451997    3.740556      1
     8   -4.515251   -0.768010    2.934209      1
     9    0.101940   -2.677541   -3.047881      1
    10   -2.511229   -0.422374    3.002544      1
    11    2.344942   -2.120981   -1.532948      1
    12   -1.461628   -0.222885    0.317623      1
    13    3.935644   -1.665805   -2.715226      1
    14    2.926405    0.212798    2.624516      1
    15   -2.208271    1.304761    4.024098      1
    16    1.502886    0.127010    0.111113      1
    17    4.927798    0.338156    2.279532      1
    18    2.376002    1.836309    3.710753      1
    19   -2.513306    2.157823   -1.008694      1
    20   -2.810635    1.752491   -2.993398      1
    21   -4.269509    2.779693   -0.196189      1
    22    1.784044    2.666521   -1.304519      1
    23    1.898492    2.312435   -3.317892      1
    24   -0.518821    4.031857   -0.614032      1
    25    3.440427    3.692366   -0.725560      1
    26   -0.770791    5.558095   -1.655261      1
    27   -1.956390   -3.657541   -0.440626      2
    28    0.200843   -3.914370   -3.730265      2
    29   -1.972839   -1.381884    3.651454      2
    30    2.674475   -3.109439   -0.769148      2
    31   -3.116165   -2.599206   -1.824765      2
    32   -1.141748   -2.674695   -1.948201      2
    33   -3.770563   -0.639829    2.952324      2
    34    1.451025   -2.367361   -2.131579      2
    35   -1.726137   -1.410307   -0.440935      2
    36    2.717096   -0.836626    3.321950      2
    37    0.106690   -1.515607   -1.034422      3
    38   -1.978559   -0.325330    1.662465      2
    39    3.350963   -1.831345   -2.282146      2
    40   -2.317494    0.672889    3.647153      2
    41    1.928646   -0.977926   -0.697717      2
    42    0.022407   -0.051392    0.234646      2
    43    2.208121    0.165718    1.371097      2
    44    4.183158    0.291232    2.400477      2
    45    2.575325    1.241912    3.310301      2
    46   -1.992504    0.952217   -0.341260      2
    47    1.652400    1.383181   -0.593359      2
    48   -0.239115    1.721671   -0.519126      3
    49   -2.696651    1.902621   -2.265847      2
    50   -3.622769    2.550254   -0.492224      2
    51   -1.716508    2.913207   -0.874580      2
    52    1.851294    2.442519   -2.579012      2
    53    0.859384    3.218024   -1.051959      2
    54    2.830977    3.314173   -0.935620      2
    55   -0.709983    5.184911   -1.412269      2
