    45
     1   -3.688224   -3.907120   -1.178018      1
     2   -0.439862   -2.383462    0.070271      1
     3    3.590075   -2.135518    2.495208      1
     4   -5.452599   -1.172637    1.897342      1
     5   -2.834059   -2.070723   -1.108779      1
     6   -2.584489   -1.428360   -3.030517      1
     7   -4.460764   -0.197534    0.419097      1
     8    3.560882   -1.886534   -2.759174      1
     9    3.193983   -0.212793    1.953662      1
    10    1.044908   -0.153561   -0.007587      1
    11   -2.445561    1.301984    3.302361      1
    12   -5.859829    0.636890   -0.806528      1
    13    2.994527    0.947608    3.612831      1
    14    6.611532    0.045425   -0.046366      1
    15    3.166782   -0.027996   -2.022896      1
    16   -2.918112    1.803141    1.570894      1
    17    4.915343    0.814681   -0.002114      1
    18   -0.626946    2.225614    0.098982      1
    19    2.947977    1.296116   -3.551524      1
    20   -1.177592    2.784845   -1.779946      1
    21    0.441429    3.763026    0.878245      1
    22   -3.382113   -3.245129   -1.148260      2
    23   -2.017402   -2.144007   -0.714172      2
    24   -5.083856   -0.817706    1.358962      2
    25    3.450702   -1.436429    2.291868      2
    26   -3.651948   -1.118156   -0.334477      2
    27   -2.670967   -1.654913   -2.325940      2
    28    0.519299   -0.890708   -0.000658      2
    29   -1.709288   -0.127497    0.148554      3
    30    2.075311   -0.195417    1.030476      2
    31   -5.342800    0.330697   -0.363617      2
    32    3.421304   -1.209153   -2.484826      2
    33   -3.810340    0.596834    0.879255      2
    34    3.065880    0.523825    3.001872      2
    35   -2.553706    1.413972    2.884860      2
    36    3.935752    0.192138    1.173435      2
    37    2.051447   -0.103865   -1.069966      2
    38    3.052120    0.063528   -0.025615      3
    39    6.200588    0.220765   -0.036112      2
    40    0.187024    1.055915    0.043091      2
    41    3.918834    0.301837   -1.216614      2
    42   -1.538531    2.029881    0.693795      2
    43    3.026184    0.812071   -2.989016      2
    44   -0.978614    2.569372   -1.093301      2
    45    0.058153    3.202965    0.603057      2
