    55
     1   -4.205080   -2.896431    1.816696      1
     2   -1.250675   -3.892617   -1.491614      1
     3   -6.116252   -2.404908   -0.777092      1
     4   -4.422869   -1.764785    0.141278      1
     5   -2.079290   -2.041110   -1.559835      1
     6   -0.353478   -0.860734    3.166543      1
     7    3.819931   -2.613780   -1.936942      1
     8    6.332852   -1.712808    1.237799      1
     9    0.897479   -0.894608    1.787183      1
    10   -2.571151   -1.626790   -3.493003      1
    11    3.712130    0.048985    4.352932      1
    12   -4.688216    1.346921    2.840727      1
    13   -0.252686    0.002926   -0.594172      1
    14    4.237250   -0.797262   -1.933928      1
    15    3.149342    0.547224    2.466495      1
    16   -4.537220    1.092561    0.829376      1
    17    5.256153   -0.130708    0.560315      1
    18   -6.163032    1.995434    0.015118      1
    19    1.929710    0.624021   -2.441543      1
    20    1.323429    0.275899   -4.349479      1
    21   -2.060882    2.257503   -0.200284      1
    22    6.536588    1.441098    0.361015      1
    23    2.816734    2.570409    2.455324      1
    24   -1.263255    3.664091    1.032325      1
    25   -2.394494    3.156009   -1.997930      1
    26    2.392209    2.604772   -2.327712      1
    27   -4.280986   -2.470901    1.196982      2
    28   -1.555464   -3.211198   -1.515130      2
    29   -5.488636   -2.163816   -0.440397      2
    30   -3.251638   -1.911691   -0.712094      2
    31   -0.054327   -0.859479    2.833771      2
    32   -2.388880   -1.773874   -2.769993      2
    33    3.913599   -2.178989   -1.930020      2
    34   -4.486248   -0.338738    0.483712      2
    35   -1.156304   -1.033148   -1.084120      2
    36    5.933240   -1.136408    0.989949      2
    37    0.202876   -0.331822    0.370332      2
    38    3.504643    0.228147    3.659699      2
    39    2.239763   -0.003714    2.196009      2
    40   -2.689151   -0.086234   -0.264487      3
    41    2.514578   -0.190074   -0.001762      3
    42   -4.625970    1.248071    2.092786      2
    43    4.813729   -0.399436   -0.437441      2
    44    4.208599    0.207218    1.501134      2
    45    0.853256    0.314066   -1.521331      2
    46   -5.559098    1.659550    0.311636      2
    47    2.848308    0.039296   -2.213269      2
    48   -1.141115    1.136254   -0.390875      2
    49   -3.299281    1.679517    0.319907      2
    50    6.061138    0.868805    0.435068      2
    51    2.936627    1.820149    2.452486      2
    52    1.540433    0.396869   -3.648790      2
    53    2.222225    1.876414   -2.359959      2
    54   -1.558635    3.138002    0.578084      2
    55   -2.272029    2.815553   -1.331857      2
