    33
     1   -3.289482   -3.190983    1.420938      1
     2    0.470535   -2.853516    1.126614      1
     3   -1.979651   -2.093785    0.329076      1
     4   -2.230264   -2.575336   -1.647009      1
     5    4.158442   -2.355601    0.422636      1
     6    2.403289   -1.602922   -0.258884      1
     7    2.230199   -2.077435   -2.244983      1
     8   -2.311897    1.150738    2.702871      1
     9   -2.393502    0.739629    0.710545      1
    10   -4.249803    1.252130    0.052128      1
    11    2.630893    1.706658    2.036657      1
    12    2.275567    1.262866    0.081756      1
    13   -0.343386    2.239484   -0.685299      1
    14   -0.587853    2.001979   -2.697115      1
    15    3.737091    2.146670   -1.025079      1
    16   -0.514154    4.228202   -0.298167      1
    17   -2.816332   -2.792560    1.029793      2
    18   -1.134815   -2.327799    0.575709      2
    19   -2.132268   -2.395042   -0.926878      2
    20    1.723238   -2.007793    0.192420      2
    21    3.524822   -2.081607    0.179694      2
    22    2.285950   -1.901276   -1.519352      2
    23   -2.183737   -0.657396    0.520825      2
    24    0.067184   -0.363797    0.197025      3
    25    2.332659   -0.151419   -0.086255      2
    26   -2.338239    0.997607    1.967347      2
    27   -3.559752    1.059318    0.291529      2
    28   -1.367606    1.489257    0.010761      2
    29    2.496441    1.540654    1.315894      2
    30    0.964852    1.750590   -0.303356      2
    31    3.192918    1.815697   -0.618856      2
    32   -0.496173    2.084227   -1.948340      2
    33   -0.450188    3.490739   -0.437093      2
