-------------------------------------------------------------
----------------------- !PROPERTIES! ------------------------
-------------------------------------------------------------
# -----------------------------------------------------------
$ PAL_Flags
   description: The PAL Flags
   geom. index: 1
   prop. index: 1
        Diskflag:     2
# -----------------------------------------------------------
$ SCF_Energy
   description: The SCF energy
   geom. index: 1
   prop. index: 1
        SCF Energy:     -271.8934675003
# -----------------------------------------------------------
$ DFT_Energy
   description: The DFT energy
   geom. index: 1
   prop. index: 1
   Number of Alpha Electrons                 24.0000274262 
   Number of Beta  Electrons                 24.0000274262 
   Total number of  Electrons                48.0000548523 
   Exchange energy                          -25.0738208801 
   Correlation energy                        -1.9536397957 
   Correlation energy NL                      0.0000000000 
   Exchange-Correlation energy              -27.0274606759 
   Embedding correction                       0.0000000000 
   Total DFT Energy (No VdW correction)    -271.8934675003 
# -----------------------------------------------------------
$ Mayer_Pop
   description: The Mayer population analysis
   geom. index: 1
   prop. index: 1
     Number of atoms                     : 16
     Threshold for printing              : 0.1000000
     Number of bond orders printed       : 16
  NA   - Mulliken gross atomic population
  ZA   - Total nuclear charge
  QA   - Mulliken gross atomic charge
  VA   - Mayer's total valence
  BVA  - Mayer's bonded valence
  FA   - Mayer's free valence
  ATOM       NA         ZA         QA         VA         BVA        FA
  0   0     6.3277     6.0000    -0.3277     3.7578     3.7578     0.0000
  1   0     6.2657     6.0000    -0.2657     3.5858     3.5858    -0.0000
  2   0     6.1647     6.0000    -0.1647     3.7786     3.7786    -0.0000
  3   0     8.3120     8.0000    -0.3120     1.5485     1.5485     0.0000
  4   0     6.1646     6.0000    -0.1646     3.7785     3.7785    -0.0000
  5   0     6.2664     6.0000    -0.2664     3.5868     3.5868     0.0000
  6   0     0.8418     1.0000     0.1582     0.9369     0.9369     0.0000
  7   0     0.8485     1.0000     0.1515     0.9445     0.9445    -0.0000
  8   0     0.8373     1.0000     0.1627     0.9323     0.9323    -0.0000
  9   0     0.8580     1.0000     0.1420     0.9602     0.9602    -0.0000
 10   0     0.8703     1.0000     0.1297     0.9403     0.9403     0.0000
 11   0     0.8387     1.0000     0.1613     0.9272     0.9272     0.0000
 12   0     0.8702     1.0000     0.1298     0.9402     0.9402     0.0000
 13   0     0.8388     1.0000     0.1612     0.9274     0.9274    -0.0000
 14   0     0.8371     1.0000     0.1629     0.9321     0.9321     0.0000
 15   0     0.8581     1.0000     0.1419     0.9602     0.9602     0.0000
      Bond orders larger than 0.1000000
           Atom A     A.N. of A          Atom B    A.N. of B              Bond order
                0             6               1            6                0.919627
                0             6               5            6                0.919687
                0             6               6            1                0.998484
                0             6               7            1                0.961700
                1             6               2            6                0.937504
                1             6               8            1                0.967510
                1             6               9            1                0.948446
                2             6               3            8                0.872342
                2             6              10            1                0.969636
                2             6              11            1                0.990595
                3             8               4            6                0.872362
                4             6               5            6                0.937359
                4             6              12            1                0.969377
                4             6              13            1                0.990803
                5             6              14            1                0.967830
                5             6              15            1                0.948502
# -----------------------------------------------------------
$ VdW_Correction
   description: The Van der Waals Correction
   geom. index: 1
   prop. index: 1
        Van der Waals Correction:       -0.0229477620
# -----------------------------------------------------------
$ Hessian
   description: Details about the Hessian
   geom. index: 1
   prop. index: 1
Normal modes:
Number of Rows: 48 Number of Columns: 48
                  0          1          2          3          4          5    
      0       0.000000   0.000000   0.000000   0.000000   0.000000   0.000000
      1       0.000000   0.000000   0.000000   0.000000   0.000000   0.000000
      2       0.000000   0.000000   0.000000   0.000000   0.000000   0.000000
      3       0.000000   0.000000   0.000000   0.000000   0.000000   0.000000
      4       0.000000   0.000000   0.000000   0.000000   0.000000   0.000000
      5       0.000000   0.000000   0.000000   0.000000   0.000000   0.000000
      6       0.000000   0.000000   0.000000   0.000000   0.000000   0.000000
      7       0.000000   0.000000   0.000000   0.000000   0.000000   0.000000
      8       0.000000   0.000000   0.000000   0.000000   0.000000   0.000000
      9       0.000000   0.000000   0.000000   0.000000   0.000000   0.000000
     10       0.000000   0.000000   0.000000   0.000000   0.000000   0.000000
     11       0.000000   0.000000   0.000000   0.000000   0.000000   0.000000
     12       0.000000   0.000000   0.000000   0.000000   0.000000   0.000000
     13       0.000000   0.000000   0.000000   0.000000   0.000000   0.000000
     14       0.000000   0.000000   0.000000   0.000000   0.000000   0.000000
     15       0.000000   0.000000   0.000000   0.000000   0.000000   0.000000
     16       0.000000   0.000000   0.000000   0.000000   0.000000   0.000000
     17       0.000000   0.000000   0.000000   0.000000   0.000000   0.000000
     18       0.000000   0.000000   0.000000   0.000000   0.000000   0.000000
     19       0.000000   0.000000   0.000000   0.000000   0.000000   0.000000
     20       0.000000   0.000000   0.000000   0.000000   0.000000   0.000000
     21       0.000000   0.000000   0.000000   0.000000   0.000000   0.000000
     22       0.000000   0.000000   0.000000   0.000000   0.000000   0.000000
     23       0.000000   0.000000   0.000000   0.000000   0.000000   0.000000
     24       0.000000   0.000000   0.000000   0.000000   0.000000   0.000000
     25       0.000000   0.000000   0.000000   0.000000   0.000000   0.000000
     26       0.000000   0.000000   0.000000   0.000000   0.000000   0.000000
     27       0.000000   0.000000   0.000000   0.000000   0.000000   0.000000
     28       0.000000   0.000000   0.000000   0.000000   0.000000   0.000000
     29       0.000000   0.000000   0.000000   0.000000   0.000000   0.000000
     30       0.000000   0.000000   0.000000   0.000000   0.000000   0.000000
     31       0.000000   0.000000   0.000000   0.000000   0.000000   0.000000
     32       0.000000   0.000000   0.000000   0.000000   0.000000   0.000000
     33       0.000000   0.000000   0.000000   0.000000   0.000000   0.000000
     34       0.000000   0.000000   0.000000   0.000000   0.000000   0.000000
     35       0.000000   0.000000   0.000000   0.000000   0.000000   0.000000
     36       0.000000   0.000000   0.000000   0.000000   0.000000   0.000000
     37       0.000000   0.000000   0.000000   0.000000   0.000000   0.000000
     38       0.000000   0.000000   0.000000   0.000000   0.000000   0.000000
     39       0.000000   0.000000   0.000000   0.000000   0.000000   0.000000
     40       0.000000   0.000000   0.000000   0.000000   0.000000   0.000000
     41       0.000000   0.000000   0.000000   0.000000   0.000000   0.000000
     42       0.000000   0.000000   0.000000   0.000000   0.000000   0.000000
     43       0.000000   0.000000   0.000000   0.000000   0.000000   0.000000
     44       0.000000   0.000000   0.000000   0.000000   0.000000   0.000000
     45       0.000000   0.000000   0.000000   0.000000   0.000000   0.000000
     46       0.000000   0.000000   0.000000   0.000000   0.000000   0.000000
     47       0.000000   0.000000   0.000000   0.000000   0.000000   0.000000
                  6          7          8          9         10         11    
      0      -0.023654   0.052515   0.026540  -0.021096  -0.090583  -0.009030
      1      -0.070875  -0.005329  -0.229512   0.085351  -0.010139   0.041302
      2      -0.152109  -0.032495   0.006385  -0.085409   0.012200  -0.032557
      3      -0.056947  -0.002046   0.086677  -0.113135  -0.122635  -0.052742
      4       0.042954  -0.000003  -0.031210  -0.021402  -0.166648  -0.056954
      5       0.079732   0.139851   0.075304   0.043442   0.011979  -0.010004
      6       0.043862  -0.049007   0.011858  -0.134962   0.134451   0.065287
      7       0.042899   0.038027   0.026364  -0.022890  -0.131824  -0.033900
      8       0.070088  -0.115675  -0.094828  -0.048558  -0.056963  -0.021594
      9      -0.015709   0.048646  -0.022822   0.023653   0.101580  -0.015648
     10      -0.107951  -0.011930   0.246445  -0.038554   0.011244   0.124518
     11      -0.131190  -0.028442   0.035382   0.143068  -0.013841  -0.012735
     12      -0.027367  -0.017483  -0.041525   0.119380   0.112508  -0.059643
     13       0.049173  -0.030701   0.020533   0.005802   0.159560  -0.047886
     14       0.027889   0.141082  -0.087621  -0.082615   0.023983  -0.004786
     15       0.075764  -0.015408  -0.055221   0.122178  -0.154856   0.059329
     16       0.054745   0.013727  -0.046992   0.005157   0.135633  -0.044338
     17       0.110940  -0.105838   0.094397   0.011682   0.025300  -0.025113
     18      -0.011596   0.194985   0.063751  -0.018249  -0.131470  -0.042291
     19      -0.397298  -0.043091  -0.541837   0.063756  -0.014785   0.320177
     20      -0.127865  -0.047419   0.023060  -0.082759   0.017710  -0.048167
     21      -0.061834  -0.001044  -0.023789  -0.019721   0.122114   0.036771
     22      -0.000819   0.000853  -0.156412   0.083699   0.013719  -0.024350
     23      -0.446949  -0.074482  -0.307759  -0.077349  -0.016459   0.253171
     24      -0.252573  -0.162942   0.013401  -0.285488  -0.267100  -0.297538
     25       0.086720  -0.174532  -0.139663  -0.148690  -0.338606  -0.243419
     26       0.110352   0.214762   0.114829   0.110451   0.085430   0.088096
     27       0.028471   0.090698   0.043564   0.040227  -0.086819   0.074756
     28       0.058633   0.094702   0.121325  -0.017223   0.032166   0.096728
     29       0.195382   0.323149   0.137211   0.233570   0.204979   0.262650
     30       0.229383  -0.237569  -0.184502  -0.401590   0.235656   0.258325
     31       0.100848   0.212499   0.116555   0.024696  -0.258047  -0.199096
     32       0.036702  -0.144454  -0.098751  -0.035933  -0.033321   0.006241
     33       0.014485  -0.011948  -0.009827  -0.040680   0.143296   0.017026
     34       0.082901  -0.061361  -0.165776  -0.013398   0.000712   0.048024
     35       0.194601  -0.326560  -0.236195  -0.309391   0.066423   0.209305
     36      -0.160143  -0.203356   0.122571   0.362979   0.173420  -0.197970
     37       0.144135  -0.223026   0.151204   0.110553   0.303773  -0.250108
     38       0.017086   0.214153  -0.140074  -0.138628  -0.021405   0.067606
     39      -0.005407   0.062946  -0.016242  -0.039421   0.117668   0.028245
     40       0.052497   0.089094  -0.166479  -0.013153   0.028773   0.049253
     41       0.058887   0.361668  -0.235456  -0.309458  -0.100784   0.207839
     42       0.327192  -0.153257   0.047436   0.329153  -0.347717   0.355824
     43       0.084291   0.165808  -0.135570  -0.079258   0.270093  -0.170039
     44       0.101663  -0.135857   0.110188   0.027556  -0.002889   0.000168
     45       0.002448   0.023865  -0.031676   0.026661  -0.128151  -0.022925
     46       0.084762  -0.058919   0.112868  -0.018893  -0.056394   0.085839
     47       0.315421  -0.254348   0.147194   0.235042  -0.176588   0.275940
                 12         13         14         15         16         17    
      0      -0.032700   0.045675  -0.144040   0.002049   0.028017   0.007882
      1       0.159944   0.005368  -0.016456   0.088619  -0.154551   0.000836
      2      -0.108043  -0.006160   0.018836   0.092632   0.081360  -0.001002
      3       0.195121   0.031656   0.080098  -0.039968  -0.073578  -0.009468
      4       0.108972   0.075772   0.109514   0.028908   0.070329   0.022985
      5       0.005507  -0.085952   0.048506   0.007490  -0.051232   0.057884
      6       0.123551  -0.031174   0.075035  -0.016812   0.115973  -0.030982
      7      -0.100266   0.006436  -0.155057  -0.050298   0.050599  -0.008874
      8      -0.046005  -0.049806  -0.018669  -0.055680  -0.080581  -0.080835
      9       0.019269  -0.052682  -0.062413   0.001871   0.030967  -0.006997
     10      -0.079052  -0.006005  -0.006790   0.005379  -0.120292  -0.000831
     11       0.076979   0.007221   0.008041   0.019242   0.131113   0.000953
     12      -0.106240  -0.015198   0.042112   0.012486  -0.140844  -0.009815
     13      -0.125760  -0.011961   0.168655  -0.046044   0.022334   0.004477
     14      -0.015285   0.055805   0.003725  -0.059732  -0.045979   0.086277
     15      -0.205966   0.068388   0.086239   0.033607   0.040712  -0.019163
     16       0.064221  -0.064262  -0.091512   0.036723   0.082863  -0.026214
     17       0.058929   0.072572  -0.070740  -0.002919  -0.066881  -0.054117
     18      -0.026405  -0.114429  -0.117215   0.072871   0.007659   0.428505
     19       0.109474  -0.013300  -0.010565  -0.504647   0.017004   0.047861
     20      -0.107080   0.015433   0.015012   0.123724   0.071579  -0.057561
     21      -0.047162  -0.063865  -0.443061  -0.090119   0.051838  -0.189639
     22       0.187043  -0.006729  -0.050645   0.221453  -0.189951  -0.021269
     23      -0.193228   0.007848   0.061858  -0.476477   0.232570   0.025431
     24      -0.018969  -0.302618   0.081883   0.147637  -0.151208   0.342142
     25      -0.018294  -0.214153   0.135702  -0.149577  -0.002044  -0.103951
     26       0.084307   0.057497   0.043505   0.012508  -0.017781   0.012516
     27       0.319484   0.237824  -0.056152  -0.097145  -0.252401  -0.180416
     28       0.235864   0.240492   0.298406   0.065650   0.434613   0.035656
     29       0.240731   0.292004   0.022113  -0.036795   0.006046  -0.143317
     30      -0.046846   0.140661  -0.106818   0.159448   0.032216   0.237105
     31      -0.065048  -0.237532  -0.067793  -0.280379  -0.027080  -0.237015
     32      -0.035044   0.003418  -0.025065  -0.008649  -0.041795  -0.041650
     33       0.106137  -0.078570   0.016713  -0.016720   0.198541  -0.066434
     34      -0.275637   0.112277  -0.417058   0.134783   0.200667   0.172556
     35      -0.170081   0.190707  -0.132438   0.144236  -0.156481   0.211671
     36       0.048604   0.079522  -0.107788  -0.092125  -0.035709   0.182208
     37      -0.055360   0.261240   0.046927  -0.308850  -0.034625   0.283659
     38      -0.047732  -0.033091   0.053971   0.025455  -0.032502  -0.014650
     39      -0.083828  -0.099516  -0.039827   0.024078  -0.271173  -0.080061
     40      -0.295940  -0.132392   0.412917   0.142164   0.149402  -0.188439
     41      -0.143567  -0.166793   0.134671   0.140045  -0.092729  -0.191703
     42       0.045692  -0.346070   0.095777  -0.101828   0.138585   0.295873
     43      -0.011860   0.140856  -0.114059  -0.178855   0.029921   0.175107
     44       0.075476   0.030079  -0.067656   0.045815  -0.056916  -0.098305
     45      -0.289954   0.199438   0.005517   0.067128   0.144277  -0.124868
     46       0.168162  -0.190727  -0.306521   0.082879   0.478506  -0.070066
     47       0.324328  -0.350356  -0.015044  -0.058301  -0.047033   0.184649
                 18         19         20         21         22         23    
      0       0.001120  -0.019859  -0.127633   0.113784   0.007980   0.022420
      1      -0.008151   0.119474  -0.014240   0.012861   0.067141   0.002578
      2       0.001708  -0.048664   0.017128  -0.015318   0.115641  -0.002898
      3       0.093525  -0.058573   0.079365  -0.061661  -0.028650  -0.003535
      4      -0.054114  -0.105085  -0.048036   0.086980  -0.043144   0.010779
      5      -0.052847   0.062997   0.016278  -0.003547  -0.123339   0.040897
      6      -0.035673   0.152895  -0.037096  -0.131361   0.061681  -0.020922
      7       0.134740   0.040234   0.024375  -0.158776   0.016952  -0.026975
      8      -0.016906  -0.041515   0.015522   0.091338   0.115193  -0.076265
      9       0.014630   0.005702   0.054362   0.255860  -0.010120   0.012741
     10      -0.072323   0.015589   0.006087   0.028631   0.011242   0.001431
     11       0.049038   0.057108  -0.007268  -0.034346  -0.065071  -0.001743
     12      -0.000048  -0.163091  -0.033810  -0.182329  -0.031497  -0.005647
     13       0.138617   0.004718  -0.032237   0.123808   0.006406   0.024024
     14      -0.021844   0.001211  -0.006005  -0.049103   0.127558   0.080040
     15      -0.089920   0.094269   0.060045  -0.038096   0.004190  -0.011691
     16      -0.074579  -0.087949   0.063490  -0.098389  -0.039431  -0.012591
     17      -0.028081   0.042399  -0.034969   0.016910  -0.127634  -0.039125
     18       0.007481  -0.000654  -0.290855   0.263494   0.054450  -0.319868
     19      -0.066048  -0.039737  -0.032617   0.029413  -0.321873  -0.036150
     20       0.003618  -0.040369   0.039062  -0.035414   0.132612   0.043142
     21      -0.006344  -0.037719  -0.583841  -0.293222  -0.050262   0.097690
     22       0.000609   0.143994  -0.065319  -0.032733   0.147985   0.011083
     23      -0.049194  -0.163945   0.078389   0.039229  -0.248855  -0.013355
     24       0.037606   0.197925   0.127227  -0.182624  -0.208631  -0.153751
     25      -0.367092   0.061960  -0.199526   0.252925  -0.241372   0.375326
     26       0.035642  -0.036798   0.044427  -0.015348  -0.034352  -0.018914
     27       0.322965  -0.072030   0.285568   0.105569   0.033812   0.081767
     28      -0.159247  -0.369297  -0.318727  -0.156753   0.151922  -0.212190
     29       0.149781  -0.162595   0.066647   0.016626   0.107674  -0.026827
     30       0.084152   0.080694   0.046334  -0.180272  -0.291246   0.317841
     31      -0.027123   0.273084  -0.001706  -0.340784   0.193130   0.156193
     32       0.023133  -0.092471   0.013538   0.124051   0.094744  -0.161302
     33       0.028939   0.241206  -0.018557   0.042285   0.085487  -0.144370
     34       0.392527   0.086305   0.095434   0.108493  -0.195763  -0.107166
     35       0.073197  -0.225502   0.049940  -0.077189  -0.182811   0.178946
     36      -0.067646  -0.159001   0.039492  -0.276100   0.255659   0.375045
     37      -0.044757   0.246062   0.011690   0.290291   0.254603  -0.077805
     38       0.043569  -0.060087  -0.025185  -0.062775   0.020923   0.068153
     39      -0.093346  -0.304543  -0.010099   0.082612  -0.084930  -0.205790
     40       0.379282   0.025079  -0.098450  -0.094125  -0.215149   0.067520
     41       0.090093  -0.152325  -0.046291   0.059854  -0.159526  -0.132065
     42       0.053241  -0.208737   0.064406  -0.112829   0.239888  -0.057462
     43      -0.365430   0.016208   0.220893  -0.286598  -0.189637  -0.399366
     44       0.033599   0.017988  -0.070178   0.055083  -0.094839   0.047164
     45      -0.229916   0.105156   0.182059   0.060766  -0.036904   0.037551
     46      -0.221457  -0.350193   0.370931   0.174798   0.143302   0.225872
     47       0.223926  -0.186068  -0.129784  -0.038950   0.117272   0.011163
                 24         25         26         27         28         29    
      0      -0.060202   0.015399   0.014524  -0.002812  -0.091580  -0.028094
      1      -0.006757  -0.014956   0.001691   0.027456  -0.010215  -0.002604
      2       0.008143   0.101718  -0.002078   0.002037   0.012349   0.003799
      3       0.063788  -0.004916  -0.031885   0.012454  -0.033589   0.052293
      4      -0.030945   0.021993  -0.006790  -0.036290   0.064564  -0.090081
      5       0.007078  -0.034490  -0.064685  -0.021121   0.000530   0.003552
      6      -0.088867  -0.004750   0.004534  -0.029152   0.024841   0.008444
      7       0.009909  -0.030470  -0.003369   0.018338   0.040842   0.079096
      8       0.041959  -0.034225   0.018365  -0.023934  -0.012260  -0.024423
      9       0.123600   0.002385   0.019206   0.012345   0.023220   0.005402
     10       0.013842   0.008690   0.002099  -0.025961   0.002596   0.000574
     11      -0.016588   0.024928  -0.002477   0.070609  -0.003095  -0.000804
     12      -0.092472   0.002147  -0.001187   0.017130   0.035475   0.031805
     13      -0.030262  -0.029669   0.003833   0.023607  -0.034040  -0.074092
     14      -0.017583  -0.035245  -0.018844  -0.030163   0.004111   0.018830
     15       0.051452  -0.009173  -0.014614  -0.009267  -0.017729   0.027986
     16       0.043906   0.021576   0.001416  -0.038763  -0.070471   0.096878
     17      -0.022633  -0.033726   0.070961  -0.018413   0.006363  -0.013901
     18      -0.231536   0.034119   0.515454   0.000290   0.226985   0.304744
     19      -0.026048  -0.162464   0.057985  -0.012653   0.025329   0.033813
     20       0.031174   0.113880  -0.069450  -0.001630  -0.030488  -0.040948
     21       0.387377  -0.005103  -0.368108  -0.013921   0.460895  -0.272642
     22       0.043422   0.013079  -0.041180   0.044164   0.051715  -0.029709
     23      -0.052102  -0.021405   0.049380  -0.071652  -0.062063   0.035773
     24       0.076475  -0.343740  -0.086981  -0.040592   0.086999  -0.306255
     25      -0.140255   0.366420  -0.137363  -0.061614  -0.086555   0.347075
     26       0.033808  -0.045174  -0.025595  -0.007304   0.014417  -0.034047
     27      -0.217710   0.289964   0.020256  -0.120856   0.224140  -0.094581
     28       0.382063  -0.294572  -0.010253   0.161247  -0.292606   0.081470
     29      -0.016429   0.084970  -0.002258  -0.032864   0.041825  -0.037802
     30       0.077830   0.137627   0.145861   0.271431  -0.082094  -0.115338
     31       0.055300   0.100352   0.347494   0.395881  -0.240240  -0.336295
     32       0.009074  -0.084494  -0.097469  -0.148225   0.069921   0.103880
     33      -0.230866   0.008237  -0.131983  -0.240071  -0.135842  -0.098870
     34      -0.225355   0.034671  -0.291605  -0.283178  -0.328392  -0.139627
     35       0.191794  -0.001064   0.082576   0.224950   0.054158   0.042112
     36       0.082615  -0.172812   0.237091  -0.380870  -0.148146  -0.207584
     37      -0.037041   0.064613  -0.303292   0.323711   0.214631   0.297937
     38      -0.030748  -0.042577   0.045701  -0.060801  -0.039035  -0.059859
     39      -0.316405  -0.015691  -0.208012   0.347387  -0.213209  -0.135544
     40       0.163971   0.032289   0.252749  -0.218798   0.289181   0.116087
     41      -0.118350   0.002182  -0.036166   0.146449  -0.007232  -0.010881
     42       0.032752   0.231344  -0.105379   0.050141   0.059507  -0.201911
     43       0.152528   0.431313   0.114579  -0.051597   0.103639  -0.396811
     44      -0.048522  -0.122421   0.051655  -0.019680  -0.034263   0.101068
     45      -0.117354  -0.186399   0.018080   0.069907   0.136261  -0.059166
     46      -0.419699  -0.347965   0.015919   0.182246   0.333134  -0.092654
     47       0.061442   0.149032  -0.003374  -0.058555  -0.090271   0.058133
                 30         31         32         33         34         35    
      0       0.006474   0.169180   0.002422   0.006771   0.008309   0.012171
      1      -0.063207   0.018960  -0.027423   0.000693  -0.030540  -0.054327
      2      -0.001431  -0.022755  -0.005516  -0.000822   0.036207   0.045546
      3      -0.079166  -0.063805   0.005733  -0.046779   0.039632  -0.036227
      4       0.120302   0.011295   0.030239  -0.042115   0.020456  -0.021615
      5      -0.015879   0.019473  -0.012796  -0.020629   0.018243  -0.008350
      6       0.030483   0.035782  -0.029532   0.002641   0.004361   0.020054
      7      -0.006595   0.049505  -0.114959   0.002942   0.004564   0.012646
      8       0.001816  -0.003892   0.032362  -0.005650  -0.000758  -0.019182
      9       0.002113   0.011775  -0.004960   0.008211  -0.000274   0.000970
     10      -0.002320   0.001285   0.034201   0.000921  -0.001256  -0.006235
     11       0.013454  -0.001554  -0.008410  -0.001113  -0.002869   0.001587
     12      -0.026192   0.045325   0.061445   0.004595  -0.005329  -0.026400
     13      -0.014328  -0.040222  -0.105048  -0.002149   0.003465   0.007679
     14       0.009866  -0.007064   0.020216   0.004699   0.000497  -0.012760
     15       0.044708  -0.062552  -0.015326  -0.048055  -0.036728   0.036604
     16       0.135829  -0.025388   0.028080   0.031645   0.011662  -0.013452
     17      -0.032721  -0.002506  -0.010037   0.033507   0.028336  -0.018118
     18      -0.000034  -0.553421  -0.019701   0.004360  -0.046393  -0.057921
     19       0.028963  -0.062169   0.147164   0.001350   0.412429   0.517430
     20       0.000046   0.074457  -0.023252  -0.000581  -0.000215  -0.000170
     21       0.021979  -0.400665  -0.010818  -0.058142  -0.065634  -0.079865
     22      -0.092844  -0.044978  -0.004878  -0.006299   0.089465   0.086533
     23       0.101638   0.054056  -0.080418   0.006935  -0.414615  -0.522519
     24       0.202246   0.111174   0.099759   0.375076  -0.336979   0.216434
     25      -0.396689  -0.164967  -0.131868   0.260844  -0.166612   0.152682
     26       0.048080   0.018890   0.011334  -0.172153   0.135969  -0.100443
     27       0.215340  -0.126354   0.006352   0.184212  -0.160224   0.125985
     28      -0.355408  -0.033779   0.089449   0.183410  -0.147310   0.055642
     29      -0.013603  -0.081839   0.025793   0.412797  -0.332568   0.241696
     30       0.039402  -0.125051   0.036242  -0.071166  -0.010198  -0.161987
     31       0.077867  -0.160559   0.438176   0.023333  -0.044862  -0.009177
     32      -0.028108   0.071783  -0.114937  -0.000245   0.015013   0.007944
     33      -0.075998  -0.137217   0.186642  -0.040286   0.012514  -0.067055
     34      -0.270302  -0.317135   0.435103  -0.010502   0.003997  -0.028811
     35       0.028444   0.084464  -0.004512   0.085534  -0.015008   0.165547
     36      -0.064926  -0.171345  -0.160759  -0.061795   0.023900   0.153925
     37       0.071983   0.126795   0.417392  -0.038411  -0.040706   0.024725
     38      -0.015661  -0.031797  -0.088808   0.018191   0.010341  -0.033966
     39       0.135401  -0.219288  -0.272070  -0.062711  -0.016135   0.111376
     40      -0.244370   0.275955   0.384226  -0.000979   0.000920  -0.009860
     41      -0.000403  -0.036523   0.056703  -0.071836  -0.010416   0.138500
     42      -0.095066   0.063545  -0.062690   0.457277   0.386175  -0.262861
     43      -0.436786   0.184446  -0.150734  -0.168596  -0.084242   0.098837
     44       0.089382  -0.042416   0.033268   0.060883   0.038005  -0.035928
     45      -0.129567  -0.104978  -0.019041   0.105955   0.095239  -0.067335
     46      -0.395099   0.007401   0.086514  -0.151706  -0.117631   0.033961
     47       0.033595   0.113113   0.029615  -0.454194  -0.364308   0.267434
                 36         37         38         39         40         41    
      0      -0.011355  -0.004106  -0.000408  -0.001951  -0.010758   0.001204
      1      -0.001089   0.021469   0.000176   0.005574   0.042138  -0.000239
      2       0.001386  -0.012710  -0.000297  -0.009935  -0.044892  -0.001215
      3       0.010782   0.010215  -0.002686   0.004480  -0.015978  -0.032992
      4       0.005942   0.004736  -0.000193   0.000973  -0.011914  -0.025861
      5       0.002949   0.008490   0.005342  -0.005447   0.002006  -0.019560
      6       0.035941   0.048889   0.008104  -0.010232   0.003371   0.006684
      7      -0.031078  -0.011961  -0.021031   0.020893  -0.003243  -0.000798
      8      -0.031003  -0.041363  -0.044189   0.047392  -0.003987   0.004280
      9       0.013978   0.000782   0.003050   0.000242  -0.000055   0.000014
     10       0.001571  -0.007743   0.000305  -0.000988   0.000250  -0.000004
     11      -0.001885  -0.000600  -0.000344   0.001871  -0.000182  -0.000010
     12       0.035192  -0.054206   0.015664   0.016118  -0.003499   0.005697
     13       0.039029  -0.023590   0.025195   0.022054  -0.004074   0.002532
     14       0.021468  -0.027514   0.044528   0.040742  -0.003272  -0.006259
     15       0.010411  -0.008434  -0.004086  -0.005190   0.017346  -0.033393
     16      -0.003453   0.002644  -0.000705  -0.000305  -0.007743   0.020104
     17      -0.005675   0.010989  -0.004857  -0.003825  -0.002488   0.031928
     18       0.033449   0.020867   0.003761   0.016779   0.085386   0.001110
     19       0.002103  -0.184435   0.000910   0.014924   0.064642   0.000791
     20      -0.004466   0.001661   0.004415   0.138033   0.688975   0.011725
     21       0.022430   0.026763   0.001404   0.005501   0.041783  -0.006542
     22       0.002231  -0.026348  -0.002892  -0.078723  -0.558516   0.003311
     23      -0.001357   0.177278  -0.001108  -0.024507  -0.154333   0.001760
     24      -0.066524  -0.092112  -0.010170   0.006853   0.020820   0.093873
     25      -0.020743  -0.012734  -0.010268   0.006161   0.026880   0.114490
     26       0.024576   0.031814  -0.040894   0.027917   0.123299   0.488998
     27      -0.013578  -0.025378   0.036065  -0.049644   0.172222   0.295070
     28      -0.040600  -0.065518   0.017585  -0.023704   0.110535   0.183773
     29      -0.064014  -0.091166  -0.029332   0.040224  -0.149392  -0.255999
     30      -0.455931  -0.450174   0.070554  -0.064806   0.007340  -0.001056
     31       0.168899   0.098245   0.164538  -0.169312   0.018605  -0.008227
     32      -0.021119  -0.017170   0.617185  -0.659805   0.069905  -0.022982
     33      -0.081092  -0.092219  -0.182492   0.192368  -0.049999  -0.078868
     34       0.160561   0.110622   0.062914  -0.064562   0.018381   0.026466
     35       0.463632   0.452429  -0.077901   0.076883  -0.018492  -0.028421
     36      -0.387033   0.398099  -0.064424  -0.069882   0.007519   0.003162
     37      -0.263560   0.193794  -0.175888  -0.158129   0.019263   0.008400
     38       0.134459  -0.131345  -0.667304  -0.611710   0.072229   0.021456
     39      -0.162564   0.180803  -0.145950  -0.133686   0.037928  -0.068913
     40      -0.187838   0.141616  -0.104468  -0.093057   0.028106  -0.047681
     41      -0.431144   0.416231   0.128042   0.111262  -0.030190   0.053458
     42      -0.071460   0.097704  -0.001048  -0.000303   0.006534  -0.015530
     43       0.004465   0.008541   0.009977   0.005283   0.024214  -0.116925
     44      -0.005503   0.006289   0.047425   0.028755   0.119927  -0.553435
     45      -0.004376   0.014296   0.046237   0.054563  -0.215245   0.406625
     46       0.038119  -0.061030  -0.008251  -0.009312   0.063237  -0.113569
     47       0.064431  -0.096432   0.018652   0.021937  -0.091873   0.174286
                 42         43         44         45         46         47    
      0       0.004517  -0.000498  -0.000442   0.000924  -0.000812   0.002051
      1      -0.001565   0.063648  -0.001450   0.001972   0.000629   0.025252
      2       0.031825   0.049318  -0.001037   0.008747   0.000510   0.036340
      3      -0.031272   0.017904   0.014048  -0.013704  -0.018227  -0.014364
      4      -0.024097   0.010537   0.007693  -0.007615  -0.007866  -0.004672
      5      -0.024961  -0.023625  -0.022178   0.018671   0.056560   0.051981
      6       0.006667  -0.004357   0.045328  -0.050076   0.022652   0.014494
      7       0.000813  -0.000425  -0.013847   0.014901  -0.004884  -0.002447
      8       0.008483  -0.006352   0.028324  -0.028945   0.020967   0.016114
      9       0.000041   0.000026   0.000016   0.000042   0.000383  -0.000069
     10      -0.000073   0.000013  -0.000010  -0.000358   0.000059   0.000069
     11       0.000299   0.000207  -0.000000  -0.000158  -0.000045  -0.000394
     12      -0.004017   0.003664   0.034101   0.035854   0.011436  -0.008543
     13      -0.000495   0.001173   0.023897   0.024218   0.006843  -0.004802
     14       0.009180  -0.008336  -0.040700  -0.040599  -0.021871   0.018889
     15       0.024589  -0.024145   0.022152   0.015438  -0.035542   0.029922
     16      -0.015661   0.005698  -0.004419  -0.003640   0.002819  -0.000341
     17      -0.031195  -0.015880   0.017259   0.008545  -0.049311   0.047496
     18      -0.049739  -0.053317   0.001516  -0.011632  -0.004526  -0.045752
     19      -0.030501  -0.027941   0.000650  -0.007687  -0.000624  -0.024135
     20      -0.394929  -0.420205   0.009519  -0.091453  -0.002722  -0.360795
     21      -0.002857   0.057363  -0.000110   0.002177   0.002639   0.022219
     22       0.039860  -0.728144   0.015922  -0.025094  -0.007696  -0.280306
     23       0.014043  -0.179912   0.003747  -0.005402  -0.002246  -0.068506
     24       0.103764   0.021541   0.025631  -0.019954  -0.087838  -0.089327
     25       0.122775   0.027220   0.028487  -0.020717  -0.104471  -0.100283
     26       0.523019   0.099366   0.115801  -0.086111  -0.417613  -0.408266
     27       0.260821  -0.231391  -0.190963   0.177389   0.314812   0.260904
     28       0.158805  -0.144096  -0.120937   0.112081   0.195986   0.161042
     29      -0.223944   0.190904   0.157867  -0.146406  -0.257349  -0.213353
     30      -0.006158   0.004695  -0.011264   0.008585  -0.014182  -0.010072
     31      -0.023029   0.013748  -0.043474   0.043458  -0.044394  -0.038406
     32      -0.077674   0.053166  -0.143282   0.146165  -0.146763  -0.127151
     33      -0.071909   0.050112  -0.527609   0.567693  -0.260026  -0.163132
     34       0.023509  -0.018151   0.202150  -0.217029   0.100516   0.063646
     35      -0.025915   0.017716  -0.193435   0.209791  -0.095442  -0.061286
     36      -0.008737   0.006780   0.018180   0.020807   0.012919  -0.015169
     37      -0.021360   0.014615   0.046106   0.045813   0.039159  -0.038664
     38      -0.070373   0.054765   0.148130   0.147806   0.128991  -0.125174
     39       0.052678  -0.052210  -0.423964  -0.427602  -0.157549   0.119413
     40       0.035820  -0.038427  -0.323356  -0.325870  -0.121014   0.092561
     41      -0.040816   0.040468   0.336226   0.340838   0.124883  -0.096548
     42       0.010922  -0.000464   0.000295   0.001217   0.003314  -0.000597
     43       0.104358   0.020861  -0.023717  -0.007585   0.092604  -0.091713
     44       0.496432   0.084304  -0.110081  -0.039813   0.417609  -0.426099
     45      -0.295204   0.285042  -0.264512  -0.181540   0.428565  -0.358141
     46       0.079511  -0.080671   0.076839   0.052796  -0.121694   0.100367
     47      -0.125141   0.114230  -0.106043  -0.072782   0.169690  -0.142001
# -----------------------------------------------------------
$ THERMOCHEMISTRY_Energies
   description: The Thermochemistry energies
   geom. index: 1
   prop. index: 1
        Temperature (Kelvin)           :        298.1500000000
        Pressure (atm)                 :          1.0000000000
        Total Mass (AMU)               :         86.1340000000
        Spin Degeneracy                :          1.0000000000
        Electronic Energy (Hartree)    :       -271.9164152622
        Translational Energy (Hartree) :          0.0014162714
        Rotational Energy (Hartree)    :          0.0014162714
        Vibrational Energy (Hartree)   :          0.0022853045
        Number of frequencies          :     48      
        Scaling Factor for frequencies :          1.0000000000
        Vibrational frequencies        :     
                  0    
      0       0.000000
      1       0.000000
      2       0.000000
      3       0.000000
      4       0.000000
      5       0.000000
      6     296.728296
      7     296.965493
      8     444.555979
      9     465.514430
     10     486.487523
     11     622.454468
     12     860.171452
     13     877.319799
     14     914.316562
     15     916.416974
     16     931.367857
     17     1030.033105
     18     1051.281147
     19     1075.728327
     20     1105.466856
     21     1173.636923
     22     1204.745105
     23     1222.792073
     24     1265.504561
     25     1317.811185
     26     1328.734029
     27     1347.015405
     28     1390.465513
     29     1425.595832
     30     1427.569730
     31     1434.616648
     32     1456.285155
     33     1500.396885
     34     1504.675421
     35     1522.471905
     36     1524.085035
     37     1542.227127
     38     2924.119662
     39     2930.854828
     40     2941.308055
     41     2950.573545
     42     2952.565360
     43     2988.574794
     44     2994.853072
     45     2997.669068
     46     3001.922769
     47     3009.151525
        Zero Point Energy (Hartree)    :          0.1472949952
        Inner Energy (Hartree)         :       -271.7640024196
        Enthalpy (Hartree)             :       -271.7630582106
        Electronic entropy             :          0.0000000000
        Rotational entropy             :          0.0124383656
        Vibrational entropy            :          0.0032807225
        Translational entropy          :          0.0124383656
        Entropy                        :          0.0343789292
        Gibbs Energy (Hartree)         :       -271.7974371398
        Is Linear                      :                 false
# -----------------------------------------------------------
$ PAL_Flags
   description: The PAL Flags
   geom. index: 2
   prop. index: 1
        Diskflag:     2
# -----------------------------------------------------------
$ SCF_Energy
   description: The SCF energy
   geom. index: 2
   prop. index: 1
        SCF Energy:     -271.8960343164
# -----------------------------------------------------------
$ DFT_Energy
   description: The DFT energy
   geom. index: 2
   prop. index: 1
   Number of Alpha Electrons                 24.0000257546 
   Number of Beta  Electrons                 24.0000257546 
   Total number of  Electrons                48.0000515092 
   Exchange energy                          -25.1073006280 
   Correlation energy                        -1.9556635705 
   Correlation energy NL                      0.0000000000 
   Exchange-Correlation energy              -27.0629641986 
   Embedding correction                       0.0000000000 
   Total DFT Energy (No VdW correction)    -271.8960343164 
# -----------------------------------------------------------
$ VdW_Correction
   description: The Van der Waals Correction
   geom. index: 2
   prop. index: 1
        Van der Waals Correction:       -0.0229677267
# -----------------------------------------------------------
$ PAL_Flags
   description: The PAL Flags
   geom. index: 3
   prop. index: 1
        Diskflag:     2
# -----------------------------------------------------------
$ SCF_Energy
   description: The SCF energy
   geom. index: 3
   prop. index: 1
        SCF Energy:     -271.8960910387
# -----------------------------------------------------------
$ DFT_Energy
   description: The DFT energy
   geom. index: 3
   prop. index: 1
   Number of Alpha Electrons                 24.0000216807 
   Number of Beta  Electrons                 24.0000216807 
   Total number of  Electrons                48.0000433614 
   Exchange energy                          -25.1056708712 
   Correlation energy                        -1.9555526179 
   Correlation energy NL                      0.0000000000 
   Exchange-Correlation energy              -27.0612234892 
   Embedding correction                       0.0000000000 
   Total DFT Energy (No VdW correction)    -271.8960910387 
# -----------------------------------------------------------
$ VdW_Correction
   description: The Van der Waals Correction
   geom. index: 3
   prop. index: 1
        Van der Waals Correction:       -0.0229772401
# -----------------------------------------------------------
$ PAL_Flags
   description: The PAL Flags
   geom. index: 4
   prop. index: 1
        Diskflag:     2
# -----------------------------------------------------------
$ SCF_Energy
   description: The SCF energy
   geom. index: 4
   prop. index: 1
        SCF Energy:     -271.8960896257
# -----------------------------------------------------------
$ DFT_Energy
   description: The DFT energy
   geom. index: 4
   prop. index: 1
   Number of Alpha Electrons                 24.0000196945 
   Number of Beta  Electrons                 24.0000196945 
   Total number of  Electrons                48.0000393889 
   Exchange energy                          -25.1052218846 
   Correlation energy                        -1.9555265882 
   Correlation energy NL                      0.0000000000 
   Exchange-Correlation energy              -27.0607484729 
   Embedding correction                       0.0000000000 
   Total DFT Energy (No VdW correction)    -271.8960896257 
# -----------------------------------------------------------
$ VdW_Correction
   description: The Van der Waals Correction
   geom. index: 4
   prop. index: 1
        Van der Waals Correction:       -0.0229843780
# -----------------------------------------------------------
$ PAL_Flags
   description: The PAL Flags
   geom. index: 5
   prop. index: 1
        Diskflag:     2
# -----------------------------------------------------------
$ SCF_Energy
   description: The SCF energy
   geom. index: 5
   prop. index: 1
        SCF Energy:     -271.8960898583
# -----------------------------------------------------------
$ DFT_Energy
   description: The DFT energy
   geom. index: 5
   prop. index: 1
   Number of Alpha Electrons                 24.0000195334 
   Number of Beta  Electrons                 24.0000195334 
   Total number of  Electrons                48.0000390668 
   Exchange energy                          -25.1052636536 
   Correlation energy                        -1.9555283749 
   Correlation energy NL                      0.0000000000 
   Exchange-Correlation energy              -27.0607920285 
   Embedding correction                       0.0000000000 
   Total DFT Energy (No VdW correction)    -271.8960898583 
# -----------------------------------------------------------
$ Mayer_Pop
   description: The Mayer population analysis
   geom. index: 5
   prop. index: 1
     Number of atoms                     : 16
     Threshold for printing              : 0.1000000
     Number of bond orders printed       : 16
  NA   - Mulliken gross atomic population
  ZA   - Total nuclear charge
  QA   - Mulliken gross atomic charge
  VA   - Mayer's total valence
  BVA  - Mayer's bonded valence
  FA   - Mayer's free valence
  ATOM       NA         ZA         QA         VA         BVA        FA
  0   0     6.3153     6.0000    -0.3153     3.7442     3.7442     0.0000
  1   0     6.2741     6.0000    -0.2741     3.6076     3.6076     0.0000
  2   0     6.1603     6.0000    -0.1603     3.7807     3.7807     0.0000
  3   0     8.3274     8.0000    -0.3274     1.5260     1.5260     0.0000
  4   0     6.1598     6.0000    -0.1598     3.7802     3.7802     0.0000
  5   0     6.2746     6.0000    -0.2746     3.6086     3.6086    -0.0000
  6   0     0.8405     1.0000     0.1595     0.9340     0.9340    -0.0000
  7   0     0.8456     1.0000     0.1544     0.9418     0.9418    -0.0000
  8   0     0.8361     1.0000     0.1639     0.9297     0.9297     0.0000
  9   0     0.8564     1.0000     0.1436     0.9589     0.9589    -0.0000
 10   0     0.8701     1.0000     0.1299     0.9384     0.9384     0.0000
 11   0     0.8384     1.0000     0.1616     0.9286     0.9286     0.0000
 12   0     0.8702     1.0000     0.1298     0.9383     0.9383     0.0000
 13   0     0.8385     1.0000     0.1615     0.9287     0.9287    -0.0000
 14   0     0.8359     1.0000     0.1641     0.9296     0.9296    -0.0000
 15   0     0.8566     1.0000     0.1434     0.9590     0.9590     0.0000
      Bond orders larger than 0.1000000
           Atom A     A.N. of A          Atom B    A.N. of B              Bond order
                0             6               1            6                0.921763
                0             6               5            6                0.921873
                0             6               6            1                0.996302
                0             6               7            1                0.959093
                1             6               2            6                0.943978
                1             6               8            1                0.968089
                1             6               9            1                0.947497
                2             6               3            8                0.863988
                2             6              10            1                0.972100
                2             6              11            1                0.993358
                3             8               4            6                0.863719
                4             6               5            6                0.943851
                4             6              12            1                0.971762
                4             6              13            1                0.993556
                5             6              14            1                0.968408
                5             6              15            1                0.947491
# -----------------------------------------------------------
$ VdW_Correction
   description: The Van der Waals Correction
   geom. index: 5
   prop. index: 1
        Van der Waals Correction:       -0.0229841181
# -----------------------------------------------------------
$ SCF_Electric_Properties
   description: The SCF Calculated Electric Properties
   geom. index: 5
   prop. index: 1
       Filename                          : file.scfp 
       Do Dipole Moment Calculation      : true 
       Do Quadrupole Moment Calculation  : false 
       Do Polarizability Calculation     : false 
** Dipole moment part of electric properties **
        Magnitude of dipole moment (Debye) :        1.6641371220
        Electronic Contribution:
                  0    
      0       0.485291
      1      -2.726884
      2       1.343723
        Nuclear Contribution:
                  0    
      0      -0.594486
      1       3.246921
      2      -1.726189
        Total Dipole moment:
                  0    
      0      -0.109195
      1       0.520038
      2      -0.382467
# -------------------------------------------------------------
----------------------- !GEOMETRIES! ------------------------
# -------------------------------------------------------------
------------------------ !GEOMETRY! -------------------------
    Number of atoms:    16 
    Geometry Index:     1 
    Coordinates:
               0 C     -0.179400000000    1.184800000000   -0.346300000000
               1 C      1.206000000000    0.660600000000    0.037500000000
               2 C      1.256400000000   -0.863000000000   -0.134300000000
               3 O      0.253700000000   -1.492700000000    0.642700000000
               4 C     -1.029000000000   -1.119100000000    0.173100000000
               5 C     -1.268200000000    0.383300000000    0.370200000000
               6 H     -0.317300000000    1.095000000000   -1.446500000000
               7 H     -0.263100000000    2.258800000000   -0.073700000000
               8 H      1.422000000000    0.919600000000    1.097200000000
               9 H      1.977700000000    1.137000000000   -0.604600000000
              10 H      1.165900000000   -1.141100000000   -1.209400000000
              11 H      2.247400000000   -1.224700000000    0.212000000000
              12 H     -1.163900000000   -1.402300000000   -0.896100000000
              13 H     -1.792000000000   -1.677400000000    0.755300000000
              14 H     -1.251100000000    0.620000000000    1.456700000000
              15 H     -2.265100000000    0.661400000000   -0.034000000000
------------------------ !GEOMETRY! -------------------------
    Number of atoms:    16 
    Geometry Index:     2 
    Coordinates:
               0 C     -0.181051840682    1.189599400262   -0.354601094733
               1 C      1.207314753669    0.665947300456    0.036782353747
               2 C      1.268448622930   -0.851871370174   -0.132697071969
               3 O      0.250939728999   -1.502558631351    0.614735015875
               4 C     -1.042402036232   -1.110789527123    0.177750541636
               5 C     -1.270747856134    0.388275221197    0.370238032284
               6 H     -0.316176497943    1.090209596661   -1.441086156230
               7 H     -0.268488890660    2.255626967717   -0.116019867587
               8 H      1.416613373254    0.914023734039    1.085001430986
               9 H      1.985936930835    1.134370689976   -0.577872295535
              10 H      1.166333513832   -1.116611660883   -1.200155586769
              11 H      2.219986473715   -1.252831506231    0.226140640323
              12 H     -1.167093408182   -1.377558112322   -0.886791208582
              13 H     -1.756512559709   -1.698719820984    0.760291177200
              14 H     -1.247604176994    0.615131290548    1.443595049821
              15 H     -2.265496130697    0.657956428213   -0.005510960470
------------------------ !GEOMETRY! -------------------------
    Number of atoms:    16 
    Geometry Index:     3 
    Coordinates:
               0 C     -0.181469612492    1.186561549663   -0.359719916020
               1 C      1.205375387495    0.667756410072    0.041082799321
               2 C      1.270832521438   -0.849163476621   -0.135350260998
               3 O      0.249631036144   -1.507493088379    0.602515138590
               4 C     -1.046049532019   -1.108656550040    0.175556273086
               5 C     -1.268164177906    0.390572863253    0.374159215234
               6 H     -0.314440619410    1.068379966930   -1.445060367830
               7 H     -0.272157786873    2.257105318417   -0.141708288641
               8 H      1.404193062829    0.910292086887    1.093068400972
               9 H      1.990298593229    1.141464080600   -0.561943753787
              10 H      1.173086060295   -1.108053609214   -1.204748787144
              11 H      2.218882051146   -1.255567163467    0.229239840231
              12 H     -1.176119908842   -1.370304810666   -0.889700742263
              13 H     -1.754412196585   -1.701219666151    0.762070452139
              14 H     -1.232392090439    0.613976163801    1.448339972332
              15 H     -2.267092788009    0.664549924914    0.012000024777
------------------------ !GEOMETRY! -------------------------
    Number of atoms:    16 
    Geometry Index:     4 
    Coordinates:
               0 C     -0.181696158295    1.185057705582   -0.362512811952
               1 C      1.204226239317    0.668330047877    0.043292848086
               2 C      1.271728944402   -0.848192438523   -0.136900203564
               3 O      0.249021501106   -1.509866245780    0.596553387058
               4 C     -1.047541645006   -1.107930059758    0.174206242976
               5 C     -1.266633985684    0.391435597794    0.376063440238
               6 H     -0.313520594904    1.057282433704   -1.447044452139
               7 H     -0.273813954452    2.257492359077   -0.153928835786
               8 H      1.396319577508    0.907773323910    1.097348189549
               9 H      1.992167471111    1.144947629954   -0.553654895066
              10 H      1.178096534166   -1.104192244697   -1.207386304291
              11 H      2.218709281123   -1.254846239484    0.230476023521
              12 H     -1.182223351406   -1.367605560776   -0.890990327076
              13 H     -1.754224498648   -1.700485370733    0.762943832603
              14 H     -1.223108656500    0.613131219769    1.450434125572
              15 H     -2.267506703838    0.667867842084    0.020899740272
------------------------ !GEOMETRY! -------------------------
    Number of atoms:    16 
    Geometry Index:     5 
    Coordinates:
               0 C     -0.181712253212    1.185084173001   -0.362644843018
               1 C      1.204178386266    0.668280099963    0.043263409381
               2 C      1.271767865720   -0.848228813538   -0.136996521294
               3 O      0.248997049977   -1.510018961318    0.596182374909
               4 C     -1.047588516306   -1.107982527285    0.174139054010
               5 C     -1.266586712531    0.391394872115    0.376004122990
               6 H     -0.313523472189    1.057275952551   -1.447163767969
               7 H     -0.273815900559    2.257502050916   -0.154003368773
               8 H      1.395854459040    0.907563782696    1.097423906233
               9 H      1.992277392527    1.144987378882   -0.553390259185
              10 H      1.178706231049   -1.104191484884   -1.207520533025
              11 H      2.218785685230   -1.254481999594    0.230694088653
              12 H     -1.182849570726   -1.367785221003   -0.890932334212
              13 H     -1.754304267579   -1.700123605479    0.763233442814
              14 H     -1.222641490787    0.613039080849    1.450362503787
              15 H     -2.267544885918    0.667885222129    0.021148724699
