    45
     1   -2.157098   -3.156486   -1.705279      1
     2   -5.374593   -1.959667    1.084448      1
     3    4.044772   -2.697918    0.720612      1
     4    3.081159   -2.953369   -2.454772      1
     5   -0.165533   -0.536733    2.076512      1
     6    0.937234   -0.248229    3.545900      1
     7   -2.774469   -1.232577   -1.952281      1
     8    3.390800   -1.668391   -0.913685      1
     9   -3.308891    0.520373    4.168009      1
    10   -4.379486   -0.365436    0.309053      1
    11   -3.785680   -1.100541   -3.701984      1
    12   -2.588598    0.785657    2.290751      1
    13    1.144160    0.083240   -0.251438      1
    14   -5.755788    1.013721   -0.266953      1
    15   -0.635284    0.388897   -2.215013      1
    16    4.918761    0.584795   -1.572642      1
    17    6.624819    0.620222   -0.828254      1
    18   -2.398954    2.796559    1.976843      1
    19    3.063203    2.299243   -0.365226      1
    20    3.589474    2.953088    1.495865      1
    21    2.509190    3.873131   -1.518747      1
    22   -2.375974   -2.460801   -1.790146      2
    23   -5.002912   -1.372298    0.798455      2
    24    3.807324   -2.310062    0.122382      2
    25    3.192970   -2.486038   -1.895073      2
    26    0.676288   -0.308015    3.193621      2
    27   -3.583433   -0.790690   -0.809227      2
    28   -3.423300   -1.143526   -3.070474      2
    29   -3.043054    0.613306    3.481537      2
    30   -3.490485    0.203683    1.291362      2
    31   -1.621841    0.287381    2.204752      2
    32    2.230457   -0.855058   -0.578589      2
    33   -2.038866   -0.694965   -2.010729      2
    34   -1.590554   -0.145028    0.071321      3
    35    0.612485   -0.141938    0.695587      2
    36   -5.243408    0.506122   -0.055687      2
    37    4.052268   -0.763982   -1.170549      2
    38    0.518819    0.163399   -0.904501      2
    39    3.101231    0.318672   -0.734231      3
    40   -2.464369    2.058657    2.087958      2
    41    2.056640    1.244892   -0.281585      2
    42    6.209884    0.610070   -0.997678      2
    43    3.858486    1.613748   -0.841611      2
    44    3.397606    2.701910    0.807733      2
    45    2.709180    3.305170   -1.102271      2
