    35
     1   -1.336625   -3.403796    1.835441      1
     2    2.887839   -3.198424   -0.549571      1
     3   -1.747529   -1.460481    1.404286      1
     4   -2.389579   -0.514686    3.097642      1
     5   -3.402439   -1.076728   -0.818805      1
     6   -5.181156   -0.666197   -0.444310      1
     7    2.641166   -1.251785   -1.084391      1
     8    0.321872    0.072887    0.051894      1
     9    2.854808   -1.057560   -3.097850      1
    10    4.347466    0.394210    0.273927      1
    11    2.276409    1.606518    3.428180      1
    12   -1.809704    1.063800   -1.660513      1
    13    2.261033    1.745875    1.397303      1
    14   -1.447202    1.119937   -3.659708      1
    15   -2.474125    2.894461   -1.042921      1
    16    2.248782    3.706107    0.847164      1
    17   -1.484963   -2.694932    1.676602      2
    18    2.798104   -2.494153   -0.738170      2
    19   -2.156672   -0.857529    2.469779      2
    20   -2.465201   -1.308184    0.519863      2
    21   -4.750547   -0.757270   -0.528129      2
    22   -0.658109   -0.711244    0.775752      2
    23   -1.637620   -0.319034   -0.230277      3
    24    1.424939   -0.628750   -0.547950      2
    25    2.776860   -1.122958   -2.370072      2
    26    3.234676   -0.671867   -0.605841      2
    27   -2.502581    0.211067   -1.324542      2
    28    2.357844    0.235294    0.155452      3
    29   -0.690897    0.612944   -0.831591      2
    30    1.225921    0.936385    0.747561      2
    31    2.270370    1.652963    2.692488      2
    32    2.990263    1.269244    1.001119      2
    33   -1.577849    1.098023   -2.930139      2
    34   -2.232773    2.217100   -1.264126      2
    35    2.252723    2.995087    1.042484      2
