-------------------------------------------------------------
----------------------- !PROPERTIES! ------------------------
-------------------------------------------------------------
# -----------------------------------------------------------
$ PAL_Flags
   description: The PAL Flags
   geom. index: 1
   prop. index: 1
        Diskflag:     2
# -----------------------------------------------------------
$ SCF_Energy
   description: The SCF energy
   geom. index: 1
   prop. index: 1
        SCF Energy:     -325.9639358658
# -----------------------------------------------------------
$ DFT_Energy
   description: The DFT energy
   geom. index: 1
   prop. index: 1
   Number of Alpha Electrons                 27.0000365815 
   Number of Beta  Electrons                 27.0000365815 
   Total number of  Electrons                54.0000731630 
   Exchange energy                          -29.5543728975 
   Correlation energy                        -2.2398688941 
   Correlation energy NL                      0.0000000000 
   Exchange-Correlation energy              -31.7942417916 
   Embedding correction                       0.0000000000 
   Total DFT Energy (No VdW correction)    -325.9639358658 
# -----------------------------------------------------------
$ Mayer_Pop
   description: The Mayer population analysis
   geom. index: 1
   prop. index: 1
     Number of atoms                     : 16
     Threshold for printing              : 0.1000000
     Number of bond orders printed       : 17
  NA   - Mulliken gross atomic population
  ZA   - Total nuclear charge
  QA   - Mulliken gross atomic charge
  VA   - Mayer's total valence
  BVA  - Mayer's bonded valence
  FA   - Mayer's free valence
  ATOM       NA         ZA         QA         VA         BVA        FA
  0   0     6.3364     6.0000    -0.3364     3.9234     3.9234     0.0000
  1   0     7.3726     7.0000    -0.3726     2.6302     2.6302     0.0000
  2   0     6.3372     6.0000    -0.3372     3.9236     3.9236     0.0000
  3   0     5.9244     6.0000     0.0756     3.2177     3.2177    -0.0000
  4   0     6.0634     6.0000    -0.0634     3.7290     3.7290    -0.0000
  5   0     8.3863     8.0000    -0.3863     1.5883     1.5883    -0.0000
  6   0     6.0531     6.0000    -0.0531     3.6960     3.6960     0.0000
  7   0     0.8580     1.0000     0.1420     0.9443     0.9443     0.0000
  8   0     0.8305     1.0000     0.1695     0.9022     0.9022     0.0000
  9   0     0.7097     1.0000     0.2903     0.8608     0.8608     0.0000
 10   0     0.8304     1.0000     0.1696     0.9022     0.9022     0.0000
 11   0     0.8579     1.0000     0.1421     0.9441     0.9441    -0.0000
 12   0     0.8606     1.0000     0.1394     0.9209     0.9209    -0.0000
 13   0     0.8605     1.0000     0.1395     0.9210     0.9210    -0.0000
 14   0     0.8594     1.0000     0.1406     0.9295     0.9295     0.0000
 15   0     0.8596     1.0000     0.1404     0.9296     0.9296     0.0000
      Bond orders larger than 0.1000000
           Atom A     A.N. of A          Atom B    A.N. of B              Bond order
                0             6               1            7                0.942923
                0             6               3            6                0.862582
                0             6               7            1                0.963329
                0             6               8            1                0.980986
                1             7               2            6                0.942610
                1             7               9            1                0.881932
                2             6               3            6                0.862327
                2             6              10            1                0.981048
                2             6              11            1                0.963405
                3             6               4            6                0.871690
                3             6               6            6                0.870852
                4             6               5            8                0.806553
                4             6              12            1                0.970946
                4             6              13            1                0.970620
                5             8               6            6                0.807926
                6             6              14            1                0.977724
                6             6              15            1                0.977778
# -----------------------------------------------------------
$ VdW_Correction
   description: The Van der Waals Correction
   geom. index: 1
   prop. index: 1
        Van der Waals Correction:       -0.0247416663
# -----------------------------------------------------------
$ Hessian
   description: Details about the Hessian
   geom. index: 1
   prop. index: 1
Normal modes:
Number of Rows: 48 Number of Columns: 48
                  0          1          2          3          4          5    
      0       0.000000   0.000000   0.000000   0.000000   0.000000   0.000000
      1       0.000000   0.000000   0.000000   0.000000   0.000000   0.000000
      2       0.000000   0.000000   0.000000   0.000000   0.000000   0.000000
      3       0.000000   0.000000   0.000000   0.000000   0.000000   0.000000
      4       0.000000   0.000000   0.000000   0.000000   0.000000   0.000000
      5       0.000000   0.000000   0.000000   0.000000   0.000000   0.000000
      6       0.000000   0.000000   0.000000   0.000000   0.000000   0.000000
      7       0.000000   0.000000   0.000000   0.000000   0.000000   0.000000
      8       0.000000   0.000000   0.000000   0.000000   0.000000   0.000000
      9       0.000000   0.000000   0.000000   0.000000   0.000000   0.000000
     10       0.000000   0.000000   0.000000   0.000000   0.000000   0.000000
     11       0.000000   0.000000   0.000000   0.000000   0.000000   0.000000
     12       0.000000   0.000000   0.000000   0.000000   0.000000   0.000000
     13       0.000000   0.000000   0.000000   0.000000   0.000000   0.000000
     14       0.000000   0.000000   0.000000   0.000000   0.000000   0.000000
     15       0.000000   0.000000   0.000000   0.000000   0.000000   0.000000
     16       0.000000   0.000000   0.000000   0.000000   0.000000   0.000000
     17       0.000000   0.000000   0.000000   0.000000   0.000000   0.000000
     18       0.000000   0.000000   0.000000   0.000000   0.000000   0.000000
     19       0.000000   0.000000   0.000000   0.000000   0.000000   0.000000
     20       0.000000   0.000000   0.000000   0.000000   0.000000   0.000000
     21       0.000000   0.000000   0.000000   0.000000   0.000000   0.000000
     22       0.000000   0.000000   0.000000   0.000000   0.000000   0.000000
     23       0.000000   0.000000   0.000000   0.000000   0.000000   0.000000
     24       0.000000   0.000000   0.000000   0.000000   0.000000   0.000000
     25       0.000000   0.000000   0.000000   0.000000   0.000000   0.000000
     26       0.000000   0.000000   0.000000   0.000000   0.000000   0.000000
     27       0.000000   0.000000   0.000000   0.000000   0.000000   0.000000
     28       0.000000   0.000000   0.000000   0.000000   0.000000   0.000000
     29       0.000000   0.000000   0.000000   0.000000   0.000000   0.000000
     30       0.000000   0.000000   0.000000   0.000000   0.000000   0.000000
     31       0.000000   0.000000   0.000000   0.000000   0.000000   0.000000
     32       0.000000   0.000000   0.000000   0.000000   0.000000   0.000000
     33       0.000000   0.000000   0.000000   0.000000   0.000000   0.000000
     34       0.000000   0.000000   0.000000   0.000000   0.000000   0.000000
     35       0.000000   0.000000   0.000000   0.000000   0.000000   0.000000
     36       0.000000   0.000000   0.000000   0.000000   0.000000   0.000000
     37       0.000000   0.000000   0.000000   0.000000   0.000000   0.000000
     38       0.000000   0.000000   0.000000   0.000000   0.000000   0.000000
     39       0.000000   0.000000   0.000000   0.000000   0.000000   0.000000
     40       0.000000   0.000000   0.000000   0.000000   0.000000   0.000000
     41       0.000000   0.000000   0.000000   0.000000   0.000000   0.000000
     42       0.000000   0.000000   0.000000   0.000000   0.000000   0.000000
     43       0.000000   0.000000   0.000000   0.000000   0.000000   0.000000
     44       0.000000   0.000000   0.000000   0.000000   0.000000   0.000000
     45       0.000000   0.000000   0.000000   0.000000   0.000000   0.000000
     46       0.000000   0.000000   0.000000   0.000000   0.000000   0.000000
     47       0.000000   0.000000   0.000000   0.000000   0.000000   0.000000
                  6          7          8          9         10         11    
      0       0.104740  -0.017388  -0.027838   0.010240   0.131754   0.221187
      1       0.008676   0.093741   0.118295  -0.087947  -0.032782   0.064888
      2       0.025156   0.073604   0.093363  -0.058642   0.083588  -0.035897
      3      -0.001516   0.051348  -0.000023  -0.025031  -0.000937   0.294181
      4       0.059402  -0.206432   0.000842  -0.003544   0.040372   0.045423
      5      -0.070462  -0.171522  -0.000938  -0.002536  -0.048961   0.031750
      6      -0.104091  -0.017861   0.027706   0.009671  -0.129161   0.223207
      7      -0.028940   0.089584  -0.113675  -0.074387  -0.078195  -0.018637
      8      -0.001782   0.078334  -0.098947  -0.075401   0.051247   0.065391
      9       0.002115  -0.021757  -0.000018  -0.030262   0.002751  -0.014032
     10      -0.086074   0.088007   0.000578   0.140740  -0.115870   0.016661
     11       0.103602   0.073475  -0.000843   0.116858   0.140299   0.013984
     12       0.001781   0.093984  -0.002430   0.125771  -0.001721  -0.208636
     13      -0.092372   0.022466   0.100503   0.085398   0.069118   0.020273
     14       0.111754   0.017167  -0.121964   0.067837  -0.083941   0.020712
     15      -0.005116   0.019127   0.000018   0.023313   0.000165  -0.269051
     16       0.209673  -0.061854  -0.000289  -0.042768  -0.006886  -0.049566
     17      -0.253743  -0.052562   0.000407  -0.035836   0.008406  -0.035536
     18       0.002549  -0.094356   0.002466  -0.136381  -0.001544  -0.230412
     19      -0.091065  -0.006421  -0.101300   0.044171   0.069425  -0.066522
     20       0.110380  -0.002896   0.122857   0.039090  -0.084255  -0.050388
     21       0.166518  -0.167801  -0.020693  -0.096766   0.219539   0.251954
     22       0.019045   0.050671   0.103652  -0.087215  -0.017080   0.069594
     23       0.033561   0.297998   0.309774  -0.379724   0.096828  -0.055356
     24       0.163181   0.108293  -0.076712   0.159091   0.211851   0.266237
     25       0.020584   0.344719   0.319465  -0.367305  -0.007052   0.036315
     26       0.029207   0.013331   0.025467   0.045338   0.084879  -0.020485
     27      -0.001242  -0.210053   0.001697   0.112903  -0.001937   0.246708
     28       0.085573  -0.364659  -0.071361   0.082262   0.076774   0.012015
     29      -0.101143  -0.297124   0.086647   0.065551  -0.093287   0.005103
     30      -0.163728   0.113617   0.070996   0.150568  -0.209921   0.267381
     31      -0.036276   0.080683  -0.084523  -0.022820  -0.085977  -0.008075
     32      -0.012980   0.333020  -0.310290  -0.372919   0.028547   0.033273
     33      -0.164574  -0.174561   0.026005  -0.089960  -0.216705   0.254520
     34      -0.041595   0.298488  -0.323181  -0.391446  -0.095362  -0.036333
     35      -0.008384  -0.003174  -0.043255  -0.011104   0.040297   0.073008
     36      -0.199262   0.147269   0.002199   0.215139  -0.089435  -0.223964
     37      -0.035755   0.027755   0.035679   0.092274  -0.028515   0.016245
     38       0.358111   0.020844  -0.335122   0.070296  -0.393037   0.015551
     39       0.206839   0.148416  -0.010819   0.215432   0.080514  -0.224004
     40      -0.341135   0.026773   0.321974   0.091317   0.392756   0.014458
     41       0.098377   0.020358  -0.098792   0.072095  -0.048978   0.018119
     42      -0.108315  -0.149589   0.071354  -0.219511  -0.186748  -0.276415
     43      -0.386619  -0.019901  -0.315336   0.021424   0.349675  -0.072719
     44       0.061327  -0.012180   0.106675   0.023471  -0.079866  -0.056373
     45       0.118324  -0.148992  -0.062643  -0.219313   0.178479  -0.276423
     46       0.015662  -0.018519  -0.045912   0.022973   0.015245  -0.074509
     47       0.388581  -0.011369   0.331415   0.021684  -0.362699  -0.054450
                 12         13         14         15         16         17    
      0       0.092431   0.101209  -0.012435   0.018799   0.068724  -0.054926
      1      -0.128873  -0.051896   0.073581  -0.058561  -0.051400  -0.118389
      2       0.209085   0.096383   0.052091  -0.066273   0.094002   0.086589
      3      -0.239921  -0.127641  -0.000053  -0.033339   0.000289   0.151132
      4      -0.054886  -0.032956   0.006209   0.000638   0.007967   0.061890
      5      -0.040594  -0.024715  -0.007557   0.000976  -0.009624   0.048141
      6       0.085073   0.097905   0.012109   0.017794  -0.066036  -0.059122
      7       0.182334   0.086543  -0.064584  -0.078056  -0.081876   0.061430
      8      -0.168415  -0.071617  -0.062335  -0.044120   0.070980  -0.131514
      9       0.167503  -0.026555   0.000081   0.008225  -0.001830   0.073114
     10       0.029477  -0.001720  -0.003513  -0.067296   0.073627  -0.037510
     11       0.021005  -0.000931   0.004622  -0.057276  -0.087705  -0.032282
     12      -0.012078  -0.083135   0.000763   0.057836  -0.001898  -0.023127
     13       0.133229  -0.149355  -0.038339   0.077469   0.049127   0.051860
     14       0.110053  -0.121519   0.046128   0.061838  -0.061360   0.043336
     15      -0.187685   0.158864  -0.000024  -0.011690   0.000397   0.062807
     16      -0.027888   0.027278   0.000643  -0.003021  -0.010539   0.006883
     17      -0.019338   0.019402  -0.000758  -0.002038   0.012810   0.004447
     18       0.088350  -0.140428  -0.000541  -0.069731  -0.000619  -0.077069
     19      -0.142435   0.108388   0.031482   0.052406   0.061614  -0.002071
     20      -0.119127   0.092027  -0.038498   0.042985  -0.076015  -0.000229
     21       0.177282   0.223788  -0.119629   0.164130   0.125322   0.101226
     22      -0.121970  -0.036893   0.083973  -0.064397  -0.042837  -0.091519
     23       0.217047   0.146768  -0.383187   0.366395   0.078054   0.133508
     24       0.223745   0.232956   0.133737  -0.196835   0.164834  -0.270015
     25      -0.119691  -0.028461  -0.317032   0.318829  -0.056827  -0.148914
     26       0.232789   0.111998   0.188746  -0.207592   0.110486   0.060533
     27       0.037159   0.126449   0.002063   0.283126  -0.004931  -0.535139
     28       0.130456   0.135089  -0.103279   0.198967   0.048114  -0.386419
     29       0.106949   0.109003   0.124623   0.158161  -0.063616  -0.308171
     30       0.215982   0.229572  -0.122332  -0.189978  -0.156748  -0.274148
     31       0.209832   0.108808  -0.126610  -0.149551  -0.097140   0.025895
     32      -0.166969  -0.054386   0.348807   0.360906   0.071792  -0.151449
     33       0.169718   0.219506   0.107993   0.151993  -0.126192   0.096522
     34       0.193047   0.141441   0.360667   0.350846  -0.079345   0.115736
     35      -0.165152  -0.069423  -0.157515  -0.136336   0.063143  -0.117700
     36       0.053269  -0.264929  -0.119539   0.145410   0.226165  -0.064534
     37       0.149887  -0.184212  -0.134490   0.092801   0.170928   0.044690
     38       0.123969  -0.163105  -0.247160   0.076761   0.281485   0.034373
     39       0.052987  -0.264308   0.115672   0.140838  -0.226215  -0.063927
     40       0.151413  -0.200373   0.270060   0.090239  -0.315321   0.041704
     41       0.122202  -0.143589   0.081831   0.071091  -0.110576   0.039053
     42       0.181483  -0.321594   0.163682  -0.116343   0.395008  -0.202809
     43      -0.133936   0.100497  -0.183020   0.039234  -0.284445  -0.016002
     44      -0.112154   0.073001  -0.038780   0.036995  -0.060092  -0.015560
     45       0.181404  -0.321510  -0.160257  -0.125830  -0.387793  -0.202499
     46      -0.132274   0.084898   0.069602   0.044326   0.104645  -0.022037
     47      -0.114436   0.092629   0.175750   0.041267   0.275834  -0.007794
                 18         19         20         21         22         23    
      0       0.046604   0.005128   0.040815   0.203722  -0.002822  -0.022853
      1       0.037513   0.061082   0.102563   0.130182   0.008901  -0.005086
      2      -0.026059   0.043331  -0.097761  -0.139960   0.012626   0.014543
      3      -0.076534   0.000025  -0.141779   0.005193   0.003404  -0.000693
      4       0.001949  -0.002239  -0.025737  -0.226144   0.001868   0.030657
      5       0.003009   0.002737  -0.018749   0.274213   0.001506  -0.037152
      6       0.048043  -0.005229   0.045296  -0.209237  -0.002971   0.023234
      7      -0.017503  -0.054257  -0.075679   0.108532   0.014239  -0.012861
      8       0.040778  -0.051529   0.118466  -0.149411   0.006300   0.007209
      9      -0.044338  -0.000063   0.046186  -0.000233   0.001987   0.000097
     10      -0.042750   0.001545  -0.014506   0.008066  -0.004285  -0.004789
     11      -0.034378  -0.001966  -0.012753  -0.009831  -0.003299   0.005852
     12       0.068715  -0.001611  -0.126199   0.000010  -0.387176   0.000126
     13      -0.017620   0.068251   0.158024  -0.002148   0.184230  -0.005994
     14      -0.015667  -0.082769   0.132748   0.002761   0.159301   0.007253
     15      -0.074593   0.000014   0.211383   0.000124   0.098341   0.000075
     16      -0.013891  -0.001104   0.028168  -0.000939  -0.416774  -0.003019
     17      -0.010025   0.001275   0.019148   0.001201  -0.345379   0.003645
     18       0.006496   0.001421  -0.055895  -0.000562   0.265336  -0.000283
     19       0.071574  -0.060089  -0.157094   0.022661   0.304063   0.012866
     20       0.058796   0.072990  -0.128490  -0.027686   0.245335  -0.015613
     21       0.425068  -0.002877   0.251962   0.392726  -0.085456   0.473594
     22       0.112965   0.077014   0.151660   0.152995  -0.000038   0.091912
     23      -0.089048  -0.240212  -0.185442  -0.021608  -0.017406  -0.011298
     24      -0.019969   0.046813  -0.053732   0.066061   0.061287  -0.466268
     25      -0.103267  -0.216900   0.016729   0.075198   0.002117  -0.166939
     26       0.008452   0.132764  -0.082770  -0.124776   0.027787   0.012702
     27      -0.552505   0.002290  -0.287937   0.007415   0.019352   0.002453
     28      -0.286384  -0.123896  -0.099041  -0.332621   0.011147  -0.105214
     29      -0.225620   0.149533  -0.076421   0.403136   0.008755   0.127514
     30      -0.022001  -0.039650  -0.051218  -0.070273   0.060687   0.469773
     31      -0.011729  -0.089755  -0.079116   0.106760   0.029097   0.028341
     32      -0.102619   0.238956   0.033553  -0.096321  -0.005031   0.155487
     33       0.429195  -0.003420   0.259501  -0.395123  -0.084454  -0.475510
     34      -0.057814   0.220891  -0.148138  -0.015869  -0.018616  -0.015492
     35       0.118087  -0.121140   0.178424  -0.144694   0.005243  -0.081440
     36       0.183784   0.187550  -0.245696   0.003245  -0.185146   0.000037
     37       0.000553   0.204244   0.146360  -0.005866   0.128125  -0.011531
     38      -0.001175   0.333618   0.142796  -0.023634   0.044660  -0.017030
     39       0.183891  -0.183488  -0.245357  -0.003833  -0.180666  -0.000225
     40       0.003556  -0.369962   0.163281   0.024464   0.063736   0.018901
     41      -0.003135  -0.132589   0.122155   0.001479   0.121361   0.008066
     42       0.062412  -0.272624  -0.209481   0.113443   0.141949  -0.011080
     43       0.081960   0.260683  -0.208088  -0.065073   0.132801  -0.066829
     44       0.065847   0.067524  -0.151061  -0.022779   0.171877  -0.025335
     45       0.061915   0.269055  -0.209614  -0.112724   0.141417   0.011827
     46       0.081599  -0.110672  -0.191666   0.032392   0.197713   0.037802
     47       0.066841  -0.249096  -0.170097   0.061907   0.095978   0.060446
                 24         25         26         27         28         29    
      0      -0.001898   0.001998  -0.000998  -0.013400  -0.021926   0.054626
      1       0.007895   0.002376  -0.066209  -0.028456   0.015376   0.012296
      2      -0.012860  -0.003402  -0.057962   0.043090   0.023927  -0.038546
      3      -0.000033   0.000077  -0.014357   0.000403   0.007584  -0.074207
      4       0.000947  -0.003117   0.082517  -0.015688   0.020044   0.036969
      5      -0.001137   0.003733   0.068339   0.018967   0.016371   0.031951
      6       0.001470  -0.002127  -0.000926   0.014877  -0.022298   0.055667
      7       0.011133   0.002910  -0.069525  -0.036580   0.025973  -0.034482
      8      -0.010258  -0.002886  -0.053929   0.035830   0.011057   0.018172
      9       0.000705   0.000124  -0.072984  -0.003880  -0.019882   0.167424
     10      -0.029282  -0.004912   0.081556   0.160938  -0.142803  -0.004310
     11       0.035547   0.005865   0.068625  -0.195177  -0.117407  -0.006959
     12      -0.001038   0.000505  -0.012706   0.000816  -0.043454   0.052197
     13       0.052043  -0.022598  -0.009649  -0.035469   0.022015  -0.017628
     14      -0.063301   0.027391  -0.007677   0.043048   0.018991  -0.015531
     15       0.001057   0.000166   0.024402   0.000116   0.016573  -0.065504
     16      -0.050641  -0.007473  -0.005552  -0.003919   0.026481  -0.005166
     17       0.061656   0.009091  -0.005045   0.004744   0.021520  -0.002995
     18      -0.001015  -0.000821   0.007229   0.000939   0.002811   0.041562
     19       0.041379   0.037003  -0.034578  -0.037481   0.009126   0.039917
     20      -0.050278  -0.044835  -0.028671   0.045430   0.007507   0.032142
     21      -0.069513  -0.043771  -0.013897   0.328052  -0.179779  -0.429940
     22      -0.001969  -0.008047  -0.091468   0.032364  -0.013354  -0.071140
     23      -0.021355   0.003259   0.236895   0.075650  -0.069753  -0.067077
     24      -0.019590   0.027342   0.440469   0.316301   0.458137  -0.036125
     25       0.019360   0.020598   0.268527  -0.018568   0.019623   0.143390
     26      -0.020397  -0.007846  -0.111909   0.081527   0.075591  -0.101673
     27      -0.000016  -0.000087  -0.366819  -0.000980  -0.024873  -0.323901
     28      -0.001452   0.010049  -0.150202   0.050399  -0.006339  -0.117406
     29       0.001724  -0.012049  -0.116751  -0.060958  -0.004790  -0.090446
     30       0.018621  -0.027945   0.447609  -0.314038   0.456997  -0.031082
     31       0.016652   0.003335  -0.050195  -0.082455   0.086730  -0.073137
     32      -0.023308  -0.021261   0.274656   0.040943  -0.005754   0.160974
     33       0.069129   0.043851  -0.020952  -0.326334  -0.177890  -0.429787
     34       0.022738  -0.001040   0.214701  -0.086747  -0.074344  -0.087760
     35      -0.003769   0.007592  -0.134508  -0.009632   0.004437  -0.047089
     36      -0.497920   0.413199  -0.063216  -0.287710   0.395583  -0.195302
     37       0.116377  -0.033363  -0.015672  -0.102746   0.082478  -0.066398
     38       0.249573  -0.095042  -0.012520  -0.133481   0.100055  -0.095943
     39       0.501359  -0.414252  -0.063559   0.286554   0.395347  -0.194235
     40      -0.257782   0.091802  -0.016376   0.156255   0.121459  -0.110408
     41      -0.078390   0.024236  -0.011482   0.068836   0.052725  -0.042310
     42      -0.225395  -0.431473   0.205261  -0.349244  -0.221897  -0.358176
     43      -0.303603  -0.320886  -0.036945   0.063069  -0.035254   0.025992
     44      -0.129536  -0.156963  -0.005508  -0.000620  -0.031517  -0.023174
     45       0.228162   0.433256   0.205138   0.347675  -0.221895  -0.356981
     46       0.189305   0.223375  -0.008354  -0.004848  -0.042028  -0.024721
     47       0.267909   0.274808  -0.039759  -0.070122  -0.023664   0.038041
                 30         31         32         33         34         35    
      0       0.147233  -0.004703  -0.106183   0.010850   0.083213   0.012016
      1      -0.005379   0.021181  -0.000860  -0.035093   0.009640  -0.046827
      2       0.043252   0.019927  -0.008199  -0.028814   0.007024   0.045387
      3      -0.000214  -0.002178   0.034921  -0.001326   0.004901  -0.000132
      4       0.009310   0.002303  -0.012607   0.056937   0.007725   0.005586
      5      -0.011323   0.001948  -0.011059  -0.069064   0.006315  -0.006763
      6      -0.146051  -0.004651  -0.105943  -0.010851   0.083280  -0.009955
      7      -0.044240   0.023524  -0.010239   0.034769   0.010377  -0.035814
      8       0.016916   0.017099   0.003173   0.029238   0.006063   0.054854
      9      -0.001900   0.020793   0.026737  -0.000262  -0.246420  -0.000344
     10       0.078991  -0.115601   0.000757   0.009361  -0.042909   0.008430
     11      -0.095729  -0.095724   0.000159  -0.011370  -0.030503  -0.010259
     12       0.000490   0.124578   0.092934   0.000079   0.099547   0.000096
     13      -0.017886   0.061649   0.017727  -0.002203   0.033185  -0.002035
     14       0.021731   0.048439   0.012794   0.002681   0.025416   0.002556
     15      -0.000031   0.009880  -0.040296   0.000005   0.001927  -0.000012
     16       0.001547  -0.024180  -0.007382  -0.000314  -0.000044   0.000697
     17      -0.001923  -0.020130  -0.005307   0.000374  -0.000075  -0.000832
     18       0.000371  -0.151086   0.093241   0.000050   0.108741   0.000075
     19      -0.016918   0.015178   0.014318  -0.000987   0.000546  -0.001494
     20       0.020501   0.015448   0.009984   0.001198  -0.001671   0.001848
     21      -0.414297  -0.147578   0.365981  -0.082455  -0.219105   0.050717
     22      -0.110704   0.001993   0.095946  -0.077647  -0.079181   0.009470
     23       0.023853  -0.092908  -0.031233   0.186477   0.292328  -0.470669
     24      -0.490488   0.184895   0.291627   0.128941  -0.102390  -0.047019
     25      -0.097442  -0.018975   0.039374  -0.045545  -0.293912   0.473909
     26      -0.000694   0.053335   0.023781  -0.011132   0.085662  -0.133234
     27      -0.000586   0.001579   0.159506   0.013877  -0.038347   0.003430
     28       0.025376   0.003789   0.062037  -0.587696  -0.020018  -0.146363
     29      -0.030773   0.003103   0.047914   0.712682  -0.016462   0.177466
     30       0.491776   0.182847   0.291724  -0.128235  -0.109948   0.034650
     31       0.028574   0.052226   0.036412   0.017194   0.025945   0.041158
     32       0.084071  -0.033159   0.027202   0.045290  -0.301479  -0.491591
     33       0.417045  -0.145674   0.368412   0.088206  -0.227228  -0.062015
     34       0.005722  -0.093601  -0.005161  -0.166432   0.267011   0.459306
     35       0.103647   0.022991   0.091613   0.109778  -0.128253  -0.097864
     36      -0.093870  -0.429852  -0.341077  -0.010942  -0.266297  -0.003659
     37      -0.051854   0.017537  -0.023235  -0.008670   0.059352  -0.007402
     38      -0.071325   0.022500  -0.031840  -0.016332   0.169708  -0.007925
     39       0.092444  -0.430036  -0.340768   0.010573  -0.268976   0.003471
     40       0.081611   0.017335  -0.042225   0.018011   0.172771   0.008904
     41       0.035124   0.022917  -0.008865   0.005164   0.032069   0.005668
     42      -0.117307   0.418290  -0.325415  -0.004730  -0.196622  -0.004582
     43       0.046370   0.147264  -0.051376  -0.009293  -0.236068   0.002265
     44       0.010553   0.119498  -0.063103  -0.002427  -0.084342   0.003090
     45       0.117056   0.418526  -0.325050   0.004698  -0.199290   0.004547
     46      -0.016851   0.153558  -0.078039   0.004186  -0.131699  -0.003621
     47      -0.046087   0.112335  -0.030975   0.008487  -0.211217  -0.002433
                 36         37         38         39         40         41    
      0      -0.000315  -0.033175  -0.012976  -0.005929  -0.004643  -0.004197
      1      -0.000831   0.052808   0.000845   0.034664   0.026510   0.024235
      2      -0.004072  -0.072873  -0.004512  -0.029528  -0.019300  -0.021235
      3      -0.000965  -0.007758  -0.004402  -0.000016   0.001854   0.001837
      4       0.001338  -0.001482  -0.001289   0.000422  -0.000314  -0.000434
      5       0.001120  -0.001062  -0.000974  -0.000507  -0.000293  -0.000395
      6      -0.000245  -0.030470  -0.012863   0.004601  -0.003706  -0.003223
      7      -0.004200  -0.062124  -0.004526   0.022538  -0.014083  -0.016137
      8       0.000017   0.066489   0.001991  -0.039856   0.029945   0.027693
      9       0.003214   0.109535   0.067723   0.000015   0.002047   0.002378
     10       0.011534   0.011633   0.010914  -0.000791   0.001141  -0.000813
     11       0.009459   0.007425   0.007661   0.000975   0.000896  -0.000715
     12      -0.004898  -0.024749  -0.002946   0.000041   0.001982  -0.000256
     13      -0.050938  -0.010722  -0.068812  -0.001691  -0.031274   0.019263
     14      -0.041900  -0.008353  -0.056679   0.001727  -0.025909   0.016034
     15       0.003137  -0.006462  -0.006073   0.000008   0.000894  -0.000195
     16      -0.012673  -0.000324  -0.000559  -0.000144  -0.001608   0.001711
     17      -0.010503  -0.000140  -0.000350   0.000156  -0.001345   0.001419
     18       0.023986  -0.033432  -0.038167   0.000062   0.007680  -0.012903
     19      -0.042362   0.006295   0.064529  -0.001065  -0.014324   0.027853
     20      -0.035417   0.005843   0.053969   0.001132  -0.011877   0.023059
     21       0.002217  -0.024999   0.016344   0.103894   0.072253   0.070944
     22      -0.004089   0.006139   0.007999  -0.549313  -0.394319  -0.373712
     23       0.017170   0.487020  -0.035444  -0.051134  -0.035551  -0.032875
     24      -0.000585   0.119648   0.001258  -0.051055  -0.031274  -0.036109
     25      -0.005065  -0.459330   0.034611   0.134542   0.084367   0.091309
     26      -0.004612   0.108362  -0.011986   0.400671   0.251309   0.273918
     27      -0.006001   0.012609  -0.001376  -0.000069  -0.019003  -0.016608
     28      -0.002152   0.011274   0.001181   0.003599   0.011003   0.009745
     29      -0.001549   0.008957   0.000988  -0.004400   0.009458   0.008344
     30      -0.000527   0.108328   0.002218   0.057871  -0.035718  -0.040316
     31      -0.005463   0.020902  -0.005140  -0.418927   0.264045   0.282768
     32      -0.004612  -0.474365   0.036223  -0.057050   0.035915   0.037917
     33       0.001673  -0.036224   0.017324  -0.094760   0.065883   0.063985
     34       0.016613   0.478964  -0.032929   0.153288  -0.109323  -0.101300
     35      -0.007442  -0.086212   0.014228   0.532784  -0.383870  -0.358959
     36      -0.057909   0.051212  -0.042423  -0.003218  -0.034047   0.017466
     37       0.120723  -0.017873   0.095730   0.018616   0.430057  -0.273901
     38       0.488368  -0.049290   0.468478  -0.006511  -0.144559   0.088867
     39      -0.066896   0.051970  -0.051439   0.002510  -0.022502   0.010239
     40       0.501226  -0.050799   0.477261   0.002306  -0.060593   0.035464
     41       0.026828  -0.009329   0.005745  -0.015015   0.451364  -0.287792
     42      -0.088027   0.036998   0.107983   0.000164  -0.034728   0.056795
     43       0.480014   0.035091  -0.493983   0.001028  -0.033455   0.062613
     44       0.025396   0.019442  -0.000749  -0.009951   0.230216  -0.421606
     45      -0.079387   0.037271   0.098487  -0.000825  -0.040858   0.068052
     46       0.114991   0.026511  -0.093093   0.011944   0.219745  -0.402343
     47       0.468477   0.029892  -0.487343  -0.003746  -0.076138   0.140906
                 42         43         44         45         46         47    
      0      -0.002386   0.009579   0.011265   0.002003   0.005921   0.000692
      1       0.009978  -0.041621  -0.045749  -0.010874  -0.025445   0.006478
      2      -0.006969  -0.040698  -0.047221  -0.008632  -0.024823   0.002305
      3       0.000811  -0.000122  -0.002892  -0.000027  -0.000017  -0.048346
      4      -0.000200   0.000868   0.004284   0.000410   0.000473   0.040523
      5      -0.000182  -0.000726   0.003652  -0.000447  -0.000554   0.034363
      6      -0.002032  -0.008843   0.012210  -0.001861  -0.005960   0.000754
      7      -0.004893   0.043488  -0.058469   0.009939   0.028893   0.003517
      8       0.011126   0.030556  -0.038722   0.008625   0.020223   0.005901
      9      -0.001640   0.000020   0.000536   0.000030  -0.000002   0.000600
     10      -0.000231  -0.000182  -0.000973  -0.000978   0.000081   0.000259
     11      -0.000157   0.000136  -0.000832   0.001185  -0.000104   0.000200
     12      -0.002280  -0.000586   0.000602   0.001247   0.000513  -0.000058
     13       0.032726   0.025868  -0.001334  -0.052553  -0.021712   0.000062
     14       0.027217  -0.031400   0.000202   0.063535   0.026270   0.000048
     15      -0.002206  -0.000005  -0.000144  -0.000016   0.000007  -0.000019
     16      -0.000461  -0.000036   0.000340   0.000866  -0.000273   0.000032
     17      -0.000343   0.000075   0.000287  -0.001045   0.000325   0.000027
     18       0.015716   0.000520   0.000280   0.000744  -0.001100   0.000064
     19      -0.034349  -0.022411  -0.000680  -0.032625   0.048079   0.000087
     20      -0.028365   0.027156  -0.002417   0.039703  -0.058495   0.000071
     21       0.030957  -0.067824  -0.074058  -0.021837  -0.042508   0.012448
     22      -0.149654   0.353030   0.375192   0.099956   0.213873  -0.043776
     23      -0.010398   0.025713   0.026999   0.005193   0.015256  -0.006417
     24      -0.008339  -0.054395  -0.061497  -0.012769  -0.030065   0.000023
     25       0.029023   0.144469   0.163836   0.030667   0.086850  -0.008791
     26       0.093494   0.466625   0.530795   0.094822   0.283196  -0.026168
     27      -0.006519   0.001513   0.039914   0.000249   0.000140   0.622911
     28       0.004770  -0.004388  -0.046171  -0.000849  -0.002676  -0.592114
     29       0.004055   0.001846  -0.039058   0.000484   0.003056  -0.500371
     30      -0.009756   0.056970  -0.075340   0.013660   0.034697   0.000460
     31       0.095844  -0.442106   0.587626  -0.093216  -0.291911  -0.027382
     32       0.010695  -0.049469   0.065219  -0.011719  -0.031779  -0.003652
     33       0.028205   0.056509  -0.072250   0.019150   0.038449   0.011767
     34      -0.037958  -0.083946   0.103693  -0.022508  -0.054535  -0.014435
     35      -0.144876  -0.315289   0.391156  -0.092892  -0.206311  -0.042058
     36       0.032496   0.018817   0.000186  -0.034669  -0.013879  -0.000349
     37      -0.431694  -0.282469   0.018343   0.562345   0.240181  -0.000456
     38       0.139062   0.085986  -0.004010  -0.169816  -0.071590  -0.000179
     39       0.021087  -0.011334   0.001231   0.019862   0.007598  -0.000356
     40       0.054954  -0.030746   0.001129   0.059672   0.024565  -0.000276
     41      -0.452968   0.294500   0.003992  -0.582312  -0.248701  -0.000367
     42      -0.069513   0.038279  -0.007571   0.055537  -0.085719   0.000369
     43      -0.068842   0.031559  -0.002542   0.044470  -0.065956  -0.000041
     44       0.496195  -0.253008   0.032116  -0.355652   0.535575  -0.000309
     45      -0.082797  -0.044979  -0.004746  -0.064316   0.098884   0.000374
     46       0.475155   0.241827   0.011400   0.337760  -0.508863  -0.000301
     47      -0.161280  -0.078222  -0.002123  -0.109508   0.163895   0.000006
# -----------------------------------------------------------
$ THERMOCHEMISTRY_Energies
   description: The Thermochemistry energies
   geom. index: 1
   prop. index: 1
        Temperature (Kelvin)           :        298.1500000000
        Pressure (atm)                 :          1.0000000000
        Total Mass (AMU)               :         99.1330000000
        Spin Degeneracy                :          1.0000000000
        Electronic Energy (Hartree)    :       -325.9886775321
        Translational Energy (Hartree) :          0.0014162714
        Rotational Energy (Hartree)    :          0.0014162714
        Vibrational Energy (Hartree)   :          0.0025780550
        Number of frequencies          :     48      
        Scaling Factor for frequencies :          1.0000000000
        Vibrational frequencies        :     
                  0    
      0       0.000000
      1       0.000000
      2       0.000000
      3       0.000000
      4       0.000000
      5       0.000000
      6     -115.797644
      7      71.913594
      8     300.525118
      9     383.095550
     10     391.781572
     11     531.038587
     12     845.391966
     13     924.659199
     14     978.213263
     15     995.504833
     16     997.089284
     17     1039.997077
     18     1071.646616
     19     1078.486711
     20     1099.709813
     21     1125.903379
     22     1165.780327
     23     1209.302979
     24     1220.516192
     25     1224.116633
     26     1274.115246
     27     1312.741768
     28     1330.435912
     29     1338.639306
     30     1366.081465
     31     1378.877786
     32     1427.321341
     33     1491.151716
     34     1513.603267
     35     1521.008648
     36     1526.360847
     37     1544.508579
     38     1553.070829
     39     2911.593150
     40     2917.708260
     41     2919.063361
     42     2931.584099
     43     2988.506716
     44     2989.470372
     45     2993.895742
     46     2998.199461
     47     3212.971278
        Zero Point Energy (Hartree)    :          0.1414641445
        Inner Energy (Hartree)         :       -325.8418027897
        Enthalpy (Hartree)             :       -325.8408585807
        Electronic entropy             :          0.0000000000
        Rotational entropy             :          0.0127855112
        Vibrational entropy            :          0.0041434217
        Translational entropy          :          0.0127855112
        Entropy                        :          0.0357878425
        Gibbs Energy (Hartree)         :       -325.8766464231
        Is Linear                      :                 false
# -----------------------------------------------------------
$ PAL_Flags
   description: The PAL Flags
   geom. index: 2
   prop. index: 1
        Diskflag:     2
# -----------------------------------------------------------
$ SCF_Energy
   description: The SCF energy
   geom. index: 2
   prop. index: 1
        SCF Energy:     -325.9749404025
# -----------------------------------------------------------
$ DFT_Energy
   description: The DFT energy
   geom. index: 2
   prop. index: 1
   Number of Alpha Electrons                 27.0000419492 
   Number of Beta  Electrons                 27.0000419492 
   Total number of  Electrons                54.0000838985 
   Exchange energy                          -29.5263772114 
   Correlation energy                        -2.2353629789 
   Correlation energy NL                      0.0000000000 
   Exchange-Correlation energy              -31.7617401903 
   Embedding correction                       0.0000000000 
   Total DFT Energy (No VdW correction)    -325.9749404025 
# -----------------------------------------------------------
$ VdW_Correction
   description: The Van der Waals Correction
   geom. index: 2
   prop. index: 1
        Van der Waals Correction:       -0.0241578915
# -----------------------------------------------------------
$ PAL_Flags
   description: The PAL Flags
   geom. index: 3
   prop. index: 1
        Diskflag:     2
# -----------------------------------------------------------
$ SCF_Energy
   description: The SCF energy
   geom. index: 3
   prop. index: 1
        SCF Energy:     -325.9754564313
# -----------------------------------------------------------
$ DFT_Energy
   description: The DFT energy
   geom. index: 3
   prop. index: 1
   Number of Alpha Electrons                 27.0000394212 
   Number of Beta  Electrons                 27.0000394212 
   Total number of  Electrons                54.0000788425 
   Exchange energy                          -29.5230090538 
   Correlation energy                        -2.2350200241 
   Correlation energy NL                      0.0000000000 
   Exchange-Correlation energy              -31.7580290779 
   Embedding correction                       0.0000000000 
   Total DFT Energy (No VdW correction)    -325.9754564313 
# -----------------------------------------------------------
$ VdW_Correction
   description: The Van der Waals Correction
   geom. index: 3
   prop. index: 1
        Van der Waals Correction:       -0.0241131929
# -----------------------------------------------------------
$ PAL_Flags
   description: The PAL Flags
   geom. index: 4
   prop. index: 1
        Diskflag:     2
# -----------------------------------------------------------
$ SCF_Energy
   description: The SCF energy
   geom. index: 4
   prop. index: 1
        SCF Energy:     -325.9762606385
# -----------------------------------------------------------
$ DFT_Energy
   description: The DFT energy
   geom. index: 4
   prop. index: 1
   Number of Alpha Electrons                 27.0000430434 
   Number of Beta  Electrons                 27.0000430434 
   Total number of  Electrons                54.0000860867 
   Exchange energy                          -29.5143795625 
   Correlation energy                        -2.2342062936 
   Correlation energy NL                      0.0000000000 
   Exchange-Correlation energy              -31.7485858560 
   Embedding correction                       0.0000000000 
   Total DFT Energy (No VdW correction)    -325.9762606385 
# -----------------------------------------------------------
$ VdW_Correction
   description: The Van der Waals Correction
   geom. index: 4
   prop. index: 1
        Van der Waals Correction:       -0.0239983682
# -----------------------------------------------------------
$ PAL_Flags
   description: The PAL Flags
   geom. index: 5
   prop. index: 1
        Diskflag:     2
# -----------------------------------------------------------
$ SCF_Energy
   description: The SCF energy
   geom. index: 5
   prop. index: 1
        SCF Energy:     -325.9766156594
# -----------------------------------------------------------
$ DFT_Energy
   description: The DFT energy
   geom. index: 5
   prop. index: 1
   Number of Alpha Electrons                 27.0000472336 
   Number of Beta  Electrons                 27.0000472336 
   Total number of  Electrons                54.0000944672 
   Exchange energy                          -29.5125372252 
   Correlation energy                        -2.2340321752 
   Correlation energy NL                      0.0000000000 
   Exchange-Correlation energy              -31.7465694004 
   Embedding correction                       0.0000000000 
   Total DFT Energy (No VdW correction)    -325.9766156594 
# -----------------------------------------------------------
$ VdW_Correction
   description: The Van der Waals Correction
   geom. index: 5
   prop. index: 1
        Van der Waals Correction:       -0.0239809521
# -----------------------------------------------------------
$ PAL_Flags
   description: The PAL Flags
   geom. index: 6
   prop. index: 1
        Diskflag:     2
# -----------------------------------------------------------
$ SCF_Energy
   description: The SCF energy
   geom. index: 6
   prop. index: 1
        SCF Energy:     -325.9769414555
# -----------------------------------------------------------
$ DFT_Energy
   description: The DFT energy
   geom. index: 6
   prop. index: 1
   Number of Alpha Electrons                 27.0000399863 
   Number of Beta  Electrons                 27.0000399863 
   Total number of  Electrons                54.0000799726 
   Exchange energy                          -29.5109943403 
   Correlation energy                        -2.2339019083 
   Correlation energy NL                      0.0000000000 
   Exchange-Correlation energy              -31.7448962486 
   Embedding correction                       0.0000000000 
   Total DFT Energy (No VdW correction)    -325.9769414555 
# -----------------------------------------------------------
$ VdW_Correction
   description: The Van der Waals Correction
   geom. index: 6
   prop. index: 1
        Van der Waals Correction:       -0.0239721795
# -----------------------------------------------------------
$ PAL_Flags
   description: The PAL Flags
   geom. index: 7
   prop. index: 1
        Diskflag:     2
# -----------------------------------------------------------
$ SCF_Energy
   description: The SCF energy
   geom. index: 7
   prop. index: 1
        SCF Energy:     -325.9772289116
# -----------------------------------------------------------
$ DFT_Energy
   description: The DFT energy
   geom. index: 7
   prop. index: 1
   Number of Alpha Electrons                 27.0000286827 
   Number of Beta  Electrons                 27.0000286827 
   Total number of  Electrons                54.0000573654 
   Exchange energy                          -29.5098872996 
   Correlation energy                        -2.2338278366 
   Correlation energy NL                      0.0000000000 
   Exchange-Correlation energy              -31.7437151362 
   Embedding correction                       0.0000000000 
   Total DFT Energy (No VdW correction)    -325.9772289116 
# -----------------------------------------------------------
$ VdW_Correction
   description: The Van der Waals Correction
   geom. index: 7
   prop. index: 1
        Van der Waals Correction:       -0.0239728260
# -----------------------------------------------------------
$ PAL_Flags
   description: The PAL Flags
   geom. index: 8
   prop. index: 1
        Diskflag:     2
# -----------------------------------------------------------
$ SCF_Energy
   description: The SCF energy
   geom. index: 8
   prop. index: 1
        SCF Energy:     -325.9774626132
# -----------------------------------------------------------
$ DFT_Energy
   description: The DFT energy
   geom. index: 8
   prop. index: 1
   Number of Alpha Electrons                 27.0000196385 
   Number of Beta  Electrons                 27.0000196385 
   Total number of  Electrons                54.0000392770 
   Exchange energy                          -29.5094407614 
   Correlation energy                        -2.2338350589 
   Correlation energy NL                      0.0000000000 
   Exchange-Correlation energy              -31.7432758203 
   Embedding correction                       0.0000000000 
   Total DFT Energy (No VdW correction)    -325.9774626132 
# -----------------------------------------------------------
$ VdW_Correction
   description: The Van der Waals Correction
   geom. index: 8
   prop. index: 1
        Van der Waals Correction:       -0.0239845327
# -----------------------------------------------------------
$ PAL_Flags
   description: The PAL Flags
   geom. index: 9
   prop. index: 1
        Diskflag:     2
# -----------------------------------------------------------
$ SCF_Energy
   description: The SCF energy
   geom. index: 9
   prop. index: 1
        SCF Energy:     -325.9776267881
# -----------------------------------------------------------
$ DFT_Energy
   description: The DFT energy
   geom. index: 9
   prop. index: 1
   Number of Alpha Electrons                 27.0000128715 
   Number of Beta  Electrons                 27.0000128715 
   Total number of  Electrons                54.0000257429 
   Exchange energy                          -29.5100569068 
   Correlation energy                        -2.2339689580 
   Correlation energy NL                      0.0000000000 
   Exchange-Correlation energy              -31.7440258648 
   Embedding correction                       0.0000000000 
   Total DFT Energy (No VdW correction)    -325.9776267881 
# -----------------------------------------------------------
$ VdW_Correction
   description: The Van der Waals Correction
   geom. index: 9
   prop. index: 1
        Van der Waals Correction:       -0.0240114859
# -----------------------------------------------------------
$ PAL_Flags
   description: The PAL Flags
   geom. index: 10
   prop. index: 1
        Diskflag:     2
# -----------------------------------------------------------
$ SCF_Energy
   description: The SCF energy
   geom. index: 10
   prop. index: 1
        SCF Energy:     -325.9777157444
# -----------------------------------------------------------
$ DFT_Energy
   description: The DFT energy
   geom. index: 10
   prop. index: 1
   Number of Alpha Electrons                 27.0000139151 
   Number of Beta  Electrons                 27.0000139151 
   Total number of  Electrons                54.0000278303 
   Exchange energy                          -29.5126834649 
   Correlation energy                        -2.2343158472 
   Correlation energy NL                      0.0000000000 
   Exchange-Correlation energy              -31.7469993121 
   Embedding correction                       0.0000000000 
   Total DFT Energy (No VdW correction)    -325.9777157444 
# -----------------------------------------------------------
$ VdW_Correction
   description: The Van der Waals Correction
   geom. index: 10
   prop. index: 1
        Van der Waals Correction:       -0.0240597189
# -----------------------------------------------------------
$ PAL_Flags
   description: The PAL Flags
   geom. index: 11
   prop. index: 1
        Diskflag:     2
# -----------------------------------------------------------
$ SCF_Energy
   description: The SCF energy
   geom. index: 11
   prop. index: 1
        SCF Energy:     -325.9777745874
# -----------------------------------------------------------
$ DFT_Energy
   description: The DFT energy
   geom. index: 11
   prop. index: 1
   Number of Alpha Electrons                 27.0000143097 
   Number of Beta  Electrons                 27.0000143097 
   Total number of  Electrons                54.0000286194 
   Exchange energy                          -29.5155276529 
   Correlation energy                        -2.2346105935 
   Correlation energy NL                      0.0000000000 
   Exchange-Correlation energy              -31.7501382465 
   Embedding correction                       0.0000000000 
   Total DFT Energy (No VdW correction)    -325.9777745874 
# -----------------------------------------------------------
$ VdW_Correction
   description: The Van der Waals Correction
   geom. index: 11
   prop. index: 1
        Van der Waals Correction:       -0.0240887829
# -----------------------------------------------------------
$ PAL_Flags
   description: The PAL Flags
   geom. index: 12
   prop. index: 1
        Diskflag:     2
# -----------------------------------------------------------
$ SCF_Energy
   description: The SCF energy
   geom. index: 12
   prop. index: 1
        SCF Energy:     -325.9777884299
# -----------------------------------------------------------
$ DFT_Energy
   description: The DFT energy
   geom. index: 12
   prop. index: 1
   Number of Alpha Electrons                 27.0000156311 
   Number of Beta  Electrons                 27.0000156311 
   Total number of  Electrons                54.0000312621 
   Exchange energy                          -29.5174963808 
   Correlation energy                        -2.2348109422 
   Correlation energy NL                      0.0000000000 
   Exchange-Correlation energy              -31.7523073231 
   Embedding correction                       0.0000000000 
   Total DFT Energy (No VdW correction)    -325.9777884299 
# -----------------------------------------------------------
$ VdW_Correction
   description: The Van der Waals Correction
   geom. index: 12
   prop. index: 1
        Van der Waals Correction:       -0.0241074317
# -----------------------------------------------------------
$ PAL_Flags
   description: The PAL Flags
   geom. index: 13
   prop. index: 1
        Diskflag:     2
# -----------------------------------------------------------
$ SCF_Energy
   description: The SCF energy
   geom. index: 13
   prop. index: 1
        SCF Energy:     -325.9777906210
# -----------------------------------------------------------
$ DFT_Energy
   description: The DFT energy
   geom. index: 13
   prop. index: 1
   Number of Alpha Electrons                 27.0000154020 
   Number of Beta  Electrons                 27.0000154020 
   Total number of  Electrons                54.0000308040 
   Exchange energy                          -29.5173921575 
   Correlation energy                        -2.2347971602 
   Correlation energy NL                      0.0000000000 
   Exchange-Correlation energy              -31.7521893177 
   Embedding correction                       0.0000000000 
   Total DFT Energy (No VdW correction)    -325.9777906210 
# -----------------------------------------------------------
$ Mayer_Pop
   description: The Mayer population analysis
   geom. index: 13
   prop. index: 1
     Number of atoms                     : 16
     Threshold for printing              : 0.1000000
     Number of bond orders printed       : 18
  NA   - Mulliken gross atomic population
  ZA   - Total nuclear charge
  QA   - Mulliken gross atomic charge
  VA   - Mayer's total valence
  BVA  - Mayer's bonded valence
  FA   - Mayer's free valence
  ATOM       NA         ZA         QA         VA         BVA        FA
  0   0     6.2211     6.0000    -0.2211     3.7104     3.7104     0.0000
  1   0     7.3757     7.0000    -0.3757     2.5922     2.5922    -0.0000
  2   0     6.2229     6.0000    -0.2229     3.7130     3.7130     0.0000
  3   0     6.1821     6.0000    -0.1821     3.8334     3.8334    -0.0000
  4   0     6.0671     6.0000    -0.0671     3.7604     3.7604    -0.0000
  5   0     8.3905     8.0000    -0.3905     1.5949     1.5949    -0.0000
  6   0     6.0253     6.0000    -0.0253     3.6656     3.6656    -0.0000
  7   0     0.8548     1.0000     0.1452     0.9279     0.9279     0.0000
  8   0     0.8433     1.0000     0.1567     0.9317     0.9317     0.0000
  9   0     0.6997     1.0000     0.3003     0.8605     0.8605     0.0000
 10   0     0.8432     1.0000     0.1568     0.9317     0.9317     0.0000
 11   0     0.8549     1.0000     0.1451     0.9276     0.9276    -0.0000
 12   0     0.8558     1.0000     0.1442     0.9191     0.9191    -0.0000
 13   0     0.8557     1.0000     0.1443     0.9194     0.9194    -0.0000
 14   0     0.8540     1.0000     0.1460     0.9187     0.9187     0.0000
 15   0     0.8539     1.0000     0.1461     0.9191     0.9191    -0.0000
      Bond orders larger than 0.1000000
           Atom A     A.N. of A          Atom B    A.N. of B              Bond order
                0             6               1            7                0.758984
                0             6               3            6                0.926606
                0             6               7            1                0.944923
                0             6               8            1                0.984614
                1             7               2            6                0.763877
                1             7               3            6                0.281616
                1             7               9            1                0.865123
                2             6               3            6                0.927047
                2             6              10            1                0.984412
                2             6              11            1                0.944796
                3             6               4            6                0.876810
                3             6               6            6                0.895841
                4             6               5            8                0.826610
                4             6              12            1                0.968998
                4             6              13            1                0.969164
                5             8               6            6                0.800502
                6             6              14            1                0.964770
                6             6              15            1                0.966783
# -----------------------------------------------------------
$ VdW_Correction
   description: The Van der Waals Correction
   geom. index: 13
   prop. index: 1
        Van der Waals Correction:       -0.0241064768
# -----------------------------------------------------------
$ SCF_Electric_Properties
   description: The SCF Calculated Electric Properties
   geom. index: 13
   prop. index: 1
       Filename                          : file.scfp 
       Do Dipole Moment Calculation      : true 
       Do Quadrupole Moment Calculation  : false 
       Do Polarizability Calculation     : false 
** Dipole moment part of electric properties **
        Magnitude of dipole moment (Debye) :        2.5233442741
        Electronic Contribution:
                  0    
      0       2.172918
      1      -0.174908
      2      -0.156311
        Nuclear Contribution:
                  0    
      0      -3.047503
      1       0.535217
      2       0.457661
        Total Dipole moment:
                  0    
      0      -0.874585
      1       0.360308
      2       0.301350
# -------------------------------------------------------------
----------------------- !GEOMETRIES! ------------------------
# -------------------------------------------------------------
------------------------ !GEOMETRY! -------------------------
    Number of atoms:    16 
    Geometry Index:     1 
    Coordinates:
               0 C     -0.919100000000    0.469300000000   -0.941700000000
               1 N     -1.928400000000   -0.353500000000   -0.254000000000
               2 C     -0.887900000000   -0.852200000000    0.661100000000
               3 C      0.165500000000   -0.019000000000   -0.018900000000
               4 C      1.044400000000    0.924800000000    0.742100000000
               5 O      2.208600000000    0.313000000000    0.215100000000
               6 C      1.440300000000   -0.612800000000   -0.533300000000
               7 H     -1.125400000000    1.559700000000   -0.845800000000
               8 H     -0.784100000000    0.131400000000   -1.992000000000
               9 H     -2.564500000000    0.283000000000    0.283200000000
              10 H     -0.735100000000   -1.944900000000    0.526400000000
              11 H     -1.075500000000   -0.553900000000    1.717800000000
              12 H      0.961400000000    1.981100000000    0.405000000000
              13 H      0.989400000000    0.793900000000    1.844900000000
              14 H      1.591200000000   -0.466100000000   -1.625100000000
              15 H      1.619200000000   -1.653500000000   -0.184900000000
------------------------ !GEOMETRY! -------------------------
    Number of atoms:    16 
    Geometry Index:     2 
    Coordinates:
               0 C     -0.949700446136    0.482312504396   -0.955284498103
               1 N     -1.966509697171   -0.348931980372   -0.249338148654
               2 C     -0.918042766583   -0.861921094152    0.678433193092
               3 C      0.160704932282   -0.018173785924   -0.018242596780
               4 C      1.073010587270    0.938294103633    0.754249969419
               5 O      2.256855588315    0.316926886424    0.218601012344
               6 C      1.466281910532   -0.619925817005   -0.541084517240
               7 H     -1.140258078118    1.560965822343   -0.899775427994
               8 H     -0.824457808545    0.175190719078   -1.999928114407
               9 H     -2.616724289490    0.243541174484    0.251245378035
              10 H     -0.774669489003   -1.943677631044    0.576184097440
              11 H     -1.088431179407   -0.601869161435    1.730296872342
              12 H      1.001952699513    1.991970406994    0.454128397880
              13 H      1.028436752903    0.840658116347    1.846847351842
              14 H      1.631942637904   -0.501756033691   -1.619416279118
              15 H      1.659608645732   -1.653304230075   -0.227016690098
------------------------ !GEOMETRY! -------------------------
    Number of atoms:    16 
    Geometry Index:     3 
    Coordinates:
               0 C     -0.951246077046    0.494035253732   -0.946816993433
               1 N     -1.953702880401   -0.386612546146   -0.280593037338
               2 C     -0.919716823238   -0.851059992794    0.688634352298
               3 C      0.160990797126   -0.010936731392   -0.012233455464
               4 C      1.091526207776    0.936309465643    0.752638469196
               5 O      2.265769447407    0.303486769934    0.206986766010
               6 C      1.458496334635   -0.625658597970   -0.545985395566
               7 H     -1.160460379896    1.567917913766   -0.856847008735
               8 H     -0.810348804625    0.233926626087   -2.001688687709
               9 H     -2.656579883066    0.168932039287    0.190442571797
              10 H     -0.759785294635   -1.933539286816    0.635157992144
              11 H     -1.109704111212   -0.557415313590    1.729287486366
              12 H      1.027124650450    1.991807347246    0.457091728051
              13 H      1.053830264081    0.842380559943    1.845930435093
              14 H      1.617943538489   -0.511835190135   -1.625654036844
              15 H      1.645863014154   -1.661438316795   -0.236451185867
------------------------ !GEOMETRY! -------------------------
    Number of atoms:    16 
    Geometry Index:     4 
    Coordinates:
               0 C     -0.955038282085    0.503783432123   -0.941005107155
               1 N     -1.943292724872   -0.394497605307   -0.287051038559
               2 C     -0.923402425490   -0.842950949097    0.697619755339
               3 C      0.164414314760   -0.015264649547   -0.015980782664
               4 C      1.101544989659    0.931989143761    0.749515970343
               5 O      2.277030043637    0.297670951699    0.203277013143
               6 C      1.465901214152   -0.631206380373   -0.551233902816
               7 H     -1.161775906601    1.576382136778   -0.830623612859
               8 H     -0.816358172696    0.284790793588   -2.007376200427
               9 H     -2.717433728960    0.104718193036    0.138875208974
              10 H     -0.764806868256   -1.928845239453    0.688996326189
              11 H     -1.111025917082   -0.527205808135    1.732396200512
              12 H      1.039611013395    1.990439490532    0.463117579677
              13 H      1.065554791333    0.846457929519    1.843813938309
              14 H      1.625721214797   -0.525355896053   -1.632090809276
              15 H      1.653356444307   -1.670605543073   -0.252350538729
------------------------ !GEOMETRY! -------------------------
    Number of atoms:    16 
    Geometry Index:     5 
    Coordinates:
               0 C     -0.956391706567    0.515237751507   -0.931501389817
               1 N     -1.925940275105   -0.430870260931   -0.317243730419
               2 C     -0.924795766898   -0.831310117649    0.707169544388
               3 C      0.164302264554   -0.007072696438   -0.009227678023
               4 C      1.119582766542    0.929891435041    0.747602090529
               5 O      2.284169194047    0.283350550635    0.191443305060
               6 C      1.456105263783   -0.636786210355   -0.555744422482
               7 H     -1.185363672740    1.579723783532   -0.784445241265
               8 H     -0.803659079013    0.342876870650   -2.004068297859
               9 H     -2.742505841405    0.026141222532    0.074751160328
              10 H     -0.751280793035   -1.913866820078    0.745624997980
              11 H     -1.135663038120   -0.481128749726    1.727153441037
              12 H      1.065309396074    1.989468227163    0.463550600038
              13 H      1.091133025018    0.846613732387    1.842368225893
              14 H      1.608723515199   -0.533760985551   -1.637835668450
              15 H      1.636274747665   -1.678207732716   -0.259696936938
------------------------ !GEOMETRY! -------------------------
    Number of atoms:    16 
    Geometry Index:     6 
    Coordinates:
               0 C     -0.957868357157    0.526311194477   -0.921368432011
               1 N     -1.905349780492   -0.465744156001   -0.346154710886
               2 C     -0.926154121810   -0.819405685605    0.716028172138
               3 C      0.164584551898    0.001265805478   -0.002432194410
               4 C      1.137197550716    0.927902866129    0.745519247356
               5 O      2.290587673185    0.268584238656    0.180210109791
               6 C      1.446034623436   -0.642450096590   -0.560083174393
               7 H     -1.210502079505    1.580348889229   -0.736736195185
               8 H     -0.793216136064    0.400823171802   -1.998324478581
               9 H     -2.761064976833   -0.053345663477    0.009996221472
              10 H     -0.739772582259   -1.896834253624    0.800839926789
              11 H     -1.161747221795   -0.434963403626    1.718960587749
              12 H      1.091210513187    1.988265520700    0.462731155055
              13 H      1.116237029230    0.847173554534    1.840679005140
              14 H      1.591496461965   -0.541772220430   -1.643291391285
              15 H      1.618326852299   -1.685859761651   -0.266673848740
------------------------ !GEOMETRY! -------------------------
    Number of atoms:    16 
    Geometry Index:     7 
    Coordinates:
               0 C     -0.959445367781    0.536836686469   -0.910693345670
               1 N     -1.881725522272   -0.499184787496   -0.373793396709
               2 C     -0.927543246198   -0.806906196986    0.724490464883
               3 C      0.165121662322    0.009958927728    0.004554593100
               4 C      1.154513038487    0.925865371107    0.743524943569
               5 O      2.296248297751    0.253208272763    0.169554977642
               6 C      1.435402086991   -0.647946999372   -0.564432691776
               7 H     -1.236753831085    1.578126080429   -0.688260337165
               8 H     -0.784998642465    0.457592427549   -1.990185185412
               9 H     -2.772804484774   -0.133768474704   -0.055455908420
              10 H     -0.730452615591   -1.877524511728    0.854930187181
              11 H     -1.188999275461   -0.388301424569    1.708002928748
              12 H      1.117442243227    1.986746927426    0.461224922452
              13 H      1.140890478302    0.847583776374    1.839001190780
              14 H      1.573752649966   -0.548579766416   -1.648612166544
              15 H      1.599352528581   -1.693406308573   -0.273951176659
------------------------ !GEOMETRY! -------------------------
    Number of atoms:    16 
    Geometry Index:     8 
    Coordinates:
               0 C     -0.960950510905    0.546782430691   -0.899438075193
               1 N     -1.854882346046   -0.530891727511   -0.399975955225
               2 C     -0.928852979375   -0.793951670600    0.732547715570
               3 C      0.165964886941    0.019460023331    0.012176765584
               4 C      1.171760939463    0.924086741845    0.741791753822
               5 O      2.301007157941    0.236863988700    0.159715561009
               6 C      1.423712828592   -0.653190969259   -0.568660288614
               7 H     -1.264115180925    1.572903418953   -0.639247076604
               8 H     -0.778810411459    0.512248293652   -1.979682170524
               9 H     -2.777465432850   -0.214939002848   -0.121597939743
              10 H     -0.723128317855   -1.856288503231    0.907066026456
              11 H     -1.217419808770   -0.341741387445    1.694261618786
              12 H      1.144526532840    1.985096275799    0.458736078661
              13 H      1.165378821500    0.848429505883    1.837512953967
              14 H      1.554766160301   -0.553709221912   -1.653656126193
              15 H      1.578507660607   -1.700858196049   -0.281650841759
------------------------ !GEOMETRY! -------------------------
    Number of atoms:    16 
    Geometry Index:     9 
    Coordinates:
               0 C     -0.962096511921    0.556335418523   -0.887575134101
               1 N     -1.824556655690   -0.560318520183   -0.424413159996
               2 C     -0.929668390211   -0.780844901404    0.739986677033
               3 C      0.167225797254    0.030513571629    0.021017822899
               4 C      1.189168141020    0.923094984694    0.740500845364
               5 O      2.304450638348    0.219534604735    0.150491218715
               6 C      1.410132530241   -0.658166338387   -0.572377130599
               7 H     -1.293147443892    1.564387940607   -0.589764544291
               8 H     -0.773894186522    0.564010014999   -1.966945272214
               9 H     -2.774587544854   -0.296442816818   -0.188227402408
              10 H     -0.716772604256   -1.833844679833    0.955453473902
              11 H     -1.247317059572   -0.296328770278    1.677422164744
              12 H      1.173121072180    1.983614422160    0.454757013561
              13 H      1.190425305672    0.850202682788    1.836385448404
              14 H      1.533255592632   -0.557328497840   -1.658075921538
              15 H      1.554261319570   -1.708119115391   -0.288736099477
------------------------ !GEOMETRY! -------------------------
    Number of atoms:    16 
    Geometry Index:     10 
    Coordinates:
               0 C     -0.961769696812    0.564210651901   -0.877219009412
               1 N     -1.796111334817   -0.581373805647   -0.442294849139
               2 C     -0.928822002056   -0.770159386901    0.745285832126
               3 C      0.169042050164    0.041794828162    0.030011819178
               4 C      1.203506614025    0.923608572876    0.740030196118
               5 O      2.305050045427    0.204800855646    0.142696226984
               6 C      1.396032399125   -0.662180024280   -0.574589104424
               7 H     -1.319179069037    1.553619927713   -0.546803451430
               8 H     -0.768906263723    0.603163787568   -1.954841697811
               9 H     -2.766018979684   -0.363971849885   -0.243720127968
              10 H     -0.710087071464   -1.815430293309    0.989358800870
              11 H     -1.273846498160   -0.259582509602    1.659629522018
              12 H      1.198328522181    1.982740619641    0.449101402356
              13 H      1.212350822572    0.852123427533    1.835884205732
              14 H      1.511272494694   -0.559347365919   -1.660834652288
              15 H      1.529157967566   -1.713717435497   -0.291795112910
------------------------ !GEOMETRY! -------------------------
    Number of atoms:    16 
    Geometry Index:     11 
    Coordinates:
               0 C     -0.959565689311    0.564335616556   -0.877283902914
               1 N     -1.795127428931   -0.577217467456   -0.439173029684
               2 C     -0.926511452487   -0.770742955327    0.744716237650
               3 C      0.169868992616    0.042327171158    0.030437674516
               4 C      1.201928196617    0.924427750398    0.740249127428
               5 O      2.302585032910    0.205317315604    0.142873887487
               6 C      1.394519986196   -0.662353517642   -0.574070005596
               7 H     -1.319631092524    1.551316385281   -0.543639570988
               8 H     -0.765524970591    0.599322041701   -1.955096845752
               9 H     -2.765988110791   -0.362136793093   -0.242308327437
              10 H     -0.706405269005   -1.817268625398    0.983216233194
              11 H     -1.274382047206   -0.258995282834    1.656951503543
              12 H      1.197591703372    1.982494930253    0.445870110537
              13 H      1.211628276247    0.851131854635    1.835891661992
              14 H      1.508793586002   -0.558318799514   -1.660295020223
              15 H      1.526220286887   -1.713339624321   -0.288439733754
------------------------ !GEOMETRY! -------------------------
    Number of atoms:    16 
    Geometry Index:     12 
    Coordinates:
               0 C     -0.957748640476    0.563681193415   -0.878359276707
               1 N     -1.798777479044   -0.570564306390   -0.433928398489
               2 C     -0.924795587193   -0.772335425244    0.743796997039
               3 C      0.170172728124    0.038859219558    0.027674709826
               4 C      1.197070835118    0.923730337338    0.739334547362
               5 O      2.300595367984    0.208014759042    0.144626758756
               6 C      1.397096001218   -0.662503760496   -0.573910830040
               7 H     -1.316478608617    1.550187559196   -0.544564540531
               8 H     -0.762747062518    0.594595726585   -1.956747020313
               9 H     -2.768374089303   -0.350577796158   -0.232901563448
              10 H     -0.703664706112   -1.820456458897    0.977069193154
              11 H     -1.271475200203   -0.261671551985    1.656126250605
              12 H      1.191109531808    1.980994936341    0.442458707779
              13 H      1.205807814345    0.848580520473    1.834756152079
              14 H      1.512285564484   -0.557573181968   -1.660025475892
              15 H      1.529923530384   -1.712661770809   -0.285506211178
------------------------ !GEOMETRY! -------------------------
    Number of atoms:    16 
    Geometry Index:     13 
    Coordinates:
               0 C     -0.957653369998    0.562939311532   -0.878705817743
               1 N     -1.800492917077   -0.569783686223   -0.433296010891
               2 C     -0.924751645358   -0.772853584087    0.743116993262
               3 C      0.170327431700    0.038569973046    0.027461293546
               4 C      1.196485476897    0.923878418192    0.739421720555
               5 O      2.300584921363    0.208607179913    0.144956057781
               6 C      1.397643492715   -0.662417199531   -0.573836112197
               7 H     -1.315768031244    1.549925860703   -0.545929701217
               8 H     -0.762187213679    0.593067972979   -1.957093379417
               9 H     -2.768995737777   -0.347069060998   -0.230058184362
              10 H     -0.703177581144   -1.821131850972    0.975544363506
              11 H     -1.270799487142   -0.263124324063    1.656110268660
              12 H      1.190045914182    1.981183003916    0.442682532662
              13 H      1.204945849849    0.848704067286    1.834846370924
              14 H      1.512990076847   -0.557676924195   -1.659959812283
              15 H      1.530802819865   -1.712519157500   -0.285360582786
