    37
     1   -1.926105   -3.349590    1.799283      1
     2    1.870213   -3.460464   -0.666833      1
     3   -2.179317   -1.499912    1.936667      1
     4   -4.328407   -0.820659    0.302272      1
     5   -5.608489    0.009737    1.381006      1
     6    1.573010   -1.560858   -1.327671      1
     7    1.198287   -1.625050   -3.322593      1
     8   -0.407733   -0.111977    0.268448      1
     9    5.279575   -0.524067    0.403592      1
    10    2.050956    1.019118    3.373173      1
    11    3.642393    0.321029   -0.443223      1
    12   -2.726836    1.067582   -1.024079      1
    13    1.720751    1.503856    1.431020      1
    14   -2.809923    0.927334   -3.047665      1
    15    4.258375    1.593996   -1.897322      1
    16   -3.061319    2.993587   -0.458924      1
    17    1.450373    3.513018    1.295669      1
    18   -1.984240   -2.907001    1.822614      2
    19    1.759156   -2.753667   -0.903989      2
    20   -3.265265   -1.170540    1.129329      2
    21   -5.297006   -0.180337    1.126291      2
    22   -1.098374   -0.705770    0.946677      2
    23    1.335085   -1.596045   -2.585504      2
    24   -2.390747   -0.318367    0.350346      3
    25    0.536973   -0.884288   -0.555658      2
    26    2.653334   -0.643170   -0.921404      2
    27   -3.413806    0.320422   -0.479284      2
    28    1.633272    0.034760   -0.019554      3
    29    4.671259   -0.214480    0.093326      2
    30   -1.516638    0.517021   -0.415052      2
    31    0.621456    0.732116    0.892110      2
    32    1.932413    1.190339    2.659514      2
    33    2.725197    0.951628    0.515836      2
    34   -2.777646    0.976205   -2.309344      2
    35    4.023854    1.124498   -1.360823      2
    36   -2.941305    2.284875   -0.660133      2
    37    1.548952    2.767238    1.340098      2
