    55
     1    1.890570   -4.416319    2.441334      1
     2   -1.985426   -2.370882    2.790114      1
     3    1.464554   -3.577571   -0.675256      1
     4   -3.727346   -3.127287   -1.538214      1
     5    1.750955   -2.813739    1.195750      1
     6    5.813055   -2.659702    1.058636      1
     7   -0.527397   -1.198131    1.993312      1
     8    4.262791   -1.363036    1.318663      1
     9   -3.829894   -1.094658   -1.565335      1
    10    4.454489   -0.569978    3.184578      1
    11    0.069217    0.074139    3.464676      1
    12   -5.742119    0.002071    0.153917      1
    13   -7.306887    0.598562   -0.663137      1
    14   -3.996526   -0.464569   -3.503000      1
    15   -1.738726    0.367505   -0.122548      1
    16   -3.926350    2.385252    2.922546      1
    17    4.743667   -0.070446   -2.492199      1
    18   -3.940073    2.000104    0.926327      1
    19    0.689427    0.342583   -3.347494      1
    20    4.546682    0.759802   -0.622485      1
    21    0.184176    1.660653   -1.856993      1
    22    6.265223    1.774126   -0.233328      1
    23    2.452929    2.569179   -0.566725      1
    24   -4.152750    3.756883   -0.092547      1
    25   -0.728474    3.231726   -2.771680      1
    26    3.007604    4.169869   -1.331880      1
    27    1.839648   -3.818425    1.983192      2
    28    1.571316   -3.287080    0.019877      2
    29   -1.448604   -1.942454    2.491059      2
    30   -3.764213   -2.381657   -1.546555      2
    31    0.607999   -1.996201    1.584145      2
    32    2.998900   -2.079556    1.245062      2
    33    5.234606   -2.177538    1.149947      2
    34   -0.146744   -0.393190    2.920766      2
    35    4.380198   -0.861713    2.494552      2
    36   -4.645903   -0.651781   -0.894739      2
    37   -1.116227   -0.428205    0.936763      2
    38   -2.718505   -0.389052   -0.866720      2
    39   -3.937388   -0.690944   -2.783013      2
    40   -6.923506    0.459956   -0.472495      2
    41   -3.779226    0.345056   -0.180860      3
    42    4.385940   -0.313176    0.357880      2
    43    1.607604    0.117514    0.449265      3
    44   -4.709664    1.216414    0.607692      2
    45   -2.777291    1.219770    0.420276      2
    46   -3.930989    2.242231    2.193043      2
    47   -0.777969    1.012491   -0.971744      2
    48    4.663013    0.237023   -1.801616      2
    49    0.508778    0.824129   -2.792307      2
    50    3.707332    1.471271   -0.622720      2
    51    5.631344    1.404486   -0.374006      2
    52    1.102235    2.012577   -1.356405      2
    53   -4.076441    3.102353    0.277630      2
    54   -0.391789    2.656862   -2.429368      2
    55    2.876165    3.782464   -1.157607      2
