    37
     1   -2.325246   -3.267854    1.164327      1
     2    2.992430   -2.804261    0.789553      1
     3   -2.373272   -0.849337    3.443890      1
     4   -2.227995   -1.247356    1.454922      1
     5    2.705133   -2.191408   -2.464419      1
     6   -5.466370   -0.693183   -0.788110      1
     7    2.517170   -1.388648   -0.605522      1
     8   -3.971857    0.228497   -0.162800      1
     9    0.008144   -0.071993    0.024155      1
    10   -1.919318   -0.726103   -3.561932      1
    11   -1.927206    0.629994   -2.034840      1
    12    1.795738    1.863990    3.196664      1
    13    5.434191    0.981229    0.697448      1
    14    3.831383    1.057604   -0.250632      1
    15    1.632729    2.055318    1.169990      1
    16   -1.831934    2.508909   -2.801683      1
    17    1.120359    3.967237    0.712090      1
    18   -2.292009   -2.521368    1.264739      2
    19    2.819061   -2.276698    0.279616      2
    20   -2.319098   -0.993613    2.715900      2
    21   -2.979044   -0.673998    0.797602      2
    22    2.635087   -1.896652   -1.784767      2
    23   -1.054885   -0.681640    0.783255      2
    24   -5.099824   -0.478369   -0.640660      2
    25    1.215952   -0.783754   -0.309917      2
    26   -1.998073   -0.142959   -0.194381      3
    27    3.097886   -0.407116   -0.448801      2
    28   -1.926049   -0.231721   -2.994211      2
    29   -0.898503    0.300156   -1.042945      2
    30   -2.794272    0.455971   -1.303422      2
    31    1.971047    0.393538    0.114683      3
    32    0.754218    1.018120    0.619517      2
    33    5.042944    0.994467    0.476254      2
    34    1.740776    1.928144    2.448672      2
    35    2.561942    1.665228    0.620437      2
    36   -1.866728    1.824971   -2.520419      2
    37    1.307112    3.270103    0.877054      2
