-------------------------------------------------------------
----------------------- !PROPERTIES! ------------------------
-------------------------------------------------------------
# -----------------------------------------------------------
$ PAL_Flags
   description: The PAL Flags
   geom. index: 1
   prop. index: 1
        Diskflag:     2
# -----------------------------------------------------------
$ SCF_Energy
   description: The SCF energy
   geom. index: 1
   prop. index: 1
        SCF Energy:     -306.1020965264
# -----------------------------------------------------------
$ DFT_Energy
   description: The DFT energy
   geom. index: 1
   prop. index: 1
   Number of Alpha Electrons                 26.9999447099 
   Number of Beta  Electrons                 26.9999447099 
   Total number of  Electrons                53.9998894197 
   Exchange energy                          -28.5055878887 
   Correlation energy                        -2.2163904566 
   Correlation energy NL                      0.0000000000 
   Exchange-Correlation energy              -30.7219783452 
   Embedding correction                       0.0000000000 
   Total DFT Energy (No VdW correction)    -306.1020965264 
# -----------------------------------------------------------
$ Mayer_Pop
   description: The Mayer population analysis
   geom. index: 1
   prop. index: 1
     Number of atoms                     : 17
     Threshold for printing              : 0.1000000
     Number of bond orders printed       : 18
  NA   - Mulliken gross atomic population
  ZA   - Total nuclear charge
  QA   - Mulliken gross atomic charge
  VA   - Mayer's total valence
  BVA  - Mayer's bonded valence
  FA   - Mayer's free valence
  ATOM       NA         ZA         QA         VA         BVA        FA
  0   0     6.3104     6.0000    -0.3104     3.9050     3.9050     0.0000
  1   0     7.3653     7.0000    -0.3653     2.6178     2.6178     0.0000
  2   0     6.2964     6.0000    -0.2964     3.8898     3.8898     0.0000
  3   0     5.8660     6.0000     0.1340     3.2109     3.2109     0.0000
  4   0     6.2969     6.0000    -0.2969     3.8893     3.8893    -0.0000
  5   0     7.3649     7.0000    -0.3649     2.6163     2.6163    -0.0000
  6   0     6.3104     6.0000    -0.3104     3.9037     3.9037    -0.0000
  7   0     0.8595     1.0000     0.1405     0.9397     0.9397     0.0000
  8   0     0.8325     1.0000     0.1675     0.8975     0.8975     0.0000
  9   0     0.7113     1.0000     0.2887     0.8621     0.8621    -0.0000
 10   0     0.8592     1.0000     0.1408     0.9480     0.9480     0.0000
 11   0     0.8323     1.0000     0.1677     0.9077     0.9077    -0.0000
 12   0     0.8591     1.0000     0.1409     0.9480     0.9480    -0.0000
 13   0     0.8323     1.0000     0.1677     0.9077     0.9077    -0.0000
 14   0     0.7112     1.0000     0.2888     0.8619     0.8619     0.0000
 15   0     0.8324     1.0000     0.1676     0.8974     0.8974    -0.0000
 16   0     0.8598     1.0000     0.1402     0.9401     0.9401    -0.0000
      Bond orders larger than 0.1000000
           Atom A     A.N. of A          Atom B    A.N. of B              Bond order
                0             6               1            7                0.910946
                0             6               3            6                0.864314
                0             6               7            1                0.957644
                0             6               8            1                0.977415
                1             7               2            6                0.911454
                1             7               9            1                0.883515
                2             6               3            6                0.866286
                2             6              10            1                0.964975
                2             6              11            1                0.982227
                3             6               4            6                0.866269
                3             6               6            6                0.863545
                4             6               5            7                0.910460
                4             6              12            1                0.965169
                4             6              13            1                0.982255
                5             7               6            6                0.910699
                5             7              14            1                0.883473
                6             6              15            1                0.977600
                6             6              16            1                0.957924
# -----------------------------------------------------------
$ VdW_Correction
   description: The Van der Waals Correction
   geom. index: 1
   prop. index: 1
        Van der Waals Correction:       -0.0269065024
# -----------------------------------------------------------
$ Hessian
   description: Details about the Hessian
   geom. index: 1
   prop. index: 1
Normal modes:
Number of Rows: 51 Number of Columns: 51
                  0          1          2          3          4          5    
      0       0.000000   0.000000   0.000000   0.000000   0.000000   0.000000
      1       0.000000   0.000000   0.000000   0.000000   0.000000   0.000000
      2       0.000000   0.000000   0.000000   0.000000   0.000000   0.000000
      3       0.000000   0.000000   0.000000   0.000000   0.000000   0.000000
      4       0.000000   0.000000   0.000000   0.000000   0.000000   0.000000
      5       0.000000   0.000000   0.000000   0.000000   0.000000   0.000000
      6       0.000000   0.000000   0.000000   0.000000   0.000000   0.000000
      7       0.000000   0.000000   0.000000   0.000000   0.000000   0.000000
      8       0.000000   0.000000   0.000000   0.000000   0.000000   0.000000
      9       0.000000   0.000000   0.000000   0.000000   0.000000   0.000000
     10       0.000000   0.000000   0.000000   0.000000   0.000000   0.000000
     11       0.000000   0.000000   0.000000   0.000000   0.000000   0.000000
     12       0.000000   0.000000   0.000000   0.000000   0.000000   0.000000
     13       0.000000   0.000000   0.000000   0.000000   0.000000   0.000000
     14       0.000000   0.000000   0.000000   0.000000   0.000000   0.000000
     15       0.000000   0.000000   0.000000   0.000000   0.000000   0.000000
     16       0.000000   0.000000   0.000000   0.000000   0.000000   0.000000
     17       0.000000   0.000000   0.000000   0.000000   0.000000   0.000000
     18       0.000000   0.000000   0.000000   0.000000   0.000000   0.000000
     19       0.000000   0.000000   0.000000   0.000000   0.000000   0.000000
     20       0.000000   0.000000   0.000000   0.000000   0.000000   0.000000
     21       0.000000   0.000000   0.000000   0.000000   0.000000   0.000000
     22       0.000000   0.000000   0.000000   0.000000   0.000000   0.000000
     23       0.000000   0.000000   0.000000   0.000000   0.000000   0.000000
     24       0.000000   0.000000   0.000000   0.000000   0.000000   0.000000
     25       0.000000   0.000000   0.000000   0.000000   0.000000   0.000000
     26       0.000000   0.000000   0.000000   0.000000   0.000000   0.000000
     27       0.000000   0.000000   0.000000   0.000000   0.000000   0.000000
     28       0.000000   0.000000   0.000000   0.000000   0.000000   0.000000
     29       0.000000   0.000000   0.000000   0.000000   0.000000   0.000000
     30       0.000000   0.000000   0.000000   0.000000   0.000000   0.000000
     31       0.000000   0.000000   0.000000   0.000000   0.000000   0.000000
     32       0.000000   0.000000   0.000000   0.000000   0.000000   0.000000
     33       0.000000   0.000000   0.000000   0.000000   0.000000   0.000000
     34       0.000000   0.000000   0.000000   0.000000   0.000000   0.000000
     35       0.000000   0.000000   0.000000   0.000000   0.000000   0.000000
     36       0.000000   0.000000   0.000000   0.000000   0.000000   0.000000
     37       0.000000   0.000000   0.000000   0.000000   0.000000   0.000000
     38       0.000000   0.000000   0.000000   0.000000   0.000000   0.000000
     39       0.000000   0.000000   0.000000   0.000000   0.000000   0.000000
     40       0.000000   0.000000   0.000000   0.000000   0.000000   0.000000
     41       0.000000   0.000000   0.000000   0.000000   0.000000   0.000000
     42       0.000000   0.000000   0.000000   0.000000   0.000000   0.000000
     43       0.000000   0.000000   0.000000   0.000000   0.000000   0.000000
     44       0.000000   0.000000   0.000000   0.000000   0.000000   0.000000
     45       0.000000   0.000000   0.000000   0.000000   0.000000   0.000000
     46       0.000000   0.000000   0.000000   0.000000   0.000000   0.000000
     47       0.000000   0.000000   0.000000   0.000000   0.000000   0.000000
     48       0.000000   0.000000   0.000000   0.000000   0.000000   0.000000
     49       0.000000   0.000000   0.000000   0.000000   0.000000   0.000000
     50       0.000000   0.000000   0.000000   0.000000   0.000000   0.000000
                  6          7          8          9         10         11    
      0       0.056545  -0.079443  -0.022579   0.118556   0.080994   0.189002
      1       0.081345   0.069656   0.137074  -0.028142   0.107543   0.003449
      2       0.030792   0.041501   0.066769  -0.076241  -0.021735   0.084520
      3       0.028931   0.026689   0.000479   0.027325  -0.009120   0.279494
      4      -0.186643  -0.153788   0.000118  -0.017852  -0.019496   0.042796
      5      -0.026421  -0.142165  -0.001111   0.040116   0.038911   0.009847
      6      -0.082604   0.043902   0.023081  -0.068291  -0.102141   0.228294
      7       0.063911   0.078747  -0.135096  -0.040273   0.080582   0.063121
      8       0.026018   0.052080  -0.074816  -0.099143  -0.017877  -0.018250
      9      -0.011009  -0.011901  -0.000232  -0.018608   0.024628   0.003396
     10       0.104377   0.039652   0.002212   0.170961  -0.054674  -0.031036
     11      -0.040781   0.104404  -0.000862  -0.057106  -0.171875   0.009969
     12       0.062640   0.063302  -0.000827   0.066701  -0.084279  -0.236928
     13       0.054400  -0.017125  -0.068469   0.036814  -0.094917   0.015603
     14      -0.073257   0.076718   0.140438   0.100374   0.036159  -0.007125
     15       0.006167   0.005623  -0.000581  -0.020985  -0.014811  -0.281230
     16      -0.142760   0.027718   0.000679  -0.041927   0.036952  -0.026808
     17       0.155345  -0.188660   0.000902  -0.020117   0.021463  -0.014993
     18      -0.060795  -0.074638  -0.000537  -0.113114   0.104174  -0.180239
     19       0.041018  -0.042173   0.074367  -0.003305  -0.081848  -0.083321
     20      -0.077628   0.070118  -0.134895   0.086631   0.037667  -0.058765
     21       0.167780  -0.033342  -0.064652   0.295412   0.029246   0.196974
     22       0.116156   0.100089   0.160347  -0.038918   0.132109   0.009695
     23       0.196301   0.226636   0.277199  -0.280999   0.188391   0.107098
     24      -0.019495  -0.241115  -0.017749   0.118501   0.201025   0.211144
     25       0.209418   0.208805   0.326633  -0.227480   0.311216   0.039590
     26      -0.052784  -0.062433  -0.038311   0.035110  -0.114109   0.066979
     27       0.235115   0.260475  -0.000414  -0.087883   0.107056   0.226543
     28      -0.259511  -0.211885  -0.052087  -0.000510  -0.072976   0.066854
     29      -0.036100  -0.201069   0.101335   0.094888   0.054034   0.012188
     30      -0.053997   0.159321   0.072109  -0.014631  -0.282997   0.266452
     31       0.209496   0.252471  -0.323826  -0.221617   0.254963   0.087716
     32      -0.046355  -0.025081   0.029010  -0.000670  -0.125309  -0.024282
     33      -0.233803  -0.046547   0.012730  -0.189534  -0.093241   0.279384
     34       0.056790   0.082982  -0.159864  -0.082746   0.105983   0.074045
     35       0.178543   0.224034  -0.294990  -0.310590   0.212854   0.018365
     36      -0.016668   0.206746  -0.005275   0.053280  -0.219926  -0.279477
     37       0.224448  -0.156945  -0.287979  -0.179186  -0.326012   0.030963
     38      -0.100223   0.103905   0.168157   0.128950   0.060367  -0.013985
     39       0.232516  -0.015124   0.000184   0.180148  -0.087521  -0.286696
     40      -0.018752   0.052682   0.041309   0.151594   0.017485  -0.006910
     41      -0.220171   0.207963   0.333550   0.293441   0.233741  -0.039910
     42      -0.207451   0.202028   0.017277   0.093837   0.084869  -0.234257
     43      -0.241977   0.074032  -0.099529  -0.035594   0.110910   0.001239
     44       0.229683  -0.276542  -0.052416  -0.082519  -0.003098  -0.034043
     45      -0.002115  -0.192560  -0.049050  -0.063297   0.266734  -0.210103
     46       0.229230  -0.222670   0.284053  -0.229513  -0.268527  -0.048882
     47      -0.089088   0.074818  -0.158542   0.111914   0.072066  -0.063972
     48      -0.169891  -0.048523   0.049300  -0.298122   0.048775  -0.187843
     49      -0.059479   0.038054  -0.020336   0.073477   0.008396  -0.092981
     50      -0.244399   0.216074  -0.321970   0.274558   0.222438  -0.080251
                 12         13         14         15         16         17    
      0       0.050987  -0.117693  -0.016657  -0.041314  -0.055707   0.042413
      1       0.087865  -0.080542   0.067018  -0.084632   0.011210  -0.071424
      2      -0.188696   0.128763   0.032900   0.020654   0.089037   0.113441
      3      -0.234877   0.155638  -0.001200   0.030125  -0.012077  -0.137373
      4      -0.012676   0.005826   0.003663   0.010642  -0.006179   0.017778
      5      -0.007904  -0.001812  -0.008065  -0.001221  -0.008998   0.001901
      6       0.082341  -0.108320   0.016783   0.044761   0.028984   0.080732
      7      -0.112123   0.054573  -0.062674  -0.086930   0.038273   0.024274
      8       0.207116  -0.125647  -0.033972   0.035703   0.088300  -0.062934
      9       0.181888  -0.000684  -0.000207   0.021692  -0.010474  -0.066755
     10       0.022144   0.006851   0.000145  -0.026669   0.094422  -0.029644
     11       0.006518  -0.002058   0.000533  -0.089726  -0.030725  -0.067596
     12       0.045272   0.087164   0.006262   0.024594  -0.030022   0.087716
     13       0.224579   0.137204   0.033369   0.098338  -0.026064  -0.038245
     14       0.098497   0.063935  -0.064922  -0.023794  -0.092286  -0.041156
     15      -0.231653  -0.153546   0.000062   0.031462   0.012426  -0.130183
     16      -0.040737  -0.024955  -0.007818  -0.003281   0.002574  -0.039776
     17       0.001126   0.007923  -0.004352   0.003283   0.010178   0.020112
     18       0.079049   0.139289  -0.005154  -0.058555   0.057706   0.019832
     19      -0.168530  -0.115269  -0.037377   0.070986  -0.031008   0.129637
     20      -0.106030  -0.065828   0.066516  -0.029070  -0.082471   0.048229
     21       0.094004  -0.258254   0.148507  -0.244818   0.053528  -0.059114
     22       0.100624  -0.097104   0.035472  -0.072973  -0.012674  -0.079717
     23      -0.179968   0.151329  -0.323002   0.291084  -0.167085   0.129218
     24       0.143062  -0.269225  -0.081683  -0.007318  -0.214759   0.184364
     25       0.111164  -0.104223  -0.269968   0.175117  -0.247826  -0.041494
     26      -0.195816   0.124382   0.208112  -0.114787   0.208370   0.113760
     27       0.055619  -0.167884   0.006538  -0.242822   0.205408   0.480582
     28      -0.108059   0.117903  -0.059467   0.114168  -0.045633  -0.175535
     29      -0.072025   0.053751   0.108929   0.010730  -0.098636  -0.135758
     30       0.149568  -0.235182  -0.141611  -0.100910   0.249491   0.019049
     31      -0.099839   0.058877   0.228863   0.165098  -0.222584   0.034804
     32       0.215943  -0.146675  -0.201270  -0.110157   0.249856  -0.072713
     33       0.197311  -0.250422   0.081639   0.194090  -0.038006   0.289981
     34      -0.100809   0.036758  -0.013660  -0.030156  -0.009950   0.052650
     35       0.222329  -0.145154   0.320947   0.349217  -0.246252  -0.040937
     36       0.112997   0.209600  -0.080719  -0.058970  -0.184756   0.033551
     37       0.232921   0.178007  -0.325473  -0.213222  -0.370749  -0.063096
     38       0.108545   0.070500  -0.022520   0.012304  -0.058883  -0.039069
     39       0.158810   0.228056   0.056754   0.161880   0.024605   0.295356
     40       0.247126   0.162190   0.212319   0.263291   0.142838  -0.007222
     41       0.110297   0.080868   0.248011   0.253562   0.204516  -0.020668
     42       0.036796   0.143431  -0.012244  -0.213568  -0.197942   0.437521
     43       0.054597   0.095123   0.111231  -0.131280  -0.019828   0.152163
     44      -0.124147  -0.122127   0.053862   0.089123   0.119468  -0.239817
     45       0.174238   0.291894  -0.146346   0.033977   0.272714   0.162606
     46      -0.173085  -0.101506   0.318104  -0.205126  -0.274958   0.133545
     47      -0.104190  -0.058210   0.018505   0.008464  -0.039811   0.056696
     48       0.123040   0.281827   0.172739  -0.272229  -0.061774  -0.079444
     49      -0.165097  -0.113773  -0.185403   0.177247   0.076798   0.125633
     50      -0.094177  -0.083628  -0.251603   0.209316   0.147427   0.062727
                 18         19         20         21         22         23    
      0       0.001514  -0.046076  -0.051744   0.049501  -0.145745   0.133315
      1       0.039528   0.080091   0.008540  -0.060839   0.023761  -0.023751
      2       0.055229   0.003114  -0.019209   0.125183  -0.133477   0.116475
      3      -0.047303   0.049530   0.063481  -0.131465   0.000368   0.008401
      4       0.011993  -0.009027   0.020728  -0.010727  -0.113385   0.114369
      5       0.006618  -0.012969   0.003939  -0.019552   0.224776  -0.212992
      6       0.015134   0.021578  -0.031946   0.055559   0.146453  -0.134594
      7      -0.019196  -0.082105  -0.028307   0.036772   0.079272  -0.111292
      8      -0.088771   0.032173   0.055340  -0.087887  -0.113203   0.097740
      9       0.004440  -0.004705   0.049635  -0.004133   0.004273   0.001952
     10      -0.036909   0.039425  -0.007343   0.039301  -0.003139  -0.016074
     11       0.012007  -0.012820  -0.040025  -0.012744  -0.013725   0.004544
     12      -0.017473  -0.002170  -0.039891  -0.067449   0.151863   0.174112
     13       0.033746  -0.088415   0.047291   0.069250  -0.088991  -0.126672
     14       0.084640   0.022308   0.030265   0.054041  -0.053420  -0.028763
     15       0.045704  -0.048684   0.064905   0.129923  -0.032325  -0.047380
     16       0.015271  -0.009635  -0.001797   0.028692   0.200908   0.230935
     17      -0.015362   0.018924   0.011298   0.013828   0.107815   0.117938
     18      -0.006265   0.029916  -0.047513  -0.028808  -0.118930  -0.129552
     19      -0.001782   0.071552  -0.027312  -0.130541  -0.114672  -0.123095
     20      -0.068138  -0.051352  -0.007090  -0.063675  -0.079181  -0.080028
     21      -0.036106   0.153139  -0.337316   0.289830  -0.350170   0.214270
     22      -0.004062   0.063017  -0.036107  -0.024112   0.002226  -0.022740
     23      -0.232536  -0.255772  -0.123889   0.233657  -0.095257   0.055353
     24       0.087166  -0.156332  -0.019295  -0.059393   0.002810   0.071205
     25      -0.225554  -0.164834  -0.084355  -0.006442   0.002873  -0.015657
     26       0.211764   0.123517   0.039035   0.075388  -0.086498   0.086555
     27       0.408666  -0.342883   0.463490  -0.380467   0.039564   0.046016
     28      -0.203394   0.050870  -0.086814   0.053145  -0.197416   0.149714
     29       0.061585   0.187342  -0.076709   0.010134   0.357686  -0.308102
     30      -0.204550   0.072830  -0.289525   0.301012   0.245112  -0.350373
     31       0.131144   0.176174  -0.140631   0.187422   0.089778  -0.053897
     32      -0.187851  -0.094173   0.087771  -0.142517  -0.106292   0.041520
     33       0.090154  -0.030111   0.043582  -0.002338   0.064957  -0.006800
     34       0.010896  -0.054360  -0.027895   0.039072   0.063834  -0.081405
     35       0.096713   0.339274  -0.053870   0.029327  -0.021978   0.105732
     36       0.160643  -0.110126  -0.316750  -0.342897   0.233027   0.379021
     37       0.253186   0.179100   0.104285   0.172336  -0.084233  -0.005534
     38       0.064408  -0.020816   0.008068   0.026850  -0.047922  -0.029353
     39      -0.085954   0.063441   0.041636  -0.003352   0.074894   0.036281
     40      -0.064413  -0.233375  -0.001332   0.014356  -0.039809  -0.128249
     41      -0.078833  -0.246599  -0.063403  -0.047061   0.018012  -0.037868
     42      -0.356984   0.337785   0.443397   0.365081  -0.014611  -0.096244
     43      -0.277748   0.000018   0.116773   0.111751   0.345285   0.319933
     44       0.094535  -0.204412  -0.143309  -0.063992   0.159738   0.182579
     45      -0.028754   0.194622  -0.037248   0.063694   0.014404  -0.059678
     46      -0.319381  -0.170705   0.086471  -0.036545  -0.044828  -0.080653
     47      -0.036946  -0.014746  -0.015442  -0.061581  -0.063834  -0.062845
     48       0.019498  -0.176754  -0.328738  -0.265374  -0.317682  -0.231021
     49       0.137123   0.168568  -0.108488  -0.211818  -0.117454  -0.102993
     50       0.188655   0.181994  -0.099721  -0.158429  -0.052349  -0.023056
                 24         25         26         27         28         29    
      0       0.014436  -0.015677   0.028822  -0.015418   0.039286   0.018607
      1       0.007030   0.000158  -0.045517   0.061243   0.018742  -0.015433
      2       0.017584  -0.011369  -0.033440   0.020111   0.058291   0.020006
      3      -0.000966   0.000579  -0.031091   0.003096  -0.029862  -0.001893
      4       0.019083  -0.013944   0.061523  -0.069095  -0.012419  -0.036854
      5      -0.033708   0.029568   0.024453  -0.045584   0.010900  -0.003378
      6      -0.013007   0.015452   0.021209  -0.019606   0.000807  -0.015532
      7      -0.022201   0.007737  -0.031881   0.077974   0.025187  -0.025869
      8       0.002160  -0.007483  -0.054820   0.000300   0.015984   0.007243
      9       0.000228  -0.000437   0.071026   0.014488   0.115846  -0.018555
     10       0.002173   0.003528   0.045708  -0.130132  -0.040454   0.164307
     11       0.006616  -0.001144   0.117718   0.041853  -0.166584  -0.052657
     12      -0.017283  -0.017259   0.017906   0.003849   0.004577   0.020275
     13       0.016256   0.007486  -0.002329   0.065391  -0.010818  -0.021510
     14      -0.010240   0.002617  -0.064386  -0.046556   0.027616   0.007808
     15       0.005027   0.004194  -0.019972   0.007497  -0.032319   0.009180
     16      -0.034738  -0.028296  -0.040709  -0.029025   0.010207  -0.026992
     17      -0.016322  -0.016017   0.057324   0.077275   0.003495   0.024254
     18       0.014224   0.014468   0.021466   0.004427   0.038571  -0.013642
     19       0.007386   0.009734   0.022496   0.040052   0.026355  -0.027597
     20       0.017444   0.008194  -0.055270  -0.052636   0.055829  -0.006594
     21      -0.333326   0.342248   0.032035   0.084456  -0.194542  -0.414900
     22      -0.041353   0.043893  -0.018920   0.043280  -0.023757  -0.057375
     23      -0.076304   0.059508   0.175578  -0.192457  -0.025640   0.018907
     24       0.343150  -0.342720  -0.292723   0.373445  -0.544668   0.113430
     25      -0.020170   0.005528   0.071341  -0.061659  -0.179214  -0.016617
     26       0.090102  -0.074287  -0.156677   0.159017   0.067232   0.044299
     27       0.008452   0.004014   0.233541  -0.337812  -0.095750  -0.111747
     28      -0.061741   0.048974  -0.041626   0.029872   0.030113   0.025971
     29       0.116023  -0.095763  -0.003550   0.043420  -0.033301  -0.031331
     30       0.313982  -0.341712  -0.160398  -0.126678   0.238869  -0.030245
     31       0.100401  -0.071122   0.141216  -0.129054  -0.007492   0.012176
     32      -0.028084   0.000069  -0.169425   0.093803   0.050464  -0.011548
     33      -0.337927   0.335609  -0.428732   0.180475  -0.148140   0.516547
     34      -0.066150   0.058830  -0.089957   0.091896  -0.009463   0.072560
     35       0.089412  -0.045429   0.079009  -0.241130  -0.076185   0.057140
     36       0.327777   0.348908  -0.118149   0.156024   0.229878   0.028416
     37      -0.033875   0.011077  -0.241330  -0.131580   0.082600   0.022051
     38       0.015179   0.019389  -0.046110  -0.009782   0.021618   0.000378
     39      -0.348461  -0.343029  -0.441629  -0.210372  -0.142826  -0.515027
     40       0.037471   0.006912   0.032348   0.176342  -0.066274  -0.076282
     41       0.055844   0.024400   0.039336   0.154311  -0.058519  -0.054725
     42      -0.010844  -0.019306   0.220323   0.327690  -0.085994   0.104046
     43       0.117333   0.093510   0.077010   0.065299  -0.061566   0.061302
     44       0.057930   0.049862  -0.041789  -0.074223  -0.003305   0.003178
     45       0.325942   0.330960  -0.261574  -0.344157  -0.572091  -0.105372
     46       0.135628   0.115295  -0.204465  -0.214351   0.073892  -0.062586
     47       0.039882   0.035666  -0.067553  -0.070096  -0.014240  -0.019684
     48      -0.328466  -0.340149   0.015250  -0.104190  -0.192939   0.419012
     49      -0.076826  -0.067242   0.122442   0.128736  -0.034649   0.025450
     50      -0.064725  -0.052266   0.129615   0.136776  -0.022539  -0.008404
                 30         31         32         33         34         35    
      0      -0.027540  -0.108105  -0.093629   0.096722   0.006203   0.114250
      1      -0.008312  -0.047328  -0.007475   0.028421  -0.027316   0.037512
      2      -0.032029   0.013710   0.029726   0.007979  -0.014104  -0.014657
      3       0.044120  -0.003064  -0.000890  -0.030204  -0.000348   0.006532
      4       0.054997   0.001267   0.005029  -0.025526   0.029986  -0.014194
      5       0.035086  -0.010575  -0.006388  -0.012775  -0.057111   0.000154
      6      -0.038431   0.119341   0.088572   0.095965   0.000044   0.117703
      7      -0.043685  -0.010679   0.022481   0.024890   0.030768   0.005488
      8       0.024892   0.030003   0.038475   0.015544   0.017878   0.034075
      9      -0.129322  -0.011386   0.027121   0.000688  -0.007151  -0.299541
     10      -0.039413   0.125749  -0.054845  -0.006869  -0.005572  -0.038185
     11      -0.077606  -0.056654  -0.129278   0.002249  -0.015372  -0.014112
     12      -0.048261  -0.090088   0.111699  -0.097796   0.004865   0.114400
     13       0.041365  -0.043327   0.032289  -0.008125  -0.013687   0.037593
     14      -0.002605  -0.001843   0.040130  -0.020955   0.031528   0.025233
     15       0.051696   0.002015   0.000096   0.033758   0.008982   0.004130
     16      -0.014424   0.005817  -0.009494  -0.006857  -0.055393   0.009014
     17       0.057453   0.006709  -0.003740   0.023260  -0.028359  -0.010429
     18      -0.026025   0.092242  -0.118601  -0.099653   0.001573   0.119923
     19      -0.017312  -0.022511   0.009837  -0.001164   0.014361  -0.014785
     20      -0.029020   0.014819   0.023026  -0.016769  -0.026815   0.000350
     21       0.294314   0.206995   0.357254  -0.362960   0.051262  -0.268646
     22       0.034147  -0.001435   0.034826  -0.026068  -0.009895  -0.022768
     23       0.002942   0.114228   0.007975  -0.087096   0.128803  -0.247568
     24      -0.145949   0.469299   0.154474  -0.287026  -0.097548  -0.213849
     25       0.077642   0.078320  -0.016297  -0.057759  -0.061870   0.116704
     26      -0.113061   0.049659   0.079195  -0.014381  -0.013029  -0.122744
     27       0.309903  -0.007105  -0.010276  -0.183236   0.005636  -0.082992
     28      -0.014607   0.015187   0.016315   0.016604  -0.304445   0.046867
     29      -0.034125  -0.034065  -0.022737   0.015327   0.589834  -0.048410
     30       0.468877  -0.415231  -0.136611  -0.358677  -0.047423  -0.266183
     31       0.042968  -0.050433  -0.086993  -0.078352  -0.116062  -0.197842
     32       0.035142  -0.003698   0.072892   0.028254   0.096033   0.111446
     33       0.014112  -0.273458  -0.432304  -0.279261   0.063946  -0.236939
     34      -0.030339  -0.076323  -0.075625  -0.045509   0.042607  -0.045689
     35       0.162790   0.040540  -0.049486  -0.048118   0.047029   0.161389
     36       0.466185   0.368619  -0.243848   0.367814  -0.073177  -0.311880
     37       0.078663   0.061052   0.072573  -0.008054   0.134689   0.178975
     38       0.023674   0.009431   0.016015  -0.000502   0.013684  -0.006080
     39       0.001281   0.181779  -0.489588   0.279355   0.065827  -0.245851
     40       0.121114  -0.041507  -0.045872   0.046712   0.006259   0.083375
     41       0.114233  -0.018918  -0.053738   0.047621   0.058001   0.124125
     42       0.302143  -0.000675  -0.005140   0.177142  -0.089432  -0.074846
     43       0.052727   0.026142  -0.034441   0.039871   0.567992  -0.043893
     44      -0.055931   0.016558  -0.012289  -0.034005   0.295962   0.012439
     45      -0.121981  -0.426532   0.243755   0.290888  -0.104590  -0.182732
     46      -0.155485  -0.037150   0.099640   0.018728   0.021530  -0.202518
     47      -0.038013  -0.044306   0.056435   0.026822  -0.039046  -0.021559
     48       0.291877  -0.112995   0.392667   0.355126   0.039587  -0.251016
     49       0.031978  -0.094987   0.070667   0.101122   0.089480  -0.170377
     50       0.003051  -0.076126   0.021704   0.062795   0.092455  -0.188326
                 36         37         38         39         40         41    
      0       0.004802  -0.005677  -0.004405   0.017639   0.003935  -0.000996
      1      -0.028486  -0.029101  -0.028512   0.030422   0.025224  -0.022567
      2      -0.018090   0.044013   0.032408  -0.053827  -0.047064   0.025141
      3      -0.000552  -0.000275   0.000095   0.007315   0.001170   0.000475
      4       0.027660   0.001732   0.004859   0.001223   0.000802  -0.000058
      5      -0.055267  -0.005939  -0.006184   0.000416   0.001066   0.000409
      6      -0.001088   0.004260   0.004058   0.021306   0.003559   0.001341
      7       0.027816  -0.012980  -0.014411  -0.028437  -0.023997  -0.005565
      8       0.013906   0.044472   0.040146   0.062577   0.046069   0.014782
      9      -0.005726   0.005294  -0.001711  -0.083343   0.001629   0.001102
     10       0.012904  -0.002004   0.012306  -0.013294  -0.006432  -0.000391
     11      -0.004364  -0.011275  -0.003036  -0.012367   0.002250  -0.000886
     12      -0.000316  -0.000974   0.001528   0.011414   0.003924  -0.001288
     13       0.015741   0.031013  -0.040494   0.061775  -0.047687   0.020626
     14      -0.027522   0.024479  -0.028127   0.032646  -0.024167   0.014602
     15      -0.008536   0.000224  -0.001496   0.007358  -0.001413   0.000526
     16       0.055748  -0.003704   0.008107   0.000633  -0.000174   0.000476
     17       0.029439  -0.003473   0.002843   0.000514  -0.001243   0.000471
     18       0.003173  -0.012094   0.013948   0.026332  -0.012367  -0.009939
     19      -0.013914   0.040723  -0.047192  -0.050460   0.047453   0.044916
     20       0.032234   0.017647  -0.013038  -0.026793   0.024606   0.010993
     21       0.028951   0.030374   0.023462  -0.032375  -0.020570  -0.046135
     22      -0.007816  -0.070716  -0.062607   0.068925   0.069046   0.412839
     23       0.167505  -0.375718  -0.288922   0.326363   0.338925  -0.046339
     24      -0.062713  -0.049107  -0.037326   0.005928   0.014372   0.044677
     25      -0.061762   0.341136   0.284117  -0.301571  -0.310546  -0.147771
     26      -0.010488  -0.178390  -0.157318   0.135050   0.145141  -0.248519
     27       0.005167  -0.001500   0.006739  -0.006543  -0.006832  -0.004236
     28      -0.292527  -0.077872  -0.079776   0.001021   0.006013  -0.006665
     29       0.564811   0.150518   0.153206   0.011999  -0.003966   0.000047
     30      -0.050332  -0.027589  -0.027242  -0.040542  -0.025529   0.015985
     31      -0.128495   0.309324   0.279042   0.341854   0.322034  -0.091424
     32       0.099667  -0.135280  -0.125782  -0.145840  -0.143483  -0.166552
     33       0.074632   0.039637   0.041482   0.005183   0.007949  -0.025790
     34       0.044262  -0.040170  -0.039462  -0.070201  -0.061159   0.161609
     35       0.044179  -0.354599  -0.313772  -0.364369  -0.342087  -0.013142
     36       0.073885   0.036487  -0.042002   0.035587  -0.048255   0.014738
     37      -0.148407  -0.279412   0.344523  -0.354663   0.350826  -0.032857
     38      -0.010474   0.060438  -0.070466   0.079767  -0.072738  -0.305090
     39      -0.087866   0.044778  -0.060048   0.013958  -0.017782   0.010924
     40      -0.003208  -0.141958   0.165052  -0.150450   0.151058  -0.216638
     41      -0.055352  -0.268233   0.324566  -0.329954   0.321608   0.130211
     42       0.088647  -0.023308   0.022767  -0.006961   0.005479  -0.006438
     43      -0.575832   0.123798  -0.174232   0.005818   0.007856   0.006203
     44      -0.298049   0.065062  -0.089310   0.011180  -0.001165  -0.003953
     45       0.070227   0.025637  -0.033615  -0.060701   0.057647   0.042553
     46      -0.036766  -0.329720   0.377701   0.309174  -0.339125  -0.025537
     47       0.040652   0.048637  -0.046454  -0.063152   0.063622  -0.413007
     48      -0.024384   0.034811  -0.034633  -0.038143   0.028811   0.056359
     49      -0.116010  -0.136488   0.135138   0.124228  -0.139908  -0.506675
     50      -0.137849  -0.303628   0.322843   0.299410  -0.323577   0.283967
                 42         43         44         45         46         47    
      0      -0.001954  -0.000730  -0.001674  -0.009722  -0.008903  -0.006604
      1      -0.023507  -0.015606  -0.021991   0.049580   0.044383   0.035476
      2       0.031561   0.019247   0.024462   0.031425   0.027860   0.024255
      3       0.000088   0.001544   0.001673  -0.000166  -0.000424  -0.000725
      4      -0.000142   0.001012   0.001096  -0.001532  -0.003266  -0.004264
      5       0.000557   0.000443   0.000531   0.000136  -0.000957  -0.002652
      6       0.002033  -0.002091  -0.002384   0.005345  -0.003099  -0.010848
      7      -0.009087   0.010592   0.007640  -0.028353   0.019966   0.060580
      8       0.034998  -0.039043  -0.033849  -0.011884   0.005691   0.024818
      9      -0.000087   0.003265  -0.000015   0.000102  -0.000219   0.000199
     10       0.001061   0.000665   0.000191   0.000046   0.001452   0.000818
     11      -0.000563   0.000776  -0.000090   0.000170  -0.000801   0.001410
     12       0.001401   0.002664  -0.001383   0.000427  -0.000369  -0.000469
     13      -0.018731  -0.033601   0.027367   0.016161   0.026459  -0.027788
     14      -0.016046  -0.026833   0.023366  -0.026228  -0.037942   0.045559
     15      -0.000021   0.001670  -0.001824  -0.000490   0.001446  -0.000897
     16      -0.000261  -0.000280   0.000266   0.001324  -0.002426   0.000816
     17      -0.000342   0.000803  -0.000960  -0.000843   0.004209  -0.003216
     18       0.005911  -0.004229   0.007175  -0.001933   0.002039  -0.000286
     19      -0.024824   0.020216  -0.029962  -0.023360   0.023940  -0.005903
     20      -0.008915   0.005274  -0.006369   0.057028  -0.059222   0.018410
     21      -0.048192  -0.032573  -0.038960   0.035394   0.028630   0.022708
     22       0.468658   0.286406   0.393690  -0.355181  -0.320393  -0.239272
     23      -0.053234  -0.032648  -0.048647   0.046912   0.043770   0.031233
     24       0.056044   0.029556   0.044169   0.076640   0.066460   0.058227
     25      -0.191762  -0.109332  -0.136389  -0.238554  -0.209424  -0.175860
     26      -0.323823  -0.181580  -0.236406  -0.428156  -0.374087  -0.318215
     27      -0.000029  -0.012471  -0.012427   0.003548   0.009639   0.014339
     28      -0.002235  -0.015985  -0.018210   0.014265   0.033962   0.049915
     29       0.004258  -0.009147  -0.009530   0.003698   0.016315   0.026221
     30       0.042558  -0.047015  -0.037264  -0.018174   0.009954   0.031586
     31      -0.213994   0.230510   0.198283   0.088821  -0.045657  -0.182779
     32      -0.390284   0.422331   0.369699   0.168805  -0.083899  -0.351453
     33      -0.053406   0.055091   0.048880  -0.043469   0.033200   0.088916
     34       0.324309  -0.350349  -0.286792   0.259254  -0.188128  -0.536931
     35      -0.025340   0.026747   0.025104  -0.027227   0.021528   0.055296
     36      -0.017309  -0.029117   0.021502  -0.010996  -0.012812   0.013756
     37       0.032446   0.055246  -0.050582   0.023805   0.031016  -0.044594
     38       0.304407   0.509578  -0.430619   0.191042   0.250822  -0.330835
     39      -0.008315  -0.017816   0.010938   0.010018   0.014383  -0.018136
     40       0.189181   0.327403  -0.265316  -0.224270  -0.346104   0.371991
     41      -0.114166  -0.198304   0.156713   0.127350   0.195006  -0.213129
     42       0.000151  -0.014646   0.015114   0.006408  -0.022416   0.014748
     43      -0.002890   0.004602  -0.006398  -0.008965   0.022530  -0.013899
     44      -0.001677  -0.015967   0.017632   0.011980  -0.048833   0.033179
     45      -0.025513   0.015225  -0.029322   0.057775  -0.059042   0.020733
     46       0.016959  -0.010040   0.018528  -0.045256   0.046010  -0.016050
     47       0.264392  -0.176240   0.255016  -0.514149   0.526296  -0.169234
     48      -0.033954   0.022451  -0.041026  -0.039139   0.043510  -0.009764
     49       0.279650  -0.217307   0.333916   0.321276  -0.329325   0.082524
     50      -0.156473   0.121445  -0.182594  -0.172297   0.175443  -0.045283
                 48         49         50    
      0      -0.005753   0.000149   0.002822
      1       0.028770  -0.000325  -0.006278
      2       0.017234   0.000037  -0.000636
      3       0.000200  -0.001297  -0.028241
      4       0.000622  -0.002751  -0.058703
      5       0.001434  -0.001331  -0.030073
      6       0.009986   0.000055   0.002776
      7      -0.054657  -0.000244  -0.004176
      8      -0.022793  -0.000155  -0.004837
      9      -0.000028  -0.000600   0.000688
     10       0.000102  -0.000177  -0.000087
     11      -0.000045   0.000139  -0.000062
     12      -0.000467  -0.002192   0.000189
     13      -0.031341  -0.001071  -0.000015
     14       0.050159   0.006564  -0.000336
     15      -0.000238   0.037279  -0.001729
     16      -0.000366  -0.023570   0.001028
     17      -0.001502   0.056584  -0.002655
     18       0.001096  -0.001566   0.000066
     19       0.013571  -0.005176   0.000172
     20      -0.030787   0.004336  -0.000234
     21       0.019557   0.000334  -0.001205
     22      -0.212561   0.002542   0.046068
     23       0.028674  -0.000373  -0.002223
     24       0.045255   0.000157  -0.007292
     25      -0.132533   0.000724   0.012880
     26      -0.239901   0.000692   0.022957
     27      -0.003547   0.015510   0.334261
     28      -0.009838   0.038562   0.832331
     29      -0.010442   0.019794   0.426960
     30      -0.029236  -0.000315  -0.000683
     31       0.167310   0.001061   0.025002
     32       0.320757   0.001456   0.039322
     33      -0.084516  -0.000724  -0.007673
     34       0.486903   0.001508   0.026451
     35      -0.052349  -0.000315  -0.002667
     36       0.015952  -0.001710   0.000352
     37      -0.046721  -0.002817   0.000321
     38      -0.357505  -0.046839   0.002499
     39      -0.016036   0.002157   0.000191
     40       0.423436   0.024143  -0.000715
     41      -0.238773  -0.013680   0.000607
     42       0.004820  -0.463838   0.021480
     43      -0.001081   0.346858  -0.016085
     44       0.013916  -0.807021   0.037389
     45      -0.033340   0.006029  -0.000811
     46       0.024634  -0.001625   0.000293
     47       0.274353  -0.026712   0.001499
     48       0.024020  -0.008089  -0.000100
     49      -0.184132   0.038129  -0.001366
     50       0.098165  -0.024928   0.001169
# -----------------------------------------------------------
$ THERMOCHEMISTRY_Energies
   description: The Thermochemistry energies
   geom. index: 1
   prop. index: 1
        Temperature (Kelvin)           :        298.1500000000
        Pressure (atm)                 :          1.0000000000
        Total Mass (AMU)               :         98.1490000000
        Spin Degeneracy                :          1.0000000000
        Electronic Energy (Hartree)    :       -306.1290030287
        Translational Energy (Hartree) :          0.0014162714
        Rotational Energy (Hartree)    :          0.0014162714
        Vibrational Energy (Hartree)   :          0.0034349067
        Number of frequencies          :     51      
        Scaling Factor for frequencies :          1.0000000000
        Vibrational frequencies        :     
                  0    
      0       0.000000
      1       0.000000
      2       0.000000
      3       0.000000
      4       0.000000
      5       0.000000
      6      68.179556
      7      70.393155
      8     306.590164
      9     385.799937
     10     386.197514
     11     523.780294
     12     828.866413
     13     906.463743
     14     962.412515
     15     988.721309
     16     989.704361
     17     1031.283852
     18     1046.842406
     19     1053.306257
     20     1070.138210
     21     1089.248651
     22     1126.211544
     23     1127.415618
     24     1202.252900
     25     1213.884121
     26     1266.010034
     27     1278.109642
     28     1323.838534
     29     1327.902287
     30     1332.661359
     31     1365.758827
     32     1365.930535
     33     1418.470717
     34     1488.302284
     35     1492.490801
     36     1493.562400
     37     1519.876607
     38     1520.346362
     39     1539.247868
     40     1541.665875
     41     2909.837325
     42     2910.575133
     43     2915.308301
     44     2921.582243
     45     2984.415792
     46     2986.618464
     47     2986.937643
     48     2993.393765
     49     3212.046637
     50     3212.890845
        Zero Point Energy (Hartree)    :          0.1541988531
        Inner Energy (Hartree)         :       -305.9685367260
        Enthalpy (Hartree)             :       -305.9675925170
        Electronic entropy             :          0.0000000000
        Rotational entropy             :          0.0128058184
        Vibrational entropy            :          0.0058340535
        Translational entropy          :          0.0128058184
        Entropy                        :          0.0374846532
        Gibbs Energy (Hartree)         :       -306.0050771702
        Is Linear                      :                 false
# -----------------------------------------------------------
$ PAL_Flags
   description: The PAL Flags
   geom. index: 2
   prop. index: 1
        Diskflag:     2
# -----------------------------------------------------------
$ SCF_Energy
   description: The SCF energy
   geom. index: 2
   prop. index: 1
        SCF Energy:     -306.1136612276
# -----------------------------------------------------------
$ DFT_Energy
   description: The DFT energy
   geom. index: 2
   prop. index: 1
   Number of Alpha Electrons                 26.9999602385 
   Number of Beta  Electrons                 26.9999602385 
   Total number of  Electrons                53.9999204770 
   Exchange energy                          -28.4934457461 
   Correlation energy                        -2.2130437935 
   Correlation energy NL                      0.0000000000 
   Exchange-Correlation energy              -30.7064895396 
   Embedding correction                       0.0000000000 
   Total DFT Energy (No VdW correction)    -306.1136612276 
# -----------------------------------------------------------
$ VdW_Correction
   description: The Van der Waals Correction
   geom. index: 2
   prop. index: 1
        Van der Waals Correction:       -0.0263539309
# -----------------------------------------------------------
$ PAL_Flags
   description: The PAL Flags
   geom. index: 3
   prop. index: 1
        Diskflag:     2
# -----------------------------------------------------------
$ SCF_Energy
   description: The SCF energy
   geom. index: 3
   prop. index: 1
        SCF Energy:     -306.1150944570
# -----------------------------------------------------------
$ DFT_Energy
   description: The DFT energy
   geom. index: 3
   prop. index: 1
   Number of Alpha Electrons                 26.9999419241 
   Number of Beta  Electrons                 26.9999419241 
   Total number of  Electrons                53.9998838482 
   Exchange energy                          -28.4847644521 
   Correlation energy                        -2.2121154132 
   Correlation energy NL                      0.0000000000 
   Exchange-Correlation energy              -30.6968798653 
   Embedding correction                       0.0000000000 
   Total DFT Energy (No VdW correction)    -306.1150944570 
# -----------------------------------------------------------
$ VdW_Correction
   description: The Van der Waals Correction
   geom. index: 3
   prop. index: 1
        Van der Waals Correction:       -0.0261927828
# -----------------------------------------------------------
$ PAL_Flags
   description: The PAL Flags
   geom. index: 4
   prop. index: 1
        Diskflag:     2
# -----------------------------------------------------------
$ SCF_Energy
   description: The SCF energy
   geom. index: 4
   prop. index: 1
        SCF Energy:     -306.1156889121
# -----------------------------------------------------------
$ DFT_Energy
   description: The DFT energy
   geom. index: 4
   prop. index: 1
   Number of Alpha Electrons                 26.9999444919 
   Number of Beta  Electrons                 26.9999444919 
   Total number of  Electrons                53.9998889839 
   Exchange energy                          -28.4832961526 
   Correlation energy                        -2.2120020498 
   Correlation energy NL                      0.0000000000 
   Exchange-Correlation energy              -30.6952982024 
   Embedding correction                       0.0000000000 
   Total DFT Energy (No VdW correction)    -306.1156889121 
# -----------------------------------------------------------
$ VdW_Correction
   description: The Van der Waals Correction
   geom. index: 4
   prop. index: 1
        Van der Waals Correction:       -0.0261469916
# -----------------------------------------------------------
$ PAL_Flags
   description: The PAL Flags
   geom. index: 5
   prop. index: 1
        Diskflag:     2
# -----------------------------------------------------------
$ SCF_Energy
   description: The SCF energy
   geom. index: 5
   prop. index: 1
        SCF Energy:     -306.1162055092
# -----------------------------------------------------------
$ DFT_Energy
   description: The DFT energy
   geom. index: 5
   prop. index: 1
   Number of Alpha Electrons                 26.9999699608 
   Number of Beta  Electrons                 26.9999699608 
   Total number of  Electrons                53.9999399216 
   Exchange energy                          -28.4841452545 
   Correlation energy                        -2.2121454807 
   Correlation energy NL                      0.0000000000 
   Exchange-Correlation energy              -30.6962907352 
   Embedding correction                       0.0000000000 
   Total DFT Energy (No VdW correction)    -306.1162055092 
# -----------------------------------------------------------
$ VdW_Correction
   description: The Van der Waals Correction
   geom. index: 5
   prop. index: 1
        Van der Waals Correction:       -0.0261390563
# -----------------------------------------------------------
$ PAL_Flags
   description: The PAL Flags
   geom. index: 6
   prop. index: 1
        Diskflag:     2
# -----------------------------------------------------------
$ SCF_Energy
   description: The SCF energy
   geom. index: 6
   prop. index: 1
        SCF Energy:     -306.1166931223
# -----------------------------------------------------------
$ DFT_Energy
   description: The DFT energy
   geom. index: 6
   prop. index: 1
   Number of Alpha Electrons                 26.9999841228 
   Number of Beta  Electrons                 26.9999841228 
   Total number of  Electrons                53.9999682457 
   Exchange energy                          -28.4856751545 
   Correlation energy                        -2.2123487311 
   Correlation energy NL                      0.0000000000 
   Exchange-Correlation energy              -30.6980238856 
   Embedding correction                       0.0000000000 
   Total DFT Energy (No VdW correction)    -306.1166931223 
# -----------------------------------------------------------
$ VdW_Correction
   description: The Van der Waals Correction
   geom. index: 6
   prop. index: 1
        Van der Waals Correction:       -0.0261493497
# -----------------------------------------------------------
$ PAL_Flags
   description: The PAL Flags
   geom. index: 7
   prop. index: 1
        Diskflag:     2
# -----------------------------------------------------------
$ SCF_Energy
   description: The SCF energy
   geom. index: 7
   prop. index: 1
        SCF Energy:     -306.1171661161
# -----------------------------------------------------------
$ DFT_Energy
   description: The DFT energy
   geom. index: 7
   prop. index: 1
   Number of Alpha Electrons                 26.9999825499 
   Number of Beta  Electrons                 26.9999825499 
   Total number of  Electrons                53.9999650997 
   Exchange energy                          -28.4881109765 
   Correlation energy                        -2.2126483484 
   Correlation energy NL                      0.0000000000 
   Exchange-Correlation energy              -30.7007593250 
   Embedding correction                       0.0000000000 
   Total DFT Energy (No VdW correction)    -306.1171661161 
# -----------------------------------------------------------
$ VdW_Correction
   description: The Van der Waals Correction
   geom. index: 7
   prop. index: 1
        Van der Waals Correction:       -0.0261810839
# -----------------------------------------------------------
$ PAL_Flags
   description: The PAL Flags
   geom. index: 8
   prop. index: 1
        Diskflag:     2
# -----------------------------------------------------------
$ SCF_Energy
   description: The SCF energy
   geom. index: 8
   prop. index: 1
        SCF Energy:     -306.1176450641
# -----------------------------------------------------------
$ DFT_Energy
   description: The DFT energy
   geom. index: 8
   prop. index: 1
   Number of Alpha Electrons                 26.9999837708 
   Number of Beta  Electrons                 26.9999837708 
   Total number of  Electrons                53.9999675416 
   Exchange energy                          -28.4888089680 
   Correlation energy                        -2.2127684985 
   Correlation energy NL                      0.0000000000 
   Exchange-Correlation energy              -30.7015774665 
   Embedding correction                       0.0000000000 
   Total DFT Energy (No VdW correction)    -306.1176450641 
# -----------------------------------------------------------
$ VdW_Correction
   description: The Van der Waals Correction
   geom. index: 8
   prop. index: 1
        Van der Waals Correction:       -0.0262007973
# -----------------------------------------------------------
$ PAL_Flags
   description: The PAL Flags
   geom. index: 9
   prop. index: 1
        Diskflag:     2
# -----------------------------------------------------------
$ SCF_Energy
   description: The SCF energy
   geom. index: 9
   prop. index: 1
        SCF Energy:     -306.1180743208
# -----------------------------------------------------------
$ DFT_Energy
   description: The DFT energy
   geom. index: 9
   prop. index: 1
   Number of Alpha Electrons                 26.9999883345 
   Number of Beta  Electrons                 26.9999883345 
   Total number of  Electrons                53.9999766690 
   Exchange energy                          -28.4899849058 
   Correlation energy                        -2.2129158660 
   Correlation energy NL                      0.0000000000 
   Exchange-Correlation energy              -30.7029007718 
   Embedding correction                       0.0000000000 
   Total DFT Energy (No VdW correction)    -306.1180743208 
# -----------------------------------------------------------
$ VdW_Correction
   description: The Van der Waals Correction
   geom. index: 9
   prop. index: 1
        Van der Waals Correction:       -0.0262507599
# -----------------------------------------------------------
$ PAL_Flags
   description: The PAL Flags
   geom. index: 10
   prop. index: 1
        Diskflag:     2
# -----------------------------------------------------------
$ SCF_Energy
   description: The SCF energy
   geom. index: 10
   prop. index: 1
        SCF Energy:     -306.1185327814
# -----------------------------------------------------------
$ DFT_Energy
   description: The DFT energy
   geom. index: 10
   prop. index: 1
   Number of Alpha Electrons                 26.9999947152 
   Number of Beta  Electrons                 26.9999947152 
   Total number of  Electrons                53.9999894304 
   Exchange energy                          -28.4872881598 
   Correlation energy                        -2.2127254443 
   Correlation energy NL                      0.0000000000 
   Exchange-Correlation energy              -30.7000136041 
   Embedding correction                       0.0000000000 
   Total DFT Energy (No VdW correction)    -306.1185327814 
# -----------------------------------------------------------
$ VdW_Correction
   description: The Van der Waals Correction
   geom. index: 10
   prop. index: 1
        Van der Waals Correction:       -0.0262409926
# -----------------------------------------------------------
$ PAL_Flags
   description: The PAL Flags
   geom. index: 11
   prop. index: 1
        Diskflag:     2
# -----------------------------------------------------------
$ SCF_Energy
   description: The SCF energy
   geom. index: 11
   prop. index: 1
        SCF Energy:     -306.1188339029
# -----------------------------------------------------------
$ DFT_Energy
   description: The DFT energy
   geom. index: 11
   prop. index: 1
   Number of Alpha Electrons                 26.9999896017 
   Number of Beta  Electrons                 26.9999896017 
   Total number of  Electrons                53.9999792034 
   Exchange energy                          -28.4880358951 
   Correlation energy                        -2.2129048595 
   Correlation energy NL                      0.0000000000 
   Exchange-Correlation energy              -30.7009407546 
   Embedding correction                       0.0000000000 
   Total DFT Energy (No VdW correction)    -306.1188339029 
# -----------------------------------------------------------
$ VdW_Correction
   description: The Van der Waals Correction
   geom. index: 11
   prop. index: 1
        Van der Waals Correction:       -0.0262819303
# -----------------------------------------------------------
$ PAL_Flags
   description: The PAL Flags
   geom. index: 12
   prop. index: 1
        Diskflag:     2
# -----------------------------------------------------------
$ SCF_Energy
   description: The SCF energy
   geom. index: 12
   prop. index: 1
        SCF Energy:     -306.1190304301
# -----------------------------------------------------------
$ DFT_Energy
   description: The DFT energy
   geom. index: 12
   prop. index: 1
   Number of Alpha Electrons                 26.9999810520 
   Number of Beta  Electrons                 26.9999810520 
   Total number of  Electrons                53.9999621040 
   Exchange energy                          -28.4869258051 
   Correlation energy                        -2.2129120915 
   Correlation energy NL                      0.0000000000 
   Exchange-Correlation energy              -30.6998378966 
   Embedding correction                       0.0000000000 
   Total DFT Energy (No VdW correction)    -306.1190304301 
# -----------------------------------------------------------
$ VdW_Correction
   description: The Van der Waals Correction
   geom. index: 12
   prop. index: 1
        Van der Waals Correction:       -0.0263088662
# -----------------------------------------------------------
$ PAL_Flags
   description: The PAL Flags
   geom. index: 13
   prop. index: 1
        Diskflag:     2
# -----------------------------------------------------------
$ SCF_Energy
   description: The SCF energy
   geom. index: 13
   prop. index: 1
        SCF Energy:     -306.1190421144
# -----------------------------------------------------------
$ DFT_Energy
   description: The DFT energy
   geom. index: 13
   prop. index: 1
   Number of Alpha Electrons                 26.9999740005 
   Number of Beta  Electrons                 26.9999740005 
   Total number of  Electrons                53.9999480009 
   Exchange energy                          -28.4874527379 
   Correlation energy                        -2.2131090203 
   Correlation energy NL                      0.0000000000 
   Exchange-Correlation energy              -30.7005617582 
   Embedding correction                       0.0000000000 
   Total DFT Energy (No VdW correction)    -306.1190421144 
# -----------------------------------------------------------
$ VdW_Correction
   description: The Van der Waals Correction
   geom. index: 13
   prop. index: 1
        Van der Waals Correction:       -0.0263564789
# -----------------------------------------------------------
$ PAL_Flags
   description: The PAL Flags
   geom. index: 14
   prop. index: 1
        Diskflag:     2
# -----------------------------------------------------------
$ SCF_Energy
   description: The SCF energy
   geom. index: 14
   prop. index: 1
        SCF Energy:     -306.1190315447
# -----------------------------------------------------------
$ DFT_Energy
   description: The DFT energy
   geom. index: 14
   prop. index: 1
   Number of Alpha Electrons                 26.9999854280 
   Number of Beta  Electrons                 26.9999854280 
   Total number of  Electrons                53.9999708560 
   Exchange energy                          -28.4871309278 
   Correlation energy                        -2.2130707316 
   Correlation energy NL                      0.0000000000 
   Exchange-Correlation energy              -30.7002016594 
   Embedding correction                       0.0000000000 
   Total DFT Energy (No VdW correction)    -306.1190315447 
# -----------------------------------------------------------
$ VdW_Correction
   description: The Van der Waals Correction
   geom. index: 14
   prop. index: 1
        Van der Waals Correction:       -0.0263533201
# -----------------------------------------------------------
$ PAL_Flags
   description: The PAL Flags
   geom. index: 15
   prop. index: 1
        Diskflag:     2
# -----------------------------------------------------------
$ SCF_Energy
   description: The SCF energy
   geom. index: 15
   prop. index: 1
        SCF Energy:     -306.1190587291
# -----------------------------------------------------------
$ DFT_Energy
   description: The DFT energy
   geom. index: 15
   prop. index: 1
   Number of Alpha Electrons                 26.9999771887 
   Number of Beta  Electrons                 26.9999771887 
   Total number of  Electrons                53.9999543773 
   Exchange energy                          -28.4869958628 
   Correlation energy                        -2.2130297251 
   Correlation energy NL                      0.0000000000 
   Exchange-Correlation energy              -30.7000255879 
   Embedding correction                       0.0000000000 
   Total DFT Energy (No VdW correction)    -306.1190587291 
# -----------------------------------------------------------
$ VdW_Correction
   description: The Van der Waals Correction
   geom. index: 15
   prop. index: 1
        Van der Waals Correction:       -0.0263446206
# -----------------------------------------------------------
$ PAL_Flags
   description: The PAL Flags
   geom. index: 16
   prop. index: 1
        Diskflag:     2
# -----------------------------------------------------------
$ SCF_Energy
   description: The SCF energy
   geom. index: 16
   prop. index: 1
        SCF Energy:     -306.1190544567
# -----------------------------------------------------------
$ DFT_Energy
   description: The DFT energy
   geom. index: 16
   prop. index: 1
   Number of Alpha Electrons                 26.9999769866 
   Number of Beta  Electrons                 26.9999769866 
   Total number of  Electrons                53.9999539731 
   Exchange energy                          -28.4871977055 
   Correlation energy                        -2.2130623647 
   Correlation energy NL                      0.0000000000 
   Exchange-Correlation energy              -30.7002600702 
   Embedding correction                       0.0000000000 
   Total DFT Energy (No VdW correction)    -306.1190544567 
# -----------------------------------------------------------
$ Mayer_Pop
   description: The Mayer population analysis
   geom. index: 16
   prop. index: 1
     Number of atoms                     : 17
     Threshold for printing              : 0.1000000
     Number of bond orders printed       : 21
  NA   - Mulliken gross atomic population
  ZA   - Total nuclear charge
  QA   - Mulliken gross atomic charge
  VA   - Mayer's total valence
  BVA  - Mayer's bonded valence
  FA   - Mayer's free valence
  ATOM       NA         ZA         QA         VA         BVA        FA
  0   0     6.1767     6.0000    -0.1767     3.6662     3.6662     0.0000
  1   0     7.3570     7.0000    -0.3570     2.6064     2.6064    -0.0000
  2   0     6.1333     6.0000    -0.1333     3.5454     3.5454    -0.0000
  3   0     6.4537     6.0000    -0.4537     4.3240     4.3240     0.0000
  4   0     6.1327     6.0000    -0.1327     3.5444     3.5444     0.0000
  5   0     7.3572     7.0000    -0.3572     2.6058     2.6058     0.0000
  6   0     6.1751     6.0000    -0.1751     3.6656     3.6656     0.0000
  7   0     0.8599     1.0000     0.1401     0.9323     0.9323    -0.0000
  8   0     0.8484     1.0000     0.1516     0.9283     0.9283     0.0000
  9   0     0.7000     1.0000     0.3000     0.8562     0.8562     0.0000
 10   0     0.8610     1.0000     0.1390     0.9325     0.9325    -0.0000
 11   0     0.8378     1.0000     0.1622     0.9244     0.9244     0.0000
 12   0     0.8609     1.0000     0.1391     0.9325     0.9325    -0.0000
 13   0     0.8379     1.0000     0.1621     0.9244     0.9244     0.0000
 14   0     0.7000     1.0000     0.3000     0.8563     0.8563     0.0000
 15   0     0.8485     1.0000     0.1515     0.9285     0.9285     0.0000
 16   0     0.8598     1.0000     0.1402     0.9321     0.9321    -0.0000
      Bond orders larger than 0.1000000
           Atom A     A.N. of A          Atom B    A.N. of B              Bond order
                0             6               1            7                0.678824
                0             6               3            6                0.890603
                0             6               6            6                0.120319
                0             6               7            1                0.947740
                0             6               8            1                0.993387
                1             7               2            6                0.713201
                1             7               3            6                0.432905
                1             7               9            1                0.863107
                2             6               3            6                0.884431
                2             6              10            1                0.932639
                2             6              11            1                0.998523
                3             6               4            6                0.881611
                3             6               5            7                0.431053
                3             6               6            6                0.890049
                4             6               5            7                0.714979
                4             6              12            1                0.932929
                4             6              13            1                0.998378
                5             7               6            6                0.679279
                5             7              14            1                0.863125
                6             6              15            1                0.993042
                6             6              16            1                0.947544
# -----------------------------------------------------------
$ VdW_Correction
   description: The Van der Waals Correction
   geom. index: 16
   prop. index: 1
        Van der Waals Correction:       -0.0263496820
# -----------------------------------------------------------
$ SCF_Electric_Properties
   description: The SCF Calculated Electric Properties
   geom. index: 16
   prop. index: 1
       Filename                          : file.scfp 
       Do Dipole Moment Calculation      : true 
       Do Quadrupole Moment Calculation  : false 
       Do Polarizability Calculation     : false 
** Dipole moment part of electric properties **
        Magnitude of dipole moment (Debye) :        1.9945725509
        Electronic Contribution:
                  0    
      0      -0.078194
      1       0.714691
      2      -0.227201
        Nuclear Contribution:
                  0    
      0       0.158727
      1      -1.457496
      2       0.467041
        Total Dipole moment:
                  0    
      0       0.080533
      1      -0.742805
      2       0.239841
# -------------------------------------------------------------
----------------------- !GEOMETRIES! ------------------------
# -------------------------------------------------------------
------------------------ !GEOMETRY! -------------------------
    Number of atoms:    17 
    Geometry Index:     1 
    Coordinates:
               0 C     -1.079000000000   -0.542900000000    0.838300000000
               1 N     -2.122500000000   -0.202800000000   -0.142700000000
               2 C     -1.099900000000    0.411300000000   -1.005400000000
               3 C     -0.008100000000    0.073600000000   -0.023700000000
               4 C      0.931200000000    1.123200000000    0.510700000000
               5 N      2.107400000000    0.339800000000    0.098600000000
               6 C      1.215800000000   -0.701800000000   -0.437100000000
               7 H     -0.964600000000   -1.643000000000    0.969800000000
               8 H     -1.241600000000    0.004400000000    1.792100000000
               9 H     -2.450900000000   -1.088100000000   -0.597200000000
              10 H     -0.997700000000   -0.115900000000   -1.981300000000
              11 H     -1.274200000000    1.504500000000   -1.106100000000
              12 H      0.873100000000    1.249400000000    1.615800000000
              13 H      0.880100000000    2.081700000000   -0.050000000000
              14 H      2.574200000000   -0.034300000000    0.959100000000
              15 H      1.327700000000   -0.787300000000   -1.539700000000
              16 H      1.328900000000   -1.671800000000    0.098800000000
------------------------ !GEOMETRY! -------------------------
    Number of atoms:    17 
    Geometry Index:     2 
    Coordinates:
               0 C     -1.105077693813   -0.561117011828    0.850183351052
               1 N     -2.152729585206   -0.217214947265   -0.152962781369
               2 C     -1.119616702823    0.411546567941   -1.026856868199
               3 C     -0.007780905472    0.070488961610   -0.022704021757
               4 C      0.949192409804    1.139665760012    0.526779074215
               5 N      2.139338797567    0.340109922094    0.113604985972
               6 C      1.245690204592   -0.717944041822   -0.437898406144
               7 H     -0.989602827797   -1.640231738927    1.015047062560
               8 H     -1.269281651094   -0.043362189790    1.803220238230
               9 H     -2.505421175273   -1.062038632547   -0.587236190424
              10 H     -1.013115928894   -0.076198999693   -2.003992710112
              11 H     -1.293060049854    1.487025833633   -1.151254833970
              12 H      0.878792772865    1.297283251511    1.610414182194
              13 H      0.898900342246    2.097437748874   -0.004553695540
              14 H      2.623209876049   -0.008792205208    0.932607320437
              15 H      1.364861880441   -0.825940305649   -1.523023610133
              16 H      1.355600236661   -1.690717972946    0.058626902987
------------------------ !GEOMETRY! -------------------------
    Number of atoms:    17 
    Geometry Index:     3 
    Coordinates:
               0 C     -1.110946241023   -0.569575017547    0.843015300445
               1 N     -2.156874107465   -0.201449444437   -0.151671961346
               2 C     -1.121961533010    0.405397783128   -1.037268207922
               3 C     -0.008217759680    0.074509973534   -0.023982553831
               4 C      0.952089089256    1.141263134483    0.538684738048
               5 N      2.140445715748    0.352681667463    0.103291271752
               6 C      1.252712208029   -0.719299955970   -0.427551480880
               7 H     -0.987737778359   -1.648766961394    1.004636189991
               8 H     -1.271214152562   -0.084378527036    1.813357824670
               9 H     -2.573167492824   -1.023500591381   -0.574477384671
              10 H     -1.005828126698   -0.084838298603   -2.012523651338
              11 H     -1.290221010580    1.476486588565   -1.197923008493
              12 H      0.872841751262    1.294161528103    1.622806755913
              13 H      0.895145897940    2.115380375661    0.039492255333
              14 H      2.682540295276    0.027583095696    0.895910614483
              15 H      1.375468596550   -0.863744352482   -1.507726696514
              16 H      1.354824648139   -1.691910997784    0.071929994359
------------------------ !GEOMETRY! -------------------------
    Number of atoms:    17 
    Geometry Index:     4 
    Coordinates:
               0 C     -1.116574443049   -0.579325399283    0.835852001757
               1 N     -2.156818480113   -0.173436723020   -0.147301754720
               2 C     -1.115004390973    0.398003030923   -1.044643513009
               3 C     -0.007414749770    0.068274921632   -0.022377697950
               4 C      0.945909292776    1.138512822936    0.548871150697
               5 N      2.135380212135    0.371790264145    0.086077806209
               6 C      1.260427849612   -0.721168319749   -0.416978676948
               7 H     -0.999680296529   -1.663186382626    0.974325557252
               8 H     -1.268000619969   -0.119792945431    1.820624203175
               9 H     -2.635705628229   -0.966084384386   -0.558313202638
              10 H     -0.997754373619   -0.112723260764   -2.009981096187
              11 H     -1.266891944674    1.467333048309   -1.234073727351
              12 H      0.868879643098    1.270809154631    1.636484927060
              13 H      0.872291883514    2.123973724919    0.073519054488
              14 H      2.731283126345    0.074672407786    0.849601633021
              15 H      1.381696202055   -0.893972440182   -1.493771794314
              16 H      1.367876717390   -1.683679519838    0.102085129458
------------------------ !GEOMETRY! -------------------------
    Number of atoms:    17 
    Geometry Index:     5 
    Coordinates:
               0 C     -1.121433692930   -0.589076728534    0.828923858188
               1 N     -2.153500958052   -0.145215434527   -0.142916888674
               2 C     -1.105973337928    0.390981836363   -1.050876714283
               3 C     -0.006456712820    0.060448367022   -0.019944705624
               4 C      0.937900989743    1.135211532539    0.558154234880
               5 N      2.127124426050    0.390571034810    0.068160529710
               6 C      1.266968069085   -0.723384006897   -0.406445448371
               7 H     -1.015717844892   -1.677731919178    0.938521180180
               8 H     -1.263529305132   -0.153408845439    1.826285839550
               9 H     -2.691286661575   -0.905412882015   -0.542625988756
              10 H     -0.991659909418   -0.144000231127   -2.003728621946
              11 H     -1.238777035308    1.458458431836   -1.265747986596
              12 H      0.868396848487    1.243341229993    1.649267376415
              13 H      0.845154800262    2.129560015488    0.104225745746
              14 H      2.773225912532    0.123500268816    0.801557491282
              15 H      1.385301328362   -0.922081619229   -1.479484953938
              16 H      1.384163083533   -1.671761049920    0.136675052236
------------------------ !GEOMETRY! -------------------------
    Number of atoms:    17 
    Geometry Index:     6 
    Coordinates:
               0 C     -1.127014610251   -0.598871125852    0.821881219034
               1 N     -2.149567286078   -0.114515513613   -0.137768899445
               2 C     -1.095565612192    0.383999763815   -1.056241376034
               3 C     -0.005368400240    0.050784649788   -0.016577903143
               4 C      0.928864107898    1.131177102949    0.567173949733
               5 N      2.117776333721    0.411195094628    0.046584327772
               6 C      1.273693246481   -0.725783009103   -0.395473491877
               7 H     -1.036172799533   -1.691950196098    0.899376546271
               8 H     -1.259272263229   -0.187834087066    1.831090345374
               9 H     -2.738017098974   -0.841586030320   -0.527493194240
              10 H     -0.987688198362   -0.176958413309   -1.995141784742
              11 H     -1.206834079863    1.448797793905   -1.295730416204
              12 H      0.871677492022    1.212790571714    1.661636879374
              13 H      0.814275911544    2.133207304667    0.135528821286
              14 H      2.807369678058    0.174168836368    0.750103824715
              15 H      1.387612400554   -0.951801046218   -1.463621110485
              16 H      1.404131178444   -1.656821696254    0.174672262611
------------------------ !GEOMETRY! -------------------------
    Number of atoms:    17 
    Geometry Index:     7 
    Coordinates:
               0 C     -1.132098633067   -0.608448787692    0.814589060262
               1 N     -2.144018476063   -0.082650773736   -0.131676780400
               2 C     -1.084526978730    0.377522902169   -1.060778087430
               3 C     -0.004198881029    0.040426535187   -0.013034203198
               4 C      0.919143312305    1.126927125976    0.575289894247
               5 N      2.106812810266    0.432056570960    0.023390826540
               6 C      1.279955413482   -0.728117121096   -0.384264097335
               7 H     -1.059322848156   -1.705032025837    0.855595411459
               8 H     -1.254143017334   -0.222916647605    1.835029416638
               9 H     -2.776521719084   -0.776768180405   -0.512892177629
              10 H     -0.987190047473   -0.211302040013   -1.983815706341
              11 H     -1.172789592720    1.438854658122   -1.323931789081
              12 H      0.878712728831    1.179870378976    1.672465581075
              13 H      0.781291805897    2.135323841986    0.166018649584
              14 H      2.833536394634    0.224369160412    0.698624384153
              15 H      1.388946937735   -0.982172932959   -1.446482190512
              16 H      1.426310790506   -1.637942664445    0.215871807967
------------------------ !GEOMETRY! -------------------------
    Number of atoms:    17 
    Geometry Index:     8 
    Coordinates:
               0 C     -1.138386488789   -0.618297283096    0.806617379024
               1 N     -2.139320303674   -0.048521006579   -0.124501208164
               2 C     -1.074136212852    0.370214786665   -1.065262573940
               3 C     -0.002907072049    0.029337841762   -0.009602695541
               4 C      0.909913583271    1.121892886337    0.583586103232
               5 N      2.096381709377    0.454000525339   -0.001103805942
               6 C      1.287827760362   -0.730039593616   -0.372635199641
               7 H     -1.083433176459   -1.717000841143    0.812752084747
               8 H     -1.250470062784   -0.261146866913    1.838314444242
               9 H     -2.812180430762   -0.708784684850   -0.496703287242
              10 H     -0.988227648143   -0.244785872064   -1.972564882689
              11 H     -1.139309330406    1.426331149094   -1.354159249926
              12 H      0.886051990413    1.147798834090    1.682495360786
              13 H      0.748988888063    2.136420872406    0.199080842838
              14 H      2.855876784219    0.275386941723    0.645793172956
              15 H      1.393520096563   -1.014189861809   -1.427385444091
              16 H      1.449709913650   -1.618617827345    0.255278959350
------------------------ !GEOMETRY! -------------------------
    Number of atoms:    17 
    Geometry Index:     9 
    Coordinates:
               0 C     -1.143860111948   -0.625784141321    0.798524641282
               1 N     -2.135604224925   -0.009539567904   -0.113860067172
               2 C     -1.064134527753    0.365323954824   -1.067850314857
               3 C     -0.001451727300    0.018033390033   -0.006434604378
               4 C      0.900405759458    1.117166167827    0.589071848276
               5 N      2.086174733979    0.478088337541   -0.031685234765
               6 C      1.294918991064   -0.731067197265   -0.361986032885
               7 H     -1.112755106371   -1.724948353035    0.762096054600
               8 H     -1.244155778823   -0.299334464955    1.840786601602
               9 H     -2.828998316512   -0.649801550873   -0.484378767483
              10 H     -0.998427627981   -0.279637049233   -1.955927829446
              11 H     -1.104687183274    1.414552489604   -1.382380022977
              12 H      0.902309566450    1.111364820974    1.688551021259
              13 H      0.714511666301    2.136499245712    0.231382463023
              14 H      2.861411932689    0.318591804608    0.601831848604
              15 H      1.396368172863   -1.048518189141   -1.406917030465
              16 H      1.477873782086   -1.590989697396    0.299175425783
------------------------ !GEOMETRY! -------------------------
    Number of atoms:    17 
    Geometry Index:     10 
    Coordinates:
               0 C     -1.153238735843   -0.635500673490    0.790180364769
               1 N     -2.130629608342    0.023900750751   -0.107380879605
               2 C     -1.054724043122    0.356528445288   -1.071883972796
               3 C     -0.000237617801    0.006212562175   -0.002143257075
               4 C      0.892964856737    1.110739232158    0.598350673703
               5 N      2.074848224279    0.499910752843   -0.056827046558
               6 C      1.304825300765   -0.732013443408   -0.350186328991
               7 H     -1.138138177828   -1.734256770726    0.726000477373
               8 H     -1.246873110191   -0.340448472534    1.842711148838
               9 H     -2.861921038997   -0.579024559514   -0.467354606265
              10 H     -0.998903861571   -0.309289085288   -1.945662078191
              11 H     -1.073553842748    1.397566948741   -1.415195178173
              12 H      0.910524571511    1.082049654173    1.697757640099
              13 H      0.685483865949    2.136068312003    0.270258143698
              14 H      2.881550437864    0.371790960464    0.543674423526
              15 H      1.406044238809   -1.081949991487   -1.385048806900
              16 H      1.501878540528   -1.572284622148    0.332749282547
------------------------ !GEOMETRY! -------------------------
    Number of atoms:    17 
    Geometry Index:     11 
    Coordinates:
               0 C     -1.161032744246   -0.644051597852    0.782459952242
               1 N     -2.121639935798    0.057604474743   -0.099915544241
               2 C     -1.043302343734    0.349423012890   -1.074065513715
               3 C      0.001213699865   -0.007403159996    0.002580202079
               4 C      0.883344990801    1.103851635812    0.605537807209
               5 N      2.059345143266    0.520868180443   -0.083648856221
               6 C      1.313090902006   -0.733225006443   -0.339066719758
               7 H     -1.168330779703   -1.740538592533    0.682930597806
               8 H     -1.247894160017   -0.378032620732    1.843179236842
               9 H     -2.882991580544   -0.511654816778   -0.453314063949
              10 H     -1.004657659604   -0.340959218238   -1.929892397395
              11 H     -1.038237343739    1.382002021558   -1.442166582516
              12 H      0.925077973693    1.047218215063    1.703499732213
              13 H      0.652033525216    2.132538999535    0.305431694591
              14 H      2.890938283037    0.422430121528    0.488392471525
              15 H      1.412995491993   -1.114021512622   -1.362983484584
              16 H      1.529946537509   -1.546050136374    0.371041467871
------------------------ !GEOMETRY! -------------------------
    Number of atoms:    17 
    Geometry Index:     12 
    Coordinates:
               0 C     -1.170941824004   -0.652893186227    0.775422289827
               1 N     -2.112201907218    0.093614868160   -0.091568222018
               2 C     -1.031242185289    0.340182992904   -1.075933242542
               3 C      0.002778769120   -0.023625383230    0.007899070831
               4 C      0.873218571747    1.095410426278    0.612964185255
               5 N      2.043847220020    0.542598353522   -0.109507826877
               6 C      1.323804149085   -0.733347267064   -0.329301568578
               7 H     -1.202063175745   -1.746151551918    0.645011768717
               8 H     -1.252319168836   -0.416527185745    1.843504560828
               9 H     -2.903314782115   -0.438738800982   -0.437193992732
              10 H     -1.010271303059   -0.373368169306   -1.913811463963
              11 H     -1.001236207179    1.362004668745   -1.471399559818
              12 H      0.938084478306    1.013952534986    1.708629161209
              13 H      0.618161920877    2.126362819272    0.341631336599
              14 H      2.898034674347    0.474410280037    0.433184188258
              15 H      1.424421986084   -1.142523256689   -1.342122538221
              16 H      1.561138783860   -1.521362142743    0.402591853225
------------------------ !GEOMETRY! -------------------------
    Number of atoms:    17 
    Geometry Index:     13 
    Coordinates:
               0 C     -1.181000055972   -0.660120002685    0.768878804024
               1 N     -2.101705355575    0.120797433709   -0.088707412176
               2 C     -1.018021462691    0.334097083769   -1.076594638095
               3 C      0.004188419985   -0.038389710857    0.014695545389
               4 C      0.864385040859    1.086313382467    0.621504947526
               5 N      2.023187006468    0.562141398778   -0.140193778494
               6 C      1.331340220496   -0.735855400892   -0.317493143559
               7 H     -1.233306679976   -1.749054500027    0.610833575512
               8 H     -1.261337862970   -0.445755282248    1.841597516242
               9 H     -2.916136932083   -0.378739274522   -0.430120821266
              10 H     -1.012617434470   -0.396936198745   -1.899723321021
              11 H     -0.965732156100    1.348057034467   -1.489303359759
              12 H      0.958136550507    0.976722230921    1.713046032979
              13 H      0.585499858151    2.118691830539    0.382047039795
              14 H      2.901375631575    0.527007614452    0.366203744439
              15 H      1.431606085598   -1.176298785041   -1.316823009152
              16 H      1.590039126197   -1.492678854084    0.440152277617
------------------------ !GEOMETRY! -------------------------
    Number of atoms:    17 
    Geometry Index:     14 
    Coordinates:
               0 C     -1.176142543654   -0.663562742165    0.768286378073
               1 N     -2.097001662044    0.132931607113   -0.076595875129
               2 C     -1.021072393369    0.328859234305   -1.078126023732
               3 C      0.005213460365   -0.040974339201    0.009292502245
               4 C      0.860331060037    1.088728150509    0.615949023384
               5 N      2.031063517095    0.559873835944   -0.122633801757
               6 C      1.336252694257   -0.732515658390   -0.322325651761
               7 H     -1.234964910778   -1.750915131754    0.600241988730
               8 H     -1.248529878354   -0.460466929563    1.843487982704
               9 H     -2.920742247914   -0.356439376756   -0.409506877410
              10 H     -1.025735456457   -0.410848827538   -1.893928944116
              11 H     -0.965331622913    1.337207875133   -1.503299518551
              12 H      0.941443357854    0.991769543856    1.709389372897
              13 H      0.584139462120    2.118159355830    0.360262720210
              14 H      2.898517256563    0.516334459799    0.401946172377
              15 H      1.441509883798   -1.158021354339   -1.327886463968
              16 H      1.590950023392   -1.500119702783    0.425447015803
------------------------ !GEOMETRY! -------------------------
    Number of atoms:    17 
    Geometry Index:     15 
    Coordinates:
               0 C     -1.178725686548   -0.659441531477    0.770706171171
               1 N     -2.103023533521    0.118736696809   -0.086541998858
               2 C     -1.020639133824    0.334031520521   -1.076336693142
               3 C      0.004208263939   -0.037556422566    0.012651404980
               4 C      0.864673754666    1.088169583875    0.618209872988
               5 N      2.029258028226    0.558329512119   -0.130684740776
               6 C      1.331694677471   -0.734678592373   -0.321525639129
               7 H     -1.229725034423   -1.749068566272    0.616766281040
               8 H     -1.257425287837   -0.442599147906    1.842996815155
               9 H     -2.914672842201   -0.385372258126   -0.427445133789
              10 H     -1.014982380938   -0.395134579402   -1.901214572491
              11 H     -0.970705652685    1.348449179238   -1.488058274466
              12 H      0.950443404956    0.987689784228    1.711167955635
              13 H      0.589774965024    2.119269806325    0.368489722819
              14 H      2.900111020693    0.514574528124    0.387755257947
              15 H      1.432958744531   -1.165061423991   -1.325253626002
              16 H      1.586676692470   -1.500338089126    0.428317196919
------------------------ !GEOMETRY! -------------------------
    Number of atoms:    17 
    Geometry Index:     16 
    Coordinates:
               0 C     -1.179003350805   -0.660072693919    0.769912026362
               1 N     -2.101817454251    0.120919767663   -0.086147611971
               2 C     -1.019832305271    0.333378950976   -1.076791583256
               3 C      0.004309550745   -0.038096778548    0.012782056294
               4 C      0.864002102760    1.087628031440    0.619132258137
               5 N      2.027480982371    0.559662629038   -0.132633376476
               6 C      1.332028020159   -0.734841957268   -0.320428804544
               7 H     -1.231360725611   -1.749272150488    0.613414362395
               8 H     -1.257451250308   -0.445240429606    1.842605964635
               9 H     -2.915825044582   -0.379990423296   -0.426159475777
              10 H     -1.015438408320   -0.397531075677   -1.900154936993
              11 H     -0.968439135960    1.346965053174   -1.490339900600
              12 H      0.951702812476    0.984645240211    1.711720663447
              13 H      0.587611470130    2.118944303264    0.372012095968
              14 H      2.900300303044    0.518601194425    0.382655611388
              15 H      1.433461329041   -1.167632812703   -1.323078975030
              16 H      1.588171104380   -1.498066848683    0.431499626021
