    51
     1    0.942761   -3.734062    1.751030      1
     2   -2.786327   -3.623623   -0.776047      1
     3    4.948801   -3.279224    0.046399      1
     4    1.614051   -1.864966    1.328395      1
     5   -2.563569   -0.465612    3.670832      1
     6   -2.270842   -1.857159   -1.654322      1
     7    2.166831   -1.008954    3.109589      1
     8   -6.382722   -0.333449    1.537161      1
     9   -1.378355   -2.241624   -3.428821      1
    10    3.679009   -2.029849   -0.485459      1
    11   -0.545200   -0.350586    0.123827      1
    12   -4.534372   -0.294046   -1.955918      1
    13   -2.443121    0.739530    2.035396      1
    14   -4.993420    0.795057    0.571951      1
    15    4.848203    0.443344   -0.956579      1
    16   -4.098938    1.092152   -3.125350      1
    17    6.416611    0.833707    0.300976      1
    18   -1.844162    2.575244    2.660726      1
    19   -5.751135    2.667515    0.391667      1
    20    5.549719    0.478489   -2.863777      1
    21    0.449981    1.670300   -1.414973      1
    22    2.847481    2.516692   -0.591844      1
    23    2.756691    3.099342    1.364060      1
    24    3.302976    4.152582   -1.697834      1
    25    1.187485   -3.051927    1.593286      2
    26   -2.596063   -2.967677   -1.090758      2
    27    4.648075   -2.975792   -0.072319      2
    28    2.457123   -1.919452    0.621643      2
    29    1.965662   -1.319009    2.446462      2
    30   -1.700654   -2.099357   -2.792205      2
    31    0.545654   -1.102517    0.728718      2
    32   -2.519792   -0.022756    3.057879      2
    33   -3.176302   -1.204987   -1.768546      2
    34   -1.409385   -1.132691   -0.787104      2
    35   -5.868230    0.076077    1.186531      2
    36   -2.947284   -0.164400   -0.154450      3
    37   -1.491075    0.203270    1.097867      2
    38   -4.779038    0.355593   -0.464596      2
    39   -3.723629    0.774441    1.303611      2
    40    4.381506   -0.549240   -0.738074      2
    41    2.198326    0.110533   -0.158332      3
    42   -0.172299    0.347871   -0.385636      2
    43   -2.064207    1.898551    2.426603      2
    44   -4.195645    0.766085   -2.841463      2
    45   -5.468518    1.983165    0.454064      2
    46    5.832941    0.686139   -0.159568      2
    47    5.293325    0.466852   -2.168892      2
    48    3.842364    1.471518   -0.771142      2
    49    2.038512    2.206058   -0.847604      2
    50    2.787657    2.877906    0.652532      2
    51    3.140762    3.560989   -1.302781      2
