    49
     1   -2.479714   -3.404737    0.555400      1
     2   -3.716163   -2.437042    3.418850      1
     3    1.753868   -3.392184   -1.337581      1
     4    0.995908   -1.914330    3.257643      1
     5   -2.794300   -1.772598    1.734859      1
     6    5.450957   -1.872828    1.030467      1
     7   -0.240951   -0.547974    2.385833      1
     8    2.308473   -1.467095   -1.648443      1
     9   -4.523973   -0.094258    0.384042      1
    10   -0.538069    0.953807    3.738062      1
    11   -3.014136   -0.500554   -3.187562      1
    12    4.819421   -0.607845   -0.437900      1
    13    2.189918   -1.044883   -3.628866      1
    14   -5.091924    1.270988    1.525401      1
    15    1.014896    0.569343    0.026293      1
    16    6.372160   -0.235860   -1.692587      1
    17   -3.335096    1.011103   -1.857002      1
    18    3.879931    2.124933    2.289519      1
    19    3.542011    1.699401    0.502571      1
    20   -4.655981    2.285818   -2.726928      1
    21   -0.824940    2.353938   -1.295762      1
    22   -1.158475    3.962844   -0.085342      1
    23    0.029063    3.056155   -3.002702      1
    24   -2.589754   -2.802252    0.983586      2
    25   -3.377380   -2.187001    2.805565      2
    26    0.535924   -1.408455    2.928150      2
    27    1.959292   -2.678037   -1.447395      2
    28   -1.524772   -1.158355    2.055145      2
    29   -3.466502   -1.074996    1.195215      2
    30    5.212794   -1.403533    0.493429      2
    31   -0.430279    0.396508    3.229171      2
    32    3.588517   -1.090149   -1.077254      2
    33    0.391354    0.006776    1.207431      2
    34    2.234573   -1.195449   -2.897755      2
    35    1.597301   -0.472970   -0.831020      2
    36   -1.763772    0.281137    0.253652      3
    37   -4.944287    0.942446    1.249306      2
    38   -3.786272    0.580378   -0.944035      2
    39   -3.126033    0.051488   -2.694842      2
    40    2.902395    0.005082   -0.381047      3
    41    5.803501   -0.371189   -1.235362      2
    42    4.326603    0.339360   -0.016845      2
    43    2.030878    1.046758    0.262267      2
    44    0.087499    1.465610   -0.640559      2
    45   -2.078415    1.681940   -1.569983      2
    46    3.795149    2.012281    1.858574      2
    47   -4.171448    1.823808   -2.402848      2
    48   -1.038863    3.358710   -0.530905      2
    49   -0.287583    2.790828   -2.376807      2
