    37
     1    0.887640   -3.254342    2.028045      1
     2   -3.731299   -2.421127    0.884949      1
     3    3.790116   -2.931636   -1.566272      1
     4    1.476033   -1.363885    1.572806      1
     5    2.128218   -0.471539    3.277387      1
     6   -3.255974   -0.765522   -0.200816      1
     7   -3.878891   -1.003506   -2.124823      1
     8    3.310235   -1.157730   -0.707875      1
     9   -0.528437    0.185046    0.112850      1
    10    5.028719   -0.152912   -0.319578      1
    11    0.599223   -0.481357   -3.860684      1
    12   -4.287841    1.498561    0.917428      1
    13    1.292820    0.396000   -2.164649      1
    14   -1.384100    2.843774    3.249826      1
    15   -1.787584    2.528981    1.279007      1
    16    1.840566    2.300803   -2.611045      1
    17   -1.531784    4.261565    0.240078      1
    18    1.102907   -2.555625    1.853698      2
    19   -3.556836   -1.819226    0.494409      2
    20    3.606758   -2.276877   -1.249145      2
    21    1.887323   -0.796036    2.643661      2
    22    2.437808   -1.293576    0.461166      2
    23   -3.651154   -0.913642   -1.428126      2
    24    0.434463   -0.596393    0.897427      2
    25   -1.845451   -0.343046   -0.071163      2
    26   -3.612810    0.027815    0.190737      2
    27    1.387469   -0.485097   -0.296610      3
    28    4.389870   -0.520026   -0.460887      2
    29    2.342413   -0.378064   -1.483255      2
    30   -2.433135    0.850672    0.520280      3
    31    0.338350    0.326647   -1.062711      2
    32    0.853841   -0.161851   -3.229777      2
    33   -1.083192    1.367275    0.697056      2
    34   -2.660525    2.164997    1.150743      2
    35   -1.530842    2.725593    2.535863      2
    36    1.638731    1.597334   -2.439604      2
    37   -1.625234    3.631250    0.613288      2
