-------------------------------------------------------------
----------------------- !PROPERTIES! ------------------------
-------------------------------------------------------------
# -----------------------------------------------------------
$ PAL_Flags
   description: The PAL Flags
   geom. index: 1
   prop. index: 1
        Diskflag:     2
# -----------------------------------------------------------
$ SCF_Energy
   description: The SCF energy
   geom. index: 1
   prop. index: 1
        SCF Energy:     -309.9417658153
# -----------------------------------------------------------
$ DFT_Energy
   description: The DFT energy
   geom. index: 1
   prop. index: 1
   Number of Alpha Electrons                 27.0000247390 
   Number of Beta  Electrons                 27.0000247390 
   Total number of  Electrons                54.0000494781 
   Exchange energy                          -28.6658659605 
   Correlation energy                        -2.2171470573 
   Correlation energy NL                      0.0000000000 
   Exchange-Correlation energy              -30.8830130178 
   Embedding correction                       0.0000000000 
   Total DFT Energy (No VdW correction)    -309.9417658153 
# -----------------------------------------------------------
$ Mayer_Pop
   description: The Mayer population analysis
   geom. index: 1
   prop. index: 1
     Number of atoms                     : 17
     Threshold for printing              : 0.1000000
     Number of bond orders printed       : 23
  NA   - Mulliken gross atomic population
  ZA   - Total nuclear charge
  QA   - Mulliken gross atomic charge
  VA   - Mayer's total valence
  BVA  - Mayer's bonded valence
  FA   - Mayer's free valence
  ATOM       NA         ZA         QA         VA         BVA        FA
  0   0     6.2583     6.0000    -0.2583     3.6642     3.6642     0.0000
  1   0     6.4979     6.0000    -0.4979     3.9237     3.9237     0.0000
  2   0     5.6841     6.0000     0.3159     2.9218     2.9218     0.0000
  3   0     6.4960     6.0000    -0.4960     3.9229     3.9229    -0.0000
  4   0     6.0806     6.0000    -0.0806     3.7619     3.7619     0.0000
  5   0     8.3879     8.0000    -0.3879     1.5833     1.5833     0.0000
  6   0     6.0811     6.0000    -0.0811     3.7634     3.7634     0.0000
  7   0     0.8478     1.0000     0.1522     0.9594     0.9594     0.0000
  8   0     0.8478     1.0000     0.1522     0.9594     0.9594     0.0000
  9   0     0.8452     1.0000     0.1548     0.9598     0.9598    -0.0000
 10   0     0.8451     1.0000     0.1549     0.9597     0.9597     0.0000
 11   0     0.8452     1.0000     0.1548     0.9597     0.9597    -0.0000
 12   0     0.8451     1.0000     0.1549     0.9596     0.9596    -0.0000
 13   0     0.8594     1.0000     0.1406     0.9202     0.9202     0.0000
 14   0     0.8594     1.0000     0.1406     0.9202     0.9202     0.0000
 15   0     0.8594     1.0000     0.1406     0.9202     0.9202     0.0000
 16   0     0.8595     1.0000     0.1405     0.9203     0.9203     0.0000
      Bond orders larger than 0.1000000
           Atom A     A.N. of A          Atom B    A.N. of B              Bond order
                0             6               1            6                0.953996
                0             6               2            6               -0.101087
                0             6               3            6                0.953966
                0             6               7            1                0.966880
                0             6               8            1                0.966999
                1             6               2            6                0.765648
                1             6               4            6                0.102869
                1             6               6            6                0.103445
                1             6               9            1                0.973796
                1             6              10            1                0.973854
                2             6               3            6                0.766913
                2             6               4            6                0.859051
                2             6               6            6                0.859258
                3             6               4            6                0.102214
                3             6               6            6                0.102700
                3             6              11            1                0.973642
                3             6              12            1                0.973582
                4             6               5            8                0.785955
                4             6              13            1                0.975931
                4             6              14            1                0.975481
                5             8               6            6                0.786022
                6             6              15            1                0.975704
                6             6              16            1                0.975606
# -----------------------------------------------------------
$ VdW_Correction
   description: The Van der Waals Correction
   geom. index: 1
   prop. index: 1
        Van der Waals Correction:       -0.0265275280
# -----------------------------------------------------------
$ Hessian
   description: Details about the Hessian
   geom. index: 1
   prop. index: 1
Normal modes:
Number of Rows: 51 Number of Columns: 51
                  0          1          2          3          4          5    
      0       0.000000   0.000000   0.000000   0.000000   0.000000   0.000000
      1       0.000000   0.000000   0.000000   0.000000   0.000000   0.000000
      2       0.000000   0.000000   0.000000   0.000000   0.000000   0.000000
      3       0.000000   0.000000   0.000000   0.000000   0.000000   0.000000
      4       0.000000   0.000000   0.000000   0.000000   0.000000   0.000000
      5       0.000000   0.000000   0.000000   0.000000   0.000000   0.000000
      6       0.000000   0.000000   0.000000   0.000000   0.000000   0.000000
      7       0.000000   0.000000   0.000000   0.000000   0.000000   0.000000
      8       0.000000   0.000000   0.000000   0.000000   0.000000   0.000000
      9       0.000000   0.000000   0.000000   0.000000   0.000000   0.000000
     10       0.000000   0.000000   0.000000   0.000000   0.000000   0.000000
     11       0.000000   0.000000   0.000000   0.000000   0.000000   0.000000
     12       0.000000   0.000000   0.000000   0.000000   0.000000   0.000000
     13       0.000000   0.000000   0.000000   0.000000   0.000000   0.000000
     14       0.000000   0.000000   0.000000   0.000000   0.000000   0.000000
     15       0.000000   0.000000   0.000000   0.000000   0.000000   0.000000
     16       0.000000   0.000000   0.000000   0.000000   0.000000   0.000000
     17       0.000000   0.000000   0.000000   0.000000   0.000000   0.000000
     18       0.000000   0.000000   0.000000   0.000000   0.000000   0.000000
     19       0.000000   0.000000   0.000000   0.000000   0.000000   0.000000
     20       0.000000   0.000000   0.000000   0.000000   0.000000   0.000000
     21       0.000000   0.000000   0.000000   0.000000   0.000000   0.000000
     22       0.000000   0.000000   0.000000   0.000000   0.000000   0.000000
     23       0.000000   0.000000   0.000000   0.000000   0.000000   0.000000
     24       0.000000   0.000000   0.000000   0.000000   0.000000   0.000000
     25       0.000000   0.000000   0.000000   0.000000   0.000000   0.000000
     26       0.000000   0.000000   0.000000   0.000000   0.000000   0.000000
     27       0.000000   0.000000   0.000000   0.000000   0.000000   0.000000
     28       0.000000   0.000000   0.000000   0.000000   0.000000   0.000000
     29       0.000000   0.000000   0.000000   0.000000   0.000000   0.000000
     30       0.000000   0.000000   0.000000   0.000000   0.000000   0.000000
     31       0.000000   0.000000   0.000000   0.000000   0.000000   0.000000
     32       0.000000   0.000000   0.000000   0.000000   0.000000   0.000000
     33       0.000000   0.000000   0.000000   0.000000   0.000000   0.000000
     34       0.000000   0.000000   0.000000   0.000000   0.000000   0.000000
     35       0.000000   0.000000   0.000000   0.000000   0.000000   0.000000
     36       0.000000   0.000000   0.000000   0.000000   0.000000   0.000000
     37       0.000000   0.000000   0.000000   0.000000   0.000000   0.000000
     38       0.000000   0.000000   0.000000   0.000000   0.000000   0.000000
     39       0.000000   0.000000   0.000000   0.000000   0.000000   0.000000
     40       0.000000   0.000000   0.000000   0.000000   0.000000   0.000000
     41       0.000000   0.000000   0.000000   0.000000   0.000000   0.000000
     42       0.000000   0.000000   0.000000   0.000000   0.000000   0.000000
     43       0.000000   0.000000   0.000000   0.000000   0.000000   0.000000
     44       0.000000   0.000000   0.000000   0.000000   0.000000   0.000000
     45       0.000000   0.000000   0.000000   0.000000   0.000000   0.000000
     46       0.000000   0.000000   0.000000   0.000000   0.000000   0.000000
     47       0.000000   0.000000   0.000000   0.000000   0.000000   0.000000
     48       0.000000   0.000000   0.000000   0.000000   0.000000   0.000000
     49       0.000000   0.000000   0.000000   0.000000   0.000000   0.000000
     50       0.000000   0.000000   0.000000   0.000000   0.000000   0.000000
                  6          7          8          9         10         11    
      0       0.003970  -0.083232   0.000010   0.007798   0.002738  -0.268629
      1      -0.036830  -0.186741  -0.000021   0.017421  -0.026131   0.093968
      2       0.078704  -0.083788   0.000022   0.007789   0.055548   0.057443
      3       0.095628   0.039363  -0.056489   0.040156   0.117703  -0.199911
      4      -0.026691   0.088143  -0.126875   0.090211  -0.002853   0.103643
      5      -0.035485   0.039548  -0.056978   0.040600  -0.110311  -0.032334
      6      -0.005621   0.038047  -0.000017  -0.071284  -0.007783   0.017674
      7       0.053420   0.085403   0.000016  -0.159964   0.074227  -0.006248
      8      -0.113688   0.038253  -0.000045  -0.071710  -0.157849  -0.003846
      9      -0.097137   0.039212   0.056519   0.040328  -0.125913  -0.192629
     10       0.040526   0.088177   0.126876   0.090149   0.082332   0.033690
     11       0.005636   0.039581   0.056965   0.040525  -0.058203   0.116287
     12      -0.006196  -0.075910   0.007239   0.091376   0.004879   0.207093
     13       0.060081   0.032433  -0.069610  -0.115555  -0.046404  -0.026788
     14      -0.127731   0.018911   0.147789  -0.058991   0.098344  -0.022773
     15       0.014455  -0.029096  -0.000012   0.021645  -0.000209   0.237575
     16      -0.138611  -0.065447  -0.000042   0.048725   0.002232  -0.083086
     17       0.294583  -0.029160   0.000127   0.021870  -0.004661  -0.050754
     18      -0.006355   0.080398  -0.007256  -0.155896   0.004705   0.171805
     19       0.060065  -0.022252   0.069657  -0.029052  -0.046346  -0.105745
     20      -0.127501  -0.014512  -0.147898  -0.006097   0.098386  -0.058263
     21       0.006817  -0.409931   0.005052  -0.193491   0.006316  -0.268677
     22      -0.060894  -0.254019  -0.048060  -0.024340  -0.061346   0.094953
     23       0.129967  -0.099434   0.102048  -0.002087   0.130276   0.057936
     24       0.006299   0.103431  -0.005008   0.122520   0.006460  -0.269368
     25      -0.060768  -0.433558   0.048009  -0.134867  -0.061383   0.093173
     26       0.130193  -0.209051  -0.101897  -0.069568   0.130197   0.057146
     27       0.147601   0.204981  -0.087148  -0.006832   0.194036  -0.232998
     28      -0.045042   0.067130  -0.156465   0.166328  -0.029393   0.114451
     29      -0.047498   0.198451  -0.256393   0.347223  -0.123300  -0.007011
     30       0.148249  -0.047110  -0.110345   0.209872   0.193174  -0.237598
     31      -0.044413   0.286491  -0.287006   0.289624  -0.031520   0.103825
     32      -0.047123  -0.039747   0.057260  -0.142329  -0.124559  -0.011842
     33      -0.149643  -0.033189   0.125360   0.231639  -0.200957  -0.231802
     34       0.058664   0.150417   0.143118   0.082929   0.108729   0.048180
     35       0.015695   0.249465   0.248289   0.296255  -0.038861   0.106589
     36      -0.149522   0.190665   0.072256  -0.027974  -0.202099  -0.227188
     37       0.059284   0.203407   0.300394   0.372825   0.106675   0.058920
     38       0.016585  -0.090653  -0.049172  -0.091554  -0.040020   0.111134
     39      -0.244441  -0.122498   0.055722   0.176512  -0.020270   0.229428
     40      -0.025677   0.044082   0.045950  -0.135563   0.130084  -0.035763
     41      -0.324594   0.026019   0.340301  -0.071428   0.375346  -0.029240
     42       0.218728  -0.122137  -0.029950   0.176352   0.045678   0.229574
     43       0.275243   0.043862  -0.293341  -0.134318  -0.371301  -0.036743
     44      -0.205658   0.026995   0.184784  -0.073366   0.136097  -0.027380
     45      -0.066341   0.123105   0.086584  -0.232882  -0.205053   0.195304
     46       0.374457  -0.041960   0.273749   0.008810  -0.283541  -0.111834
     47      -0.144504  -0.025432  -0.197017   0.014128   0.189674  -0.063489
     48       0.040032   0.123143  -0.112409  -0.232997   0.229783   0.195365
     49      -0.124980  -0.041846  -0.026196   0.007688   0.042607  -0.112849
     50      -0.384888  -0.026488  -0.328484   0.016177   0.321899  -0.061672
                 12         13         14         15         16         17    
      0      -0.187036  -0.024372   0.000025  -0.079393   0.001316  -0.020394
      1       0.065388  -0.054661  -0.000041   0.027828  -0.012649  -0.045890
      2       0.039952  -0.024561  -0.000039   0.016979   0.026883  -0.020606
      3       0.073035  -0.008929  -0.033759   0.076513   0.036984   0.034254
      4       0.093043  -0.020065  -0.075612   0.022274   0.037410   0.076942
      5      -0.279582  -0.008972  -0.033911  -0.126061  -0.120028   0.034457
      6       0.158268   0.000416   0.000055  -0.037606   0.005289   0.047910
      7      -0.055383   0.001027  -0.000021   0.013119  -0.051535   0.107321
      8      -0.033777   0.000455   0.000008   0.008066   0.109381   0.048281
      9       0.098578  -0.008966   0.033661   0.087251  -0.047895   0.034244
     10      -0.153089  -0.020087   0.075694  -0.079535   0.067122   0.076870
     11       0.242839  -0.009026   0.033933   0.091039  -0.101985   0.034546
     12      -0.048415  -0.001626  -0.000722  -0.040932   0.003843   0.037750
     13      -0.141203   0.007659   0.007019   0.197940  -0.036286  -0.113508
     14      -0.064094   0.003684  -0.015382   0.095233   0.077026  -0.055277
     15      -0.167050   0.000965  -0.000154   0.159803  -0.000724   0.001444
     16       0.058452   0.002062   0.000047  -0.055934   0.006705   0.003337
     17       0.035714   0.000926   0.000030  -0.034179  -0.014221   0.001491
     18       0.073607   0.007041   0.000903  -0.182643   0.003813  -0.115125
     19       0.132379   0.004546  -0.007097  -0.119729  -0.036241  -0.060121
     20       0.058738   0.001794   0.015351  -0.047396   0.076958  -0.022687
     21      -0.162735   0.537720   0.013127  -0.055236   0.007743   0.186002
     22       0.069523   0.063692  -0.124925   0.030805  -0.074050  -0.002619
     23       0.040513   0.003604   0.265136   0.017909   0.157257  -0.010290
     24      -0.172738  -0.343455  -0.013068  -0.064068   0.007707  -0.137675
     25       0.048073   0.371809   0.124887   0.010812  -0.074029   0.110575
     26       0.031242   0.191885  -0.265047   0.007448   0.157252   0.058810
     27       0.173371   0.192727   0.128191   0.199425   0.089704   0.233710
     28       0.062731  -0.031159  -0.036468  -0.022719   0.022284  -0.058523
     29      -0.284583   0.252685   0.414817  -0.158919  -0.130893  -0.341634
     30       0.165475  -0.085531   0.003334   0.202863   0.087568  -0.302503
     31       0.045163   0.271403   0.332112  -0.014045   0.017279  -0.095292
     32      -0.292206  -0.144779  -0.281960  -0.156738  -0.133155   0.272405
     33       0.190022  -0.063355  -0.038790   0.213873  -0.098383  -0.326662
     34      -0.189759   0.058381   0.005283  -0.121819   0.088099   0.137416
     35       0.207137   0.307514  -0.433833   0.070343  -0.090649  -0.221615
     36       0.197983   0.170541  -0.093301   0.210067  -0.100763   0.257747
     37      -0.171987   0.181963  -0.300571  -0.130452   0.083266  -0.291193
     38       0.214254  -0.199683   0.301206   0.068511  -0.093058   0.152648
     39       0.000483  -0.003131  -0.016602  -0.206364   0.168823   0.120494
     40      -0.165656   0.008053   0.072806   0.267309  -0.289812  -0.142760
     41      -0.079244   0.003297   0.085879   0.149223  -0.283744  -0.074244
     42       0.000431  -0.003088   0.021072  -0.207576  -0.180019   0.120557
     43      -0.166182   0.007631  -0.112444   0.277397   0.397061  -0.143261
     44      -0.077234   0.004347  -0.003159   0.127715   0.056641  -0.072461
     45       0.128451   0.008190   0.083558  -0.360623   0.386562  -0.198337
     46       0.121272   0.003528   0.075902  -0.078386   0.198554  -0.032000
     47       0.049720   0.001925  -0.019221  -0.006255  -0.064444  -0.004327
     48       0.128397   0.008217  -0.087022  -0.361953  -0.397375  -0.198367
     49       0.120504   0.004070  -0.036629  -0.068664  -0.091635  -0.031176
     50       0.051608   0.000914  -0.063819  -0.027871  -0.162565  -0.005930
                 18         19         20         21         22         23    
      0      -0.230270  -0.000117  -0.009173   0.092546  -0.000000  -0.000784
      1       0.080828  -0.000037   0.094656  -0.032335   0.000006  -0.001371
      2       0.048510   0.000206  -0.201671  -0.019836  -0.000041  -0.000629
      3       0.090855  -0.004385   0.137653  -0.017360   0.018366  -0.006516
      4      -0.089743  -0.009588  -0.087821   0.041740   0.041154  -0.014786
      5       0.109758  -0.004260   0.058855  -0.075812   0.018484  -0.006497
      6      -0.069030  -0.000011   0.001928  -0.084136  -0.000035   0.005376
      7       0.024146   0.000007  -0.016450   0.029383  -0.000021   0.011301
      8       0.014916  -0.000072   0.034740   0.018030   0.000016   0.005080
      9       0.077382   0.004438  -0.129541  -0.009710  -0.018367  -0.006616
     10       0.030667   0.009610   0.005369  -0.032395  -0.041137  -0.014770
     11      -0.145052   0.004128   0.116733   0.081593  -0.018466  -0.006814
     12       0.052169   0.004638   0.001059   0.196826  -0.001642  -0.435006
     13       0.005530  -0.044439  -0.011825   0.158194   0.015985  -0.167777
     14      -0.000002   0.094250   0.024943   0.064856  -0.033872  -0.057647
     15      -0.055217  -0.000011   0.000047  -0.235285   0.000009   0.208803
     16       0.019370   0.000022   0.001352   0.082731  -0.000079   0.466949
     17       0.011833   0.000004  -0.003067   0.050526  -0.000028   0.209646
     18       0.033850  -0.004572   0.001094   0.022128   0.001643   0.188141
     19      -0.035797   0.044444  -0.011449  -0.235189  -0.015874  -0.384867
     20      -0.018337  -0.094326   0.024694  -0.111939   0.033909  -0.190448
     21      -0.242283   0.007880  -0.021125   0.118478   0.009981  -0.003745
     22       0.086479  -0.077549   0.208208  -0.032098  -0.095974  -0.002612
     23       0.050542   0.164751  -0.442813  -0.020988   0.203716  -0.000731
     24      -0.243101  -0.008151  -0.020973   0.111382  -0.009990   0.000425
     25       0.084704   0.077185   0.208346  -0.048231   0.095905  -0.003774
     26       0.050111  -0.163883  -0.443177  -0.028497  -0.203721  -0.002122
     27       0.348351   0.156663   0.264060  -0.030735   0.391719  -0.063081
     28      -0.183210  -0.054834  -0.137603   0.044387  -0.119581   0.007800
     29       0.077766   0.015571   0.019038  -0.110002  -0.193925   0.040091
     30       0.344011  -0.143000   0.271018  -0.018872  -0.412017   0.061112
     31      -0.193453   0.086276  -0.121129   0.071241   0.073743  -0.011220
     32       0.073506  -0.001281   0.026285  -0.098147   0.173343  -0.041113
     33       0.327472   0.139468  -0.265389  -0.008013   0.421704   0.064758
     34      -0.053461  -0.048661   0.047188  -0.030909  -0.164858  -0.036876
     35      -0.222111  -0.078901   0.132964   0.118592   0.020065   0.012515
     36       0.332435  -0.152614  -0.258617  -0.020633  -0.401184  -0.066650
     37      -0.043503   0.017173   0.063513  -0.057310   0.210648   0.033853
     38      -0.217352   0.064349   0.140500   0.106429   0.000578  -0.014320
     39       0.142554   0.102487   0.048135   0.394451  -0.025824  -0.212626
     40      -0.031266  -0.308312  -0.076126   0.104299   0.093856  -0.114227
     41      -0.028057  -0.306964  -0.062671   0.041754   0.088749   0.010985
     42       0.143126  -0.115186  -0.051093   0.393499   0.029363  -0.215672
     43      -0.036612   0.429204   0.095149   0.113538  -0.127314  -0.072713
     44      -0.017686   0.050829   0.022757   0.022224  -0.018004  -0.078093
     45       0.130635  -0.357901   0.099590   0.204559   0.103765   0.080949
     46      -0.059004  -0.263857   0.041204  -0.323282   0.080730  -0.175853
     47      -0.040810   0.050256  -0.009403  -0.150264  -0.010409  -0.141146
     48       0.129944   0.370635  -0.102336   0.203683  -0.107222   0.083722
     49      -0.064356   0.143071  -0.022283  -0.313473  -0.047247  -0.216817
     50      -0.030403   0.206099  -0.029405  -0.169398  -0.060307  -0.051781
                 24         25         26         27         28         29    
      0      -0.000413   0.000014  -0.061519  -0.001335   0.082936   0.000015
      1       0.003819   0.000025  -0.138137   0.020696  -0.029126  -0.000210
      2      -0.008193  -0.000040  -0.062009  -0.044902  -0.017129   0.000407
      3      -0.004130   0.001092   0.040444  -0.066400  -0.091359  -0.023202
      4       0.007870   0.002566   0.090896   0.036283   0.048278  -0.051012
      5      -0.013383   0.001062   0.040807  -0.014696  -0.016990  -0.022952
      6       0.002459  -0.000008  -0.055454   0.005574  -0.144514  -0.000046
      7      -0.023886  -0.000088  -0.123948  -0.068182   0.051338   0.000041
      8       0.050599   0.000250  -0.055780   0.146405   0.029215  -0.000175
      9       0.002754  -0.001115   0.040471   0.061748  -0.089674   0.023216
     10       0.005494  -0.002518   0.090830  -0.009038   0.014629   0.051079
     11      -0.014852  -0.001198   0.040852  -0.041362   0.056325   0.022854
     12      -0.003480   0.002112  -0.001794  -0.002115  -0.041564   0.000152
     13       0.033686  -0.020344   0.035108   0.014879  -0.033427  -0.001447
     14      -0.071546   0.043269   0.016679  -0.032417  -0.013244   0.003078
     15       0.003666   0.000039   0.004966   0.000178   0.058787   0.000008
     16      -0.034824  -0.000239   0.011020   0.004379  -0.020572   0.000007
     17       0.073940   0.000252   0.004915  -0.009967  -0.012418  -0.000006
     18      -0.003504  -0.002209   0.028425  -0.001594  -0.004664  -0.000138
     19       0.033545   0.020748   0.024631   0.015744   0.049171   0.001426
     20      -0.071104  -0.043813   0.010250  -0.032002   0.023832  -0.003003
     21       0.001426   0.000993   0.353353   0.010648   0.135609  -0.026753
     22      -0.012984  -0.009582  -0.054276  -0.087207  -0.024087   0.257279
     23       0.027520   0.020343  -0.042985   0.184334  -0.020937  -0.546210
     24       0.001296  -0.000947  -0.299606   0.010198   0.118936   0.026661
     25      -0.013011   0.009418   0.173935  -0.086992  -0.062893  -0.256044
     26       0.027729  -0.020061   0.096456   0.182969  -0.038338   0.543873
     27       0.057888   0.000906  -0.286185   0.356826   0.365742   0.222766
     28      -0.014119   0.001012   0.144337  -0.113867  -0.118047  -0.113889
     29      -0.033869  -0.000181  -0.207716  -0.091561  -0.160319   0.061865
     30       0.060252   0.000602   0.237879   0.355253   0.382438  -0.212144
     31      -0.009222   0.000802  -0.253753  -0.120173  -0.079180   0.131957
     32      -0.031533   0.000689   0.158521  -0.094134  -0.143095  -0.053936
     33      -0.062178  -0.000475   0.214552  -0.347963   0.398702   0.201914
     34       0.027879  -0.001115  -0.030786   0.132320  -0.149631  -0.034547
     35      -0.008211  -0.000051  -0.314451   0.061383  -0.002779  -0.152622
     36      -0.059887  -0.000905  -0.262715  -0.351014   0.382448  -0.212526
     37       0.032798  -0.000551  -0.078726   0.125700  -0.188226   0.016493
     38      -0.005829  -0.000846   0.265652   0.058022  -0.020297   0.144768
     39       0.455805  -0.493801  -0.104775  -0.220799   0.150658  -0.012095
     40       0.109548  -0.011395   0.080439   0.118771  -0.124269  -0.012021
     41       0.146244  -0.049644   0.056931   0.092390  -0.099608  -0.013870
     42      -0.447106   0.488767  -0.105506   0.226697   0.147576   0.011293
     43      -0.199661   0.064040   0.091349  -0.142098  -0.146763   0.018838
     44       0.045060  -0.062325   0.034183  -0.051546  -0.043273  -0.000514
     45       0.211772   0.334125   0.142737  -0.260786   0.214850  -0.002648
     46      -0.427689  -0.354793   0.004606   0.030724   0.021241  -0.021583
     47      -0.095306  -0.113918  -0.018850   0.052929  -0.034134  -0.001313
     48      -0.202226  -0.328531   0.143762   0.267249   0.211686   0.003436
     49       0.337952   0.301326  -0.006327  -0.050397  -0.003477   0.014885
     50       0.285536   0.227582   0.003893  -0.010502   0.021016   0.015565
                 30         31         32         33         34         35    
      0       0.005911   0.020688   0.007786   0.004174  -0.024019  -0.017282
      1      -0.055648   0.046614  -0.074738   0.009508   0.008429   0.006039
      2       0.118317   0.020635   0.158811   0.004245   0.005012   0.003706
      3      -0.132348   0.007655   0.044968   0.008790   0.105201  -0.043008
      4       0.042411   0.016902   0.011518   0.019020  -0.032252   0.021885
      5       0.037736   0.007633  -0.070055   0.008499  -0.032767  -0.006027
      6      -0.006928  -0.065737   0.006648  -0.049024  -0.137439   0.185384
      7       0.065139  -0.147421  -0.065945  -0.109136   0.048513  -0.064950
      8      -0.138602  -0.066103   0.139713  -0.049032   0.029279  -0.039637
      9       0.133035   0.007552  -0.050487   0.008765   0.106367  -0.041498
     10      -0.051013   0.016921   0.044774   0.018998  -0.041929   0.007585
     11      -0.019246   0.007630  -0.049696   0.008557  -0.012384   0.024376
     12       0.001564   0.023108  -0.001558  -0.107924  -0.084210  -0.101232
     13      -0.014783   0.012605   0.014430   0.083272   0.006397   0.067766
     14       0.031303   0.004792  -0.030516   0.044513   0.007204   0.036870
     15      -0.000034   0.011321   0.000076  -0.012477   0.059850   0.010806
     16       0.000611   0.025417  -0.000084  -0.028271  -0.020830  -0.003765
     17      -0.001233   0.011386   0.000179  -0.012674  -0.012733  -0.002295
     18       0.001527  -0.007105  -0.001505   0.142802  -0.067075  -0.126114
     19      -0.014728   0.023179   0.014449  -0.004344   0.046214   0.011747
     20       0.031348   0.011255  -0.030506  -0.009055   0.025111   0.011719
     21      -0.017505  -0.100048  -0.027297  -0.014596  -0.029194   0.111209
     22       0.166017   0.022133   0.258311   0.006309   0.008125   0.031744
     23      -0.352485   0.016463  -0.548444   0.003754   0.005818   0.009377
     24      -0.017390   0.090403  -0.027144   0.015387  -0.027814   0.056747
     25       0.168507  -0.044270   0.259088  -0.004138   0.011415  -0.090442
     26      -0.358011  -0.024488  -0.549754  -0.002690   0.007252  -0.045351
     27       0.322210   0.342427  -0.089175   0.146098  -0.285913   0.128962
     28      -0.116410  -0.119137   0.054643  -0.044723   0.096143   0.021722
     29      -0.035648  -0.127299  -0.092292  -0.093338  -0.057847   0.304081
     30       0.316059  -0.357790  -0.072463  -0.161140  -0.248607  -0.008628
     31      -0.133380   0.085358   0.092453   0.014810   0.177891  -0.286396
     32      -0.042065   0.112282  -0.074950   0.079551  -0.021517   0.165756
     33      -0.313123  -0.362197   0.060973  -0.166335  -0.239228  -0.033403
     34       0.105468   0.127233   0.002042   0.064536   0.087478  -0.055749
     35       0.101435   0.023324  -0.124083  -0.026083   0.170926  -0.327137
     36      -0.317482   0.346879   0.078857   0.151432  -0.276529   0.105117
     37       0.088708  -0.161054   0.039535  -0.094901   0.005703   0.254865
     38       0.092479  -0.038441  -0.107405   0.013016   0.133844  -0.187497
     39       0.116376  -0.266462  -0.114315   0.442011   0.324863   0.336319
     40      -0.106150   0.103682   0.095272  -0.062638  -0.134776  -0.018268
     41      -0.089666   0.078825   0.078336  -0.064497  -0.120130  -0.010919
     42      -0.119572  -0.267039   0.116517   0.442423   0.327158   0.334890
     43       0.132487   0.116453  -0.116882  -0.072649  -0.165495  -0.007316
     44       0.034207   0.051049  -0.032769  -0.042590  -0.053381  -0.034027
     45       0.177245   0.278650  -0.164539  -0.373170   0.354013   0.255604
     46       0.028973  -0.074486  -0.018379   0.212755  -0.073007  -0.198859
     47      -0.029215  -0.065567   0.027302   0.131634  -0.092405  -0.092181
     48      -0.179182   0.280404   0.167635  -0.374429   0.356873   0.254553
     49      -0.002863  -0.087564  -0.003289   0.223021  -0.104333  -0.188187
     50      -0.026594  -0.038175   0.018133   0.110331  -0.026102  -0.115163
                 36         37         38         39         40         41    
      0       0.064398   0.000008   0.000856   0.072616   0.005402  -0.000185
      1      -0.022540  -0.001780   0.001967  -0.025400  -0.001892  -0.000162
      2      -0.013783   0.003971   0.000890  -0.015570  -0.001158  -0.000070
      3      -0.023091   0.005057  -0.000907   0.013926   0.002858  -0.000624
      4      -0.010659   0.026777  -0.002073   0.023198   0.000031  -0.001343
      5       0.046691  -0.064650  -0.000928  -0.065480  -0.002904  -0.000721
      6       0.087893   0.000591   0.003883  -0.080736  -0.030581  -0.000710
      7      -0.030795  -0.004584   0.008901   0.028279   0.010701  -0.001496
      8      -0.018768   0.009626   0.004028   0.017250   0.006546  -0.000684
      9      -0.027228  -0.011275  -0.000910   0.020025   0.003085  -0.000573
     10       0.028424   0.032397  -0.002065  -0.035066  -0.002111  -0.001451
     11      -0.036241  -0.060977  -0.000942   0.058210   0.001645  -0.000340
     12      -0.029572  -0.000205  -0.010639   0.018526  -0.024429   0.009362
     13       0.026751   0.001216  -0.054958  -0.014423  -0.071231   0.038774
     14       0.014041  -0.002467  -0.025399  -0.007697  -0.032380   0.017142
     15      -0.000820   0.000076  -0.006510   0.004186   0.004982   0.001215
     16       0.000287  -0.000610  -0.014628  -0.001467  -0.001726   0.002780
     17       0.000182   0.001278  -0.006558  -0.000899  -0.001053   0.001253
     18      -0.042204  -0.000219  -0.034502   0.024606   0.037191   0.023319
     19      -0.001647   0.001197  -0.046405  -0.000710   0.066914   0.034584
     20       0.001284  -0.002476  -0.020178  -0.001537   0.029700   0.015110
     21      -0.553860  -0.000033  -0.004531  -0.453382  -0.022781   0.000760
     22      -0.142044   0.014764   0.000801  -0.130968  -0.007886  -0.001514
     23      -0.039699  -0.030398   0.000596  -0.039271  -0.002593  -0.000739
     24      -0.295068  -0.000717   0.004096  -0.230242  -0.010581   0.000253
     25       0.439039   0.013216  -0.002408   0.369996   0.019572   0.000622
     26       0.221257  -0.031143  -0.001348   0.185715   0.009734   0.000285
     27      -0.023112   0.115274   0.001045   0.080391   0.004684   0.001889
     28      -0.067731   0.089567  -0.003342   0.080570  -0.003916   0.010705
     29      -0.257768   0.475977   0.005636   0.340572  -0.011559  -0.001195
     30       0.100237  -0.110518  -0.001241  -0.090972   0.009149   0.005903
     31       0.208981  -0.416960   0.003026  -0.304132   0.006078   0.006128
     32      -0.133412   0.248420  -0.005973   0.167769  -0.007018   0.010066
     33       0.119183   0.145259  -0.000625  -0.115499   0.009888   0.005700
     34       0.034746   0.078595  -0.002700  -0.068208  -0.001189   0.013141
     35       0.239590   0.467658   0.006230  -0.332710   0.008379  -0.002328
     36      -0.005206  -0.079561   0.000449   0.055681   0.005433   0.001576
     37      -0.244442  -0.426024   0.002260   0.316141  -0.011123   0.004788
     38       0.114186   0.240875  -0.006224  -0.160034   0.003906   0.006895
     39       0.087256   0.000517   0.158409  -0.047516   0.161528  -0.058366
     40      -0.004242   0.007141   0.218775  -0.012060   0.200614  -0.410921
     41      -0.009697   0.004103   0.419234  -0.019030   0.423117   0.275325
     42       0.087451   0.000124   0.132399  -0.046233   0.134517  -0.094098
     43      -0.006909  -0.007655   0.467666  -0.024081   0.459264  -0.051272
     44      -0.004097  -0.002931  -0.110093   0.006575  -0.126766  -0.477613
     45       0.068000  -0.005352   0.145209  -0.020835  -0.133343  -0.142551
     46      -0.047260  -0.006054   0.462098   0.047822  -0.461121  -0.036960
     47      -0.029153  -0.001805  -0.112561   0.007703   0.126727  -0.481741
     48       0.068337   0.005801   0.171184  -0.019583  -0.160419  -0.104827
     49      -0.049992   0.005083   0.213611   0.035644  -0.201622  -0.399890
     50      -0.023352   0.002763   0.415352   0.033608  -0.424477   0.288481
                 42         43         44         45         46         47    
      0       0.043516   0.027001   0.000878   0.035146  -0.000258  -0.000159
      1      -0.014988  -0.009290  -0.000919  -0.012019  -0.000617  -0.000299
      2      -0.009228  -0.005683   0.001011  -0.007405  -0.000221  -0.000260
      3       0.000056  -0.000765  -0.001150  -0.001051   0.004279   0.002199
      4      -0.011447   0.000344   0.019375   0.016246   0.010178   0.003615
      5       0.025227  -0.000067  -0.041760  -0.034999   0.003842   0.003236
      6       0.001732  -0.002450   0.000098  -0.002363  -0.000029   0.000088
      7      -0.000604   0.000859  -0.000477   0.000828   0.000312  -0.000734
      8      -0.000404   0.000557   0.000964   0.000494  -0.000671   0.001520
      9      -0.002196  -0.000832  -0.002838   0.002322  -0.003963  -0.001848
     10       0.011428   0.000736   0.020286  -0.017218  -0.008745  -0.004381
     11      -0.022954  -0.000863  -0.041701   0.035415  -0.004724  -0.000379
     12       0.004595  -0.010139   0.000412   0.002088   0.001547   0.004183
     13       0.015537  -0.037579  -0.000096   0.009875  -0.014086  -0.038293
     14       0.006718  -0.016458   0.002936   0.004358   0.030453   0.082696
     15       0.000881  -0.001938   0.000064   0.000614   0.000031  -0.000037
     16      -0.000284   0.000652  -0.000095  -0.000212  -0.000237   0.000549
     17      -0.000179   0.000398   0.000163  -0.000130   0.000507  -0.001154
     18      -0.008165   0.020950  -0.000369  -0.006033  -0.003992   0.001621
     19      -0.013503   0.032809  -0.001997  -0.008426   0.038179  -0.015792
     20      -0.006020   0.014470   0.002234  -0.003697  -0.081128   0.033436
     21      -0.096193  -0.057450  -0.001995  -0.071419  -0.001028  -0.000638
     22       0.448668   0.271595   0.009514   0.333252   0.004455   0.002948
     23       0.216092   0.130703   0.003189   0.160500   0.002277   0.000539
     24      -0.419012  -0.253362  -0.007682  -0.312450   0.004141   0.002384
     25      -0.271179  -0.164771  -0.004391  -0.202208   0.002382   0.001791
     26      -0.107086  -0.065168  -0.003075  -0.079870   0.001478   0.000041
     27       0.091723   0.004337  -0.150007  -0.120576  -0.027258  -0.003023
     28       0.285396   0.004968  -0.465994  -0.374653  -0.088202  -0.017908
     29      -0.051124  -0.003892   0.083625   0.069192   0.017496   0.001206
     30      -0.100969   0.001096   0.164899   0.132119  -0.027873  -0.017156
     31      -0.147261  -0.002225   0.240783   0.192453  -0.036064  -0.026202
     32      -0.244755  -0.006917   0.400240   0.323409  -0.061468  -0.047341
     33      -0.080853  -0.002649  -0.143365   0.116106   0.022072   0.013000
     34      -0.267381  -0.020624  -0.474419   0.387090   0.064157   0.049529
     35       0.046663   0.004994   0.082719  -0.069321  -0.012066  -0.010419
     36       0.098364   0.009920   0.174455  -0.142265   0.029589   0.002488
     37       0.135251   0.007434   0.239713  -0.193627   0.040789   0.008976
     38       0.226431   0.017777   0.401272  -0.328071   0.071452   0.011358
     39      -0.024296   0.056059   0.001888  -0.012948   0.028080   0.073010
     40      -0.155331   0.378711   0.005015  -0.100769   0.207674   0.543124
     41       0.105346  -0.250472  -0.003535   0.063276  -0.130054  -0.341269
     42      -0.037534   0.088360  -0.007434  -0.021306  -0.047209  -0.123103
     43      -0.018296   0.049630  -0.003385  -0.015746  -0.034027  -0.087992
     44      -0.179605   0.436224  -0.031074  -0.114227  -0.244949  -0.641114
     45       0.048649  -0.125580  -0.001834   0.036510   0.196517  -0.078057
     46       0.013685  -0.036192  -0.001366   0.010728   0.060599  -0.023659
     47       0.172578  -0.425001  -0.009560   0.112469   0.614475  -0.244296
     48       0.035025  -0.092311   0.005428   0.027708  -0.148725   0.059181
     49       0.142750  -0.354429   0.025026   0.094498  -0.518519   0.206585
     50      -0.102339   0.251279  -0.017022  -0.065775   0.358282  -0.143242
                 48         49         50    
      0      -0.028399   0.000367   0.023156
      1      -0.064282   0.000859   0.052300
      2      -0.028880   0.000382   0.023488
      3       0.016778   0.025674   0.019968
      4       0.037633   0.057551   0.044756
      5       0.016922   0.025933   0.020157
      6       0.000213   0.000008   0.000311
      7       0.000509  -0.000002   0.000707
      8       0.000222   0.000007   0.000313
      9       0.016625  -0.025466   0.020481
     10       0.037189  -0.057022   0.045883
     11       0.016900  -0.025791   0.020713
     12       0.000289  -0.000555   0.000551
     13       0.000922   0.005225   0.000684
     14      -0.000632  -0.011205   0.000325
     15      -0.000139  -0.000003  -0.000103
     16      -0.000311  -0.000000  -0.000230
     17      -0.000138  -0.000002  -0.000103
     18       0.000202   0.000575   0.000146
     19       0.000285  -0.005305   0.000889
     20       0.000954   0.011348   0.000346
     21      -0.110655   0.001638   0.092436
     22       0.482382  -0.007873  -0.394508
     23       0.232665  -0.000097  -0.190396
     24       0.448766  -0.006093  -0.369310
     25       0.282675  -0.002306  -0.230602
     26       0.111048  -0.004481  -0.090411
     27      -0.095574  -0.146254  -0.111697
     28      -0.295860  -0.459549  -0.355354
     29       0.058548   0.091531   0.071158
     30      -0.103350  -0.162157  -0.126221
     31      -0.150265  -0.231960  -0.178128
     32      -0.259236  -0.403064  -0.311343
     33      -0.086371   0.136018  -0.109761
     34      -0.294180   0.457811  -0.365631
     35       0.055996  -0.088691   0.071864
     36      -0.110699   0.169888  -0.134350
     37      -0.146815   0.227401  -0.181354
     38      -0.256256   0.398500  -0.318772
     39      -0.001215  -0.008591   0.000034
     40      -0.013223  -0.074637  -0.008689
     41       0.006791   0.045154   0.003446
     42       0.000308   0.015200  -0.000612
     43      -0.001394   0.013283  -0.002968
     44      -0.000990   0.086354  -0.009221
     45      -0.005262  -0.029075  -0.004585
     46      -0.001974  -0.008659  -0.001493
     47      -0.012616  -0.084442  -0.008071
     48      -0.001771   0.022301  -0.004198
     49      -0.002434   0.070941  -0.007998
     50       0.000873  -0.048746   0.004780
# -----------------------------------------------------------
$ THERMOCHEMISTRY_Energies
   description: The Thermochemistry energies
   geom. index: 1
   prop. index: 1
        Temperature (Kelvin)           :        298.1500000000
        Pressure (atm)                 :          1.0000000000
        Total Mass (AMU)               :         98.1450000000
        Spin Degeneracy                :          1.0000000000
        Electronic Energy (Hartree)    :       -309.9682933433
        Translational Energy (Hartree) :          0.0014162714
        Rotational Energy (Hartree)    :          0.0014162714
        Vibrational Energy (Hartree)   :          0.0027820993
        Number of frequencies          :     51      
        Scaling Factor for frequencies :          1.0000000000
        Vibrational frequencies        :     
                  0    
      0       0.000000
      1       0.000000
      2       0.000000
      3       0.000000
      4       0.000000
      5       0.000000
      6     -131.489562
      7       8.897800
      8     315.301088
      9     385.531301
     10     407.371491
     11     519.074638
     12     826.745274
     13     866.615753
     14     906.077434
     15     912.812137
     16     989.304944
     17     1001.503481
     18     1033.941848
     19     1044.741231
     20     1045.350940
     21     1097.479279
     22     1158.696467
     23     1172.390305
     24     1222.500364
     25     1226.964719
     26     1254.854823
     27     1289.809224
     28     1291.964878
     29     1303.758926
     30     1311.301139
     31     1337.205103
     32     1359.928706
     33     1376.284694
     34     1389.758872
     35     1484.067353
     36     1492.721836
     37     1498.598951
     38     1526.785875
     39     1542.227603
     40     1551.786275
     41     2916.843515
     42     2925.407960
     43     2929.033250
     44     2930.871527
     45     2942.946579
     46     2989.947504
     47     2990.264375
     48     2993.433191
     49     3013.464060
     50     3025.835833
        Zero Point Energy (Hartree)    :          0.1522052964
        Inner Energy (Hartree)         :       -309.8104734048
        Enthalpy (Hartree)             :       -309.8095291958
        Electronic entropy             :          0.0000000000
        Rotational entropy             :          0.0121520083
        Vibrational entropy            :          0.0051016985
        Translational entropy          :          0.0121520083
        Entropy                        :          0.0360984303
        Gibbs Energy (Hartree)         :       -309.8456276261
        Is Linear                      :                 false
# -----------------------------------------------------------
$ PAL_Flags
   description: The PAL Flags
   geom. index: 2
   prop. index: 1
        Diskflag:     2
# -----------------------------------------------------------
$ SCF_Energy
   description: The SCF energy
   geom. index: 2
   prop. index: 1
        SCF Energy:     -309.9531441175
# -----------------------------------------------------------
$ DFT_Energy
   description: The DFT energy
   geom. index: 2
   prop. index: 1
   Number of Alpha Electrons                 27.0000417185 
   Number of Beta  Electrons                 27.0000417185 
   Total number of  Electrons                54.0000834370 
   Exchange energy                          -28.6417491290 
   Correlation energy                        -2.2129762006 
   Correlation energy NL                      0.0000000000 
   Exchange-Correlation energy              -30.8547253297 
   Embedding correction                       0.0000000000 
   Total DFT Energy (No VdW correction)    -309.9531441175 
# -----------------------------------------------------------
$ VdW_Correction
   description: The Van der Waals Correction
   geom. index: 2
   prop. index: 1
        Van der Waals Correction:       -0.0259384950
# -----------------------------------------------------------
$ PAL_Flags
   description: The PAL Flags
   geom. index: 3
   prop. index: 1
        Diskflag:     2
# -----------------------------------------------------------
$ SCF_Energy
   description: The SCF energy
   geom. index: 3
   prop. index: 1
        SCF Energy:     -309.9541360760
# -----------------------------------------------------------
$ DFT_Energy
   description: The DFT energy
   geom. index: 3
   prop. index: 1
   Number of Alpha Electrons                 27.0000462436 
   Number of Beta  Electrons                 27.0000462436 
   Total number of  Electrons                54.0000924872 
   Exchange energy                          -28.6324793163 
   Correlation energy                        -2.2119179111 
   Correlation energy NL                      0.0000000000 
   Exchange-Correlation energy              -30.8443972274 
   Embedding correction                       0.0000000000 
   Total DFT Energy (No VdW correction)    -309.9541360760 
# -----------------------------------------------------------
$ VdW_Correction
   description: The Van der Waals Correction
   geom. index: 3
   prop. index: 1
        Van der Waals Correction:       -0.0257799008
# -----------------------------------------------------------
$ PAL_Flags
   description: The PAL Flags
   geom. index: 4
   prop. index: 1
        Diskflag:     2
# -----------------------------------------------------------
$ SCF_Energy
   description: The SCF energy
   geom. index: 4
   prop. index: 1
        SCF Energy:     -309.9541471883
# -----------------------------------------------------------
$ DFT_Energy
   description: The DFT energy
   geom. index: 4
   prop. index: 1
   Number of Alpha Electrons                 27.0000461776 
   Number of Beta  Electrons                 27.0000461776 
   Total number of  Electrons                54.0000923551 
   Exchange energy                          -28.6316387347 
   Correlation energy                        -2.2118405234 
   Correlation energy NL                      0.0000000000 
   Exchange-Correlation energy              -30.8434792581 
   Embedding correction                       0.0000000000 
   Total DFT Energy (No VdW correction)    -309.9541471883 
# -----------------------------------------------------------
$ Mayer_Pop
   description: The Mayer population analysis
   geom. index: 4
   prop. index: 1
     Number of atoms                     : 17
     Threshold for printing              : 0.1000000
     Number of bond orders printed       : 23
  NA   - Mulliken gross atomic population
  ZA   - Total nuclear charge
  QA   - Mulliken gross atomic charge
  VA   - Mayer's total valence
  BVA  - Mayer's bonded valence
  FA   - Mayer's free valence
  ATOM       NA         ZA         QA         VA         BVA        FA
  0   0     6.2471     6.0000    -0.2471     3.6812     3.6812     0.0000
  1   0     6.5184     6.0000    -0.5184     3.9194     3.9194    -0.0000
  2   0     5.6523     6.0000     0.3477     2.9144     2.9144     0.0000
  3   0     6.5163     6.0000    -0.5163     3.9176     3.9176     0.0000
  4   0     6.0919     6.0000    -0.0919     3.7823     3.7823     0.0000
  5   0     8.3925     8.0000    -0.3925     1.5992     1.5992     0.0000
  6   0     6.0921     6.0000    -0.0921     3.7835     3.7835    -0.0000
  7   0     0.8482     1.0000     0.1518     0.9509     0.9509     0.0000
  8   0     0.8483     1.0000     0.1517     0.9510     0.9510     0.0000
  9   0     0.8441     1.0000     0.1559     0.9520     0.9520     0.0000
 10   0     0.8439     1.0000     0.1561     0.9519     0.9519     0.0000
 11   0     0.8440     1.0000     0.1560     0.9519     0.9519     0.0000
 12   0     0.8440     1.0000     0.1560     0.9519     0.9519     0.0000
 13   0     0.8543     1.0000     0.1457     0.9147     0.9147     0.0000
 14   0     0.8542     1.0000     0.1458     0.9147     0.9147     0.0000
 15   0     0.8543     1.0000     0.1457     0.9147     0.9147    -0.0000
 16   0     0.8543     1.0000     0.1457     0.9148     0.9148     0.0000
      Bond orders larger than 0.1000000
           Atom A     A.N. of A          Atom B    A.N. of B              Bond order
                0             6               1            6                0.967272
                0             6               2            6               -0.124975
                0             6               3            6                0.966945
                0             6               7            1                0.966807
                0             6               8            1                0.966852
                1             6               2            6                0.727253
                1             6               4            6                0.109488
                1             6               6            6                0.109739
                1             6               9            1                0.967276
                1             6              10            1                0.967454
                2             6               3            6                0.728288
                2             6               4            6                0.871461
                2             6               6            6                0.872327
                3             6               4            6                0.108545
                3             6               6            6                0.108671
                3             6              11            1                0.967334
                3             6              12            1                0.967412
                4             6               5            8                0.791920
                4             6              13            1                0.968108
                4             6              14            1                0.967789
                5             8               6            6                0.791745
                6             6              15            1                0.967830
                6             6              16            1                0.967837
# -----------------------------------------------------------
$ VdW_Correction
   description: The Van der Waals Correction
   geom. index: 4
   prop. index: 1
        Van der Waals Correction:       -0.0257709989
# -----------------------------------------------------------
$ SCF_Electric_Properties
   description: The SCF Calculated Electric Properties
   geom. index: 4
   prop. index: 1
       Filename                          : file.scfp 
       Do Dipole Moment Calculation      : true 
       Do Quadrupole Moment Calculation  : false 
       Do Polarizability Calculation     : false 
** Dipole moment part of electric properties **
        Magnitude of dipole moment (Debye) :        2.3668297587
        Electronic Contribution:
                  0    
      0      -3.955564
      1       1.382866
      2       0.846116
        Nuclear Contribution:
                  0    
      0       4.817238
      1      -1.683761
      2      -1.030631
        Total Dipole moment:
                  0    
      0       0.861674
      1      -0.300895
      2      -0.184515
# -------------------------------------------------------------
----------------------- !GEOMETRIES! ------------------------
# -------------------------------------------------------------
------------------------ !GEOMETRY! -------------------------
    Number of atoms:    17 
    Geometry Index:     1 
    Coordinates:
               0 C      1.691500000000   -0.591600000000   -0.361600000000
               1 C      0.650200000000    0.222300000000   -1.140400000000
               2 C     -0.269300000000    0.094200000000    0.057600000000
               3 C      0.747500000000   -0.711100000000    0.841600000000
               4 C     -0.911700000000    1.310700000000    0.662100000000
               5 O     -2.205400000000    0.771300000000    0.471500000000
               6 C     -1.676700000000   -0.405500000000   -0.108700000000
               7 H      1.902700000000   -1.575300000000   -0.835300000000
               8 H      2.604500000000   -0.001000000000   -0.128300000000
               9 H      0.986400000000    1.264700000000   -1.331000000000
              10 H      0.281900000000   -0.315800000000   -2.040800000000
              11 H      0.432500000000   -1.760900000000    1.027600000000
              12 H      1.137000000000   -0.180400000000    1.737400000000
              13 H     -0.773900000000    2.235300000000    0.059800000000
              14 H     -0.691300000000    1.442100000000    1.744000000000
              15 H     -1.994400000000   -0.502900000000   -1.169900000000
              16 H     -1.911700000000   -1.296100000000    0.514300000000
------------------------ !GEOMETRY! -------------------------
    Number of atoms:    17 
    Geometry Index:     2 
    Coordinates:
               0 C      1.742603781720   -0.609568039924   -0.372625185076
               1 C      0.676377532084    0.213837648177   -1.147293442012
               2 C     -0.275854862327    0.096709571914    0.058968962396
               3 C      0.773664294381   -0.720740943568    0.837337327048
               4 C     -0.939258313450    1.334053004781    0.674502938258
               5 O     -2.258099203887    0.789252655168    0.483093812707
               6 C     -1.714674711606   -0.405982754458   -0.107147788518
               7 H      1.981910924292   -1.570516721801   -0.836789148798
               8 H      2.658498842983   -0.052752641066   -0.155510331027
               9 H      0.988021350750    1.240989688029   -1.364287481551
              10 H      0.307182990905   -0.285089194342   -2.049489420105
              11 H      0.459415901700   -1.746952470113    1.054890145031
              12 H      1.139920237535   -0.220641616515    1.740086635707
              13 H     -0.804594694095    2.262384581599    0.102905996779
              14 H     -0.724199646725    1.491241091673    1.740148270579
              15 H     -2.045751261926   -0.522515054495   -1.148042563125
              16 H     -1.965363162335   -1.293708805059    0.489151271708
------------------------ !GEOMETRY! -------------------------
    Number of atoms:    17 
    Geometry Index:     3 
    Coordinates:
               0 C      1.751596015544   -0.612648182932   -0.374588940961
               1 C      0.683925205302    0.209588002011   -1.145353715469
               2 C     -0.279431706367    0.097940793417    0.059735747374
               3 C      0.780894468210   -0.721653907696    0.832250329460
               4 C     -0.945626324465    1.338154982889    0.676764849550
               5 O     -2.268522721805    0.792791931509    0.485351270298
               6 C     -1.722513407218   -0.405202868371   -0.106347606688
               7 H      2.009669141057   -1.569512917954   -0.837600403708
               8 H      2.677956589859   -0.070111903686   -0.164811459988
               9 H      0.979739792263    1.236770462035   -1.384836195953
              10 H      0.309643301730   -0.264723212490   -2.059054858650
              11 H      0.463262631116   -1.741169403175    1.076357823286
              12 H      1.132940979863   -0.239369337896    1.750582132979
              13 H     -0.808020549734    2.272409941463    0.116112803125
              14 H     -0.728362082747    1.507574326237    1.739787856213
              15 H     -2.058462292126   -0.533009359938   -1.144064212998
              16 H     -1.978889040482   -1.297829345424    0.479614582129
------------------------ !GEOMETRY! -------------------------
    Number of atoms:    17 
    Geometry Index:     4 
    Coordinates:
               0 C      1.751701350693   -0.612644357896   -0.374591409409
               1 C      0.684130973429    0.209554355131   -1.145482922262
               2 C     -0.279636552812    0.097922085289    0.059717516553
               3 C      0.781082933695   -0.721736697688    0.832293266010
               4 C     -0.945946259111    1.338279923521    0.676821743109
               5 O     -2.269032476755    0.793006133332    0.485483136015
               6 C     -1.722986021347   -0.405098737305   -0.106267949272
               7 H      2.010642082791   -1.569380024079   -0.837562816612
               8 H      2.678636276595   -0.070781288128   -0.165207848532
               9 H      0.979540944462    1.236785382316   -1.386345015064
              10 H      0.310133285003   -0.263521919410   -2.060225736014
              11 H      0.463828225229   -1.741260711515    1.077907236722
              12 H      1.132824368846   -0.240603087076    1.751629298267
              13 H     -0.808119006695    2.272765665032    0.116474296298
              14 H     -0.728466297214    1.508068221365    1.739812508238
              15 H     -2.059067894441   -0.533373228507   -1.143953069727
              16 H     -1.979465932368   -1.297981714383    0.479397765680
