    51
     1   -1.680040   -4.706137    1.452792      1
     2    1.473222   -4.234085    2.240675      1
     3   -0.069869   -3.514345    1.122316      1
     4    0.677080   -3.594692   -1.545734      1
     5   -0.866005   -3.339976   -2.567039      1
     6   -4.658225   -1.335899    1.682118      1
     7   -0.011128   -0.300044    3.709349      1
     8   -0.562003   -0.711000    1.797683      1
     9    4.105605   -1.747990   -1.109730      1
    10   -3.300207    0.126169    1.298644      1
    11    2.240490   -1.328857   -1.818205      1
    12    2.426350   -0.809728   -3.772303      1
    13   -3.757044    1.744980    2.473243      1
    14   -3.266432    0.769945   -1.396765      1
    15    1.039543    0.797285   -0.184764      1
    16    4.369644    1.470810    2.071804      1
    17   -4.798131    1.691252   -1.926332      1
    18    3.039065    2.535649    0.963758      1
    19   -0.972123    2.292464   -1.682678      1
    20   -0.482318    2.517464   -3.641977      1
    21    2.193977    3.937506    2.169303      1
    22    4.079940    3.509028   -0.489513      1
    23   -1.182109    4.161982   -0.861892      1
    24   -1.093582   -4.263835    1.329279      2
    25    0.909716   -3.962623    1.829452      2
    26    0.223359   -3.525874    0.029646      2
    27   -0.505583   -3.392370   -2.323209      2
    28   -0.327566   -2.119943    1.463198      2
    29   -4.159221   -0.801444    1.540080      2
    30    1.584298   -2.236675   -1.701688      2
    31    0.663314   -1.632724   -0.101307      3
    32   -0.215375   -0.452100    2.999238      2
    33   -1.719230   -1.608263   -1.949785      2
    34   -1.255033   -1.334155   -1.206491      3
    35   -1.915044   -0.308101    1.556426      2
    36    3.417405   -1.591756   -1.361899      2
    37    0.248305    0.053814    0.817433      2
    38   -3.297025    0.406298    0.224345      2
    39    2.351571   -0.996889   -3.054444      2
    40   -3.585150    1.149758    2.033224      2
    41    1.643713   -0.259887   -1.011816      2
    42   -1.401525    0.682252   -0.009087      3
    43   -4.428690    1.477182   -1.792703      2
    44    0.056905    1.536378   -0.928415      2
    45    2.034011    1.664288    0.389249      2
    46    3.874781    1.859455    1.660567      2
    47   -1.901310    1.703419   -1.560834      2
    48   -0.661488    2.432187   -2.923254      2
    49    2.501230    3.416400    1.721373      2
    50    3.690990    3.146009    0.044785      2
    51   -1.108155    3.466594   -1.160323      2
