    31
     1   -1.149665   -3.275999   -1.542708      1
     2    3.949174   -2.863471    0.101709      1
     3   -3.313732   -1.013787    1.971927      1
     4   -1.155261   -1.247812   -1.566452      1
     5    3.475057   -0.949228    0.538269      1
     6   -2.865467    0.151838    0.373885      1
     7    4.361595   -0.173771    2.179142      1
     8   -1.455520   -0.595640   -3.465414      1
     9    1.085809    0.110594   -0.359957      1
    10   -4.573668    0.969956   -0.345329      1
    11    3.372019    0.720359   -1.601920      1
    12   -0.267552    2.457125    2.884200      1
    13   -0.655222    2.004838    0.945384      1
    14   -0.792308    3.719078   -0.133751      1
    15   -1.150504   -2.527409   -1.546960      2
    16    3.777632   -2.174946    0.254875      2
    17   -3.141800   -0.585493    1.383328      2
    18   -2.060345   -0.580054   -0.610934      2
    19    4.042276   -0.448844    1.588105      2
    20   -0.004714   -0.624777   -1.016459      2
    21    2.193374   -0.492752    0.201465      2
    22   -1.346496   -0.828307   -2.767228      2
    23    3.436845   -0.349054   -0.230873      2
    24   -0.896353    0.247231   -0.142380      3
    25   -3.941596    0.670724   -0.083723      2
    26   -1.800543    1.109345    0.693727      2
    27    1.867625    0.334645   -0.804860      2
    28    0.262842    1.115883    0.327808      2
    29   -0.410140    2.285671    2.169588      2
    30   -0.744583    3.087393    0.256434      2
    31    2.588461   -0.130369   -0.345821      3
