-------------------------------------------------------------
----------------------- !PROPERTIES! ------------------------
-------------------------------------------------------------
# -----------------------------------------------------------
$ PAL_Flags
   description: The PAL Flags
   geom. index: 1
   prop. index: 1
        Diskflag:     2
# -----------------------------------------------------------
$ SCF_Energy
   description: The SCF energy
   geom. index: 1
   prop. index: 1
        SCF Energy:     -270.5986397484
# -----------------------------------------------------------
$ DFT_Energy
   description: The DFT energy
   geom. index: 1
   prop. index: 1
   Number of Alpha Electrons                 23.0000134824 
   Number of Beta  Electrons                 23.0000134824 
   Total number of  Electrons                46.0000269648 
   Exchange energy                          -24.7613033613 
   Correlation energy                        -1.8927279952 
   Correlation energy NL                      0.0000000000 
   Exchange-Correlation energy              -26.6540313565 
   Embedding correction                       0.0000000000 
   Total DFT Energy (No VdW correction)    -270.5986397484 
# -----------------------------------------------------------
$ Mayer_Pop
   description: The Mayer population analysis
   geom. index: 1
   prop. index: 1
     Number of atoms                     : 14
     Threshold for printing              : 0.1000000
     Number of bond orders printed       : 17
  NA   - Mulliken gross atomic population
  ZA   - Total nuclear charge
  QA   - Mulliken gross atomic charge
  VA   - Mayer's total valence
  BVA  - Mayer's bonded valence
  FA   - Mayer's free valence
  ATOM       NA         ZA         QA         VA         BVA        FA
  0   0     6.3078     6.0000    -0.3078     3.7274     3.7274    -0.0000
  1   0     6.4558     6.0000    -0.4558     3.8049     3.8049     0.0000
  2   0     5.7391     6.0000     0.2609     3.5140     3.5140    -0.0000
  3   0     6.4551     6.0000    -0.4551     3.8047     3.8047     0.0000
  4   0     5.9651     6.0000     0.0349     3.5710     3.5710    -0.0000
  5   0     8.3513     8.0000    -0.3513     1.5781     1.5781    -0.0000
  6   0     0.8488     1.0000     0.1512     0.9638     0.9638    -0.0000
  7   0     0.8480     1.0000     0.1520     0.9524     0.9524     0.0000
  8   0     0.8120     1.0000     0.1880     0.9366     0.9366     0.0000
  9   0     0.8477     1.0000     0.1523     0.9571     0.9571     0.0000
 10   0     0.8475     1.0000     0.1525     0.9570     0.9570    -0.0000
 11   0     0.8121     1.0000     0.1879     0.9367     0.9367     0.0000
 12   0     0.8548     1.0000     0.1452     0.9253     0.9253    -0.0000
 13   0     0.8548     1.0000     0.1452     0.9252     0.9252    -0.0000
      Bond orders larger than 0.1000000
           Atom A     A.N. of A          Atom B    A.N. of B              Bond order
                0             6               1            6                0.950494
                0             6               2            6               -0.129404
                0             6               3            6                0.950799
                0             6               6            1                0.966600
                0             6               7            1                0.970303
                1             6               2            6                0.976570
                1             6               3            6                0.110309
                1             6               8            1                0.945491
                1             6               9            1                0.986792
                2             6               3            6                0.975723
                2             6               4            6                0.880996
                2             6               5            8                0.865081
                3             6              10            1                0.986927
                3             6              11            1                0.945471
                4             6               5            8                0.834224
                4             6              12            1                0.961999
                4             6              13            1                0.961991
# -----------------------------------------------------------
$ VdW_Correction
   description: The Van der Waals Correction
   geom. index: 1
   prop. index: 1
        Van der Waals Correction:       -0.0195824887
# -----------------------------------------------------------
$ Hessian
   description: Details about the Hessian
   geom. index: 1
   prop. index: 1
Normal modes:
Number of Rows: 42 Number of Columns: 42
                  0          1          2          3          4          5    
      0       0.000000   0.000000   0.000000   0.000000   0.000000   0.000000
      1       0.000000   0.000000   0.000000   0.000000   0.000000   0.000000
      2       0.000000   0.000000   0.000000   0.000000   0.000000   0.000000
      3       0.000000   0.000000   0.000000   0.000000   0.000000   0.000000
      4       0.000000   0.000000   0.000000   0.000000   0.000000   0.000000
      5       0.000000   0.000000   0.000000   0.000000   0.000000   0.000000
      6       0.000000   0.000000   0.000000   0.000000   0.000000   0.000000
      7       0.000000   0.000000   0.000000   0.000000   0.000000   0.000000
      8       0.000000   0.000000   0.000000   0.000000   0.000000   0.000000
      9       0.000000   0.000000   0.000000   0.000000   0.000000   0.000000
     10       0.000000   0.000000   0.000000   0.000000   0.000000   0.000000
     11       0.000000   0.000000   0.000000   0.000000   0.000000   0.000000
     12       0.000000   0.000000   0.000000   0.000000   0.000000   0.000000
     13       0.000000   0.000000   0.000000   0.000000   0.000000   0.000000
     14       0.000000   0.000000   0.000000   0.000000   0.000000   0.000000
     15       0.000000   0.000000   0.000000   0.000000   0.000000   0.000000
     16       0.000000   0.000000   0.000000   0.000000   0.000000   0.000000
     17       0.000000   0.000000   0.000000   0.000000   0.000000   0.000000
     18       0.000000   0.000000   0.000000   0.000000   0.000000   0.000000
     19       0.000000   0.000000   0.000000   0.000000   0.000000   0.000000
     20       0.000000   0.000000   0.000000   0.000000   0.000000   0.000000
     21       0.000000   0.000000   0.000000   0.000000   0.000000   0.000000
     22       0.000000   0.000000   0.000000   0.000000   0.000000   0.000000
     23       0.000000   0.000000   0.000000   0.000000   0.000000   0.000000
     24       0.000000   0.000000   0.000000   0.000000   0.000000   0.000000
     25       0.000000   0.000000   0.000000   0.000000   0.000000   0.000000
     26       0.000000   0.000000   0.000000   0.000000   0.000000   0.000000
     27       0.000000   0.000000   0.000000   0.000000   0.000000   0.000000
     28       0.000000   0.000000   0.000000   0.000000   0.000000   0.000000
     29       0.000000   0.000000   0.000000   0.000000   0.000000   0.000000
     30       0.000000   0.000000   0.000000   0.000000   0.000000   0.000000
     31       0.000000   0.000000   0.000000   0.000000   0.000000   0.000000
     32       0.000000   0.000000   0.000000   0.000000   0.000000   0.000000
     33       0.000000   0.000000   0.000000   0.000000   0.000000   0.000000
     34       0.000000   0.000000   0.000000   0.000000   0.000000   0.000000
     35       0.000000   0.000000   0.000000   0.000000   0.000000   0.000000
     36       0.000000   0.000000   0.000000   0.000000   0.000000   0.000000
     37       0.000000   0.000000   0.000000   0.000000   0.000000   0.000000
     38       0.000000   0.000000   0.000000   0.000000   0.000000   0.000000
     39       0.000000   0.000000   0.000000   0.000000   0.000000   0.000000
     40       0.000000   0.000000   0.000000   0.000000   0.000000   0.000000
     41       0.000000   0.000000   0.000000   0.000000   0.000000   0.000000
                  6          7          8          9         10         11    
      0      -0.061804  -0.008378  -0.040533  -0.005502  -0.234577  -0.127486
      1      -0.119926  -0.054520   0.001417  -0.036227   0.039859   0.003476
      2       0.167601  -0.042180   0.006229  -0.027911  -0.004938   0.020899
      3      -0.013104   0.094115  -0.027167   0.158706  -0.156086   0.076856
      4       0.075009  -0.028481  -0.040588   0.127872   0.088767   0.081671
      5      -0.090251   0.087372   0.091135  -0.019978   0.073995   0.122412
      6      -0.015220   0.012363  -0.000149   0.022475   0.094571   0.032742
      7       0.064085   0.080319   0.145133   0.146525  -0.051373  -0.085504
      8      -0.079963   0.062075  -0.187934   0.113071   0.047743   0.104319
      9      -0.013741  -0.084036  -0.031998  -0.132680  -0.179251   0.041203
     10       0.070955   0.094421  -0.072192   0.041160  -0.061782  -0.150430
     11      -0.093461  -0.036365   0.066682   0.150417  -0.042105  -0.056916
     12      -0.036026  -0.030468  -0.071623  -0.003793   0.309795  -0.126496
     13      -0.052549  -0.198565  -0.030529  -0.024299   0.031565   0.031358
     14       0.075117  -0.153388   0.053782  -0.018662  -0.102459  -0.015458
     15       0.123333   0.019529   0.157480  -0.030054   0.162412   0.066779
     16      -0.021884   0.127147   0.039487  -0.195443  -0.056234   0.067394
     17       0.003923   0.098189  -0.082462  -0.150930   0.040331  -0.100584
     18      -0.358971  -0.022037   0.152359  -0.004988  -0.200127   0.178910
     19      -0.181393  -0.144133   0.041842  -0.032535   0.048718   0.068100
     20       0.306331  -0.111431  -0.084600  -0.025027  -0.023292  -0.124293
     21       0.184797  -0.008166  -0.201767  -0.025280  -0.273024  -0.360887
     22      -0.277229  -0.052398   0.104771  -0.165287   0.062511   0.153644
     23       0.322314  -0.040655  -0.095502  -0.127521  -0.026724  -0.126653
     24      -0.100100   0.112846  -0.226363   0.323891  -0.204492   0.253435
     25       0.280180  -0.141480  -0.333058   0.317018   0.063231   0.374667
     26      -0.083019   0.081291   0.066618  -0.000640   0.066419   0.149779
     27       0.114107   0.181382   0.152098   0.200401  -0.232435   0.135820
     28      -0.012845  -0.004797   0.042342   0.047046   0.091503  -0.045501
     29      -0.266740   0.197535   0.405933  -0.220189   0.051243  -0.189780
     30       0.152279  -0.148264   0.080178  -0.217738  -0.250586   0.167804
     31       0.235833   0.221515  -0.425885  -0.160788  -0.026446   0.165180
     32      -0.074926  -0.030095   0.044441   0.132308  -0.039539  -0.026780
     33      -0.138239  -0.124498  -0.166360  -0.254402  -0.220380   0.153279
     34       0.032370   0.065680   0.057731   0.135385  -0.039316  -0.278693
     35      -0.274574  -0.139689   0.368395   0.349843  -0.012493  -0.354250
     36      -0.072396  -0.338226  -0.123474  -0.170618   0.389275  -0.178701
     37      -0.089343  -0.221712  -0.077926  -0.171499   0.074641  -0.037301
     38       0.128412  -0.368874   0.122607   0.174718  -0.155565   0.093652
     39      -0.072067   0.232454  -0.123020   0.158583   0.386591  -0.180090
     40      -0.087966  -0.467845  -0.075187   0.093864   0.057219  -0.046703
     41       0.129652  -0.163660   0.124744  -0.234553  -0.169370   0.086494
                 12         13         14         15         16         17    
      0      -0.042073   0.117443   0.000505   0.000425   0.248786   0.031281
      1       0.049278   0.001773   0.002536   0.002972  -0.053030   0.195731
      2      -0.055503  -0.025755   0.001772   0.002300   0.017013   0.151342
      3       0.040982  -0.102132  -0.030788  -0.038755  -0.079590   0.129864
      4       0.069224  -0.128684  -0.070555  -0.036999   0.134024  -0.120453
      5       0.034604  -0.051777   0.058073  -0.060706   0.085937  -0.073637
      6       0.030349  -0.075435   0.001557   0.009074   0.103141  -0.003066
      7      -0.021217  -0.132776   0.010617   0.059315  -0.011652  -0.023360
      8       0.021461   0.186881   0.008684   0.045817  -0.005154  -0.017986
      9       0.021534  -0.067389   0.024904   0.021742  -0.113552  -0.160801
     10      -0.057156   0.098681   0.033227  -0.073858  -0.097543  -0.074756
     11      -0.062585   0.124872  -0.086927  -0.024817  -0.092721  -0.077232
     12      -0.028431  -0.119931   0.001706   0.007867  -0.002651  -0.001421
     13      -0.009819   0.112166   0.012493   0.051493  -0.050907  -0.009521
     14       0.018343  -0.121552   0.009355   0.039780   0.066613  -0.006830
     15      -0.013636   0.253909   0.002700   0.002664  -0.051062  -0.001038
     16       0.017254   0.049162   0.015419   0.017013   0.049527  -0.004950
     17      -0.019671  -0.114423   0.011709   0.013101  -0.053883  -0.004291
     18      -0.545753  -0.141259  -0.033154   0.022205   0.309041   0.064727
     19      -0.056893  -0.052775  -0.208205   0.144124  -0.047051   0.412187
     20       0.183281   0.098749  -0.160053   0.111196  -0.004807   0.318425
     21       0.389993   0.315875   0.041616  -0.004526   0.212330   0.061290
     22      -0.228534  -0.127588   0.262472  -0.028728  -0.024322   0.391047
     23       0.217235   0.099468   0.203700  -0.022263  -0.014836   0.302000
     24       0.200135  -0.017977   0.006645  -0.035345  -0.335784   0.239527
     25      -0.207864  -0.144170   0.401174  -0.131609   0.234336  -0.135184
     26       0.028776  -0.047950   0.082719  -0.068309   0.086545  -0.073415
     27      -0.091806  -0.460183   0.011876  -0.168975  -0.368106   0.250298
     28       0.175551  -0.082666  -0.240224   0.012812   0.177277  -0.133737
     29       0.262826  -0.089670  -0.392286   0.015420   0.041763  -0.038345
     30      -0.160322  -0.416509  -0.116379   0.168850  -0.394009  -0.277807
     31      -0.272884   0.196464  -0.428599  -0.014039  -0.011800  -0.020600
     32      -0.084085   0.123781  -0.123615  -0.016454  -0.103330  -0.081676
     33       0.229107   0.016017   0.082530  -0.000625  -0.380665  -0.272867
     34      -0.017217   0.081290   0.174814  -0.102753  -0.073130  -0.056947
     35       0.175195   0.123853   0.362916  -0.112725  -0.150455  -0.075764
     36      -0.035579  -0.185823  -0.132070  -0.551028  -0.048191   0.054817
     37      -0.013400  -0.020584  -0.035212  -0.245124  -0.058079   0.019329
     38       0.024895   0.093009   0.001777   0.233343   0.066748  -0.027740
     39      -0.035791  -0.191737   0.121306   0.522970  -0.044589  -0.054136
     40      -0.013781  -0.048319  -0.031744   0.060447  -0.040709  -0.011950
     41       0.024571   0.072370  -0.053251  -0.376428   0.079394   0.034684
                 18         19         20         21         22         23    
      0      -0.094258   0.000340  -0.065619  -0.015746   0.000922  -0.007954
      1       0.048874   0.003005  -0.033938  -0.046104   0.006082  -0.051878
      2      -0.044590   0.002271   0.057025   0.062925   0.004626  -0.039908
      3      -0.036864  -0.003626   0.026966   0.006099   0.002056   0.042853
      4      -0.147514  -0.024849   0.020563   0.037306   0.000491  -0.049192
      5      -0.002853   0.038647  -0.093466  -0.066463   0.011209  -0.027544
      6       0.153349  -0.000960   0.088028   0.001253  -0.003151   0.024570
      7       0.018326  -0.007020  -0.079839  -0.063994  -0.020637   0.160050
      8      -0.054327  -0.005403   0.085945   0.082439  -0.015964   0.123507
      9      -0.007393   0.004508   0.035969   0.008540  -0.000242  -0.055040
     10       0.044335   0.030410   0.079074   0.053517   0.011146  -0.029626
     11       0.145413  -0.034247  -0.048177  -0.053966  -0.002132  -0.033419
     12       0.091034   0.000490   0.074136  -0.093982  -0.013285  -0.006880
     13      -0.168340   0.002545   0.000834  -0.067554  -0.086704  -0.045041
     14       0.199885   0.002158  -0.015783   0.106056  -0.067047  -0.034732
     15      -0.071719  -0.000118  -0.056106   0.028140   0.007880  -0.001202
     16       0.146692  -0.000212   0.042127   0.037166   0.051361  -0.007752
     17      -0.175692  -0.000357  -0.043406  -0.053643   0.039701  -0.005992
     18      -0.278256   0.028414   0.108960   0.178310  -0.003362   0.033654
     19       0.014615   0.185866   0.004788  -0.006333  -0.021038   0.217392
     20       0.035231   0.143427  -0.028301  -0.027511  -0.016233   0.167799
     21       0.004510  -0.032242  -0.249229  -0.182198  -0.002498   0.031835
     22      -0.019354  -0.208733   0.079378   0.059028  -0.016896   0.208636
     23       0.025230  -0.161245  -0.053119  -0.040383  -0.013004   0.160991
     24       0.188038   0.456091  -0.236238  -0.037786   0.105875  -0.387916
     25       0.093397   0.006473  -0.258724  -0.191247   0.023397   0.015890
     26       0.012062   0.059079  -0.124183  -0.079430   0.017877  -0.043841
     27      -0.314862  -0.441618   0.028314   0.034282  -0.063520  -0.387087
     28      -0.227628   0.013355   0.098743   0.111283  -0.000576   0.015992
     29      -0.346749  -0.081594   0.140762   0.155833  -0.024715  -0.065481
     30      -0.213567   0.419496  -0.011986  -0.010655   0.058040   0.368766
     31       0.444235  -0.157865  -0.162497  -0.181052  -0.035564  -0.132186
     32       0.171647  -0.030193  -0.061061  -0.069934  -0.003252  -0.024271
     33       0.165064  -0.432882  -0.161574   0.010899  -0.095909   0.374147
     34      -0.069562   0.144423   0.223735   0.127926   0.042577  -0.111752
     35      -0.113450   0.057256   0.248277   0.166895   0.032973  -0.029911
     36       0.163665   0.026859  -0.248201   0.346280   0.267989   0.285726
     37      -0.060574   0.069150  -0.273447   0.305423  -0.272123   0.073539
     38       0.054956  -0.125038   0.349630  -0.373861   0.572946  -0.051496
     39       0.162253  -0.031195  -0.239838   0.332360  -0.228446  -0.270852
     40      -0.068840  -0.098069  -0.222072   0.219702   0.532925   0.022460
     41       0.047870   0.103165   0.389189  -0.441029  -0.370877   0.125436
                 24         25         26         27         28         29    
      0      -0.003128  -0.014440   0.004874   0.072832   0.019531  -0.002581
      1       0.070431  -0.093377   0.031313  -0.001405   0.126623  -0.000232
      2      -0.090762  -0.072021   0.024122  -0.013114   0.097760   0.000833
      3       0.016119  -0.125464   0.023498  -0.129863  -0.091056  -0.054592
      4      -0.020398   0.001028  -0.039260   0.030962  -0.043617   0.021104
      5       0.016166   0.007367   0.048575  -0.003269  -0.055892   0.006184
      6       0.028924   0.011655  -0.002834  -0.041335   0.022625   0.172995
      7      -0.046196   0.075922  -0.018464  -0.028686   0.147952  -0.010440
      8       0.054374   0.058566  -0.014157   0.045335   0.114265  -0.020808
      9       0.017192   0.123383  -0.023378  -0.131258   0.071723  -0.057836
     10      -0.013771  -0.016518   0.041574   0.020452  -0.080758  -0.000579
     11       0.021374  -0.019327  -0.046826  -0.011226  -0.040186  -0.010525
     12      -0.029662  -0.002548   0.000253   0.061945  -0.004343  -0.041537
     13      -0.010988  -0.016477   0.001351  -0.022690  -0.028957   0.005871
     14       0.020086  -0.012730   0.001085   0.017069  -0.022294   0.000675
     15       0.000435  -0.000254   0.000221  -0.006439  -0.001184   0.004389
     16       0.007444  -0.001647   0.001511   0.038237  -0.007574  -0.034480
     17      -0.009756  -0.001231   0.001092  -0.048221  -0.005937   0.043768
     18      -0.257778   0.079752   0.052449   0.062166  -0.073905   0.031484
     19       0.020111   0.518942   0.341503  -0.006892  -0.481990   0.006944
     20       0.025139   0.400544   0.263639  -0.002631  -0.372045  -0.015358
     21       0.194261   0.017551  -0.086796   0.133462  -0.064653   0.016015
     22      -0.054396   0.116364  -0.566043  -0.033711  -0.422197  -0.012467
     23       0.032573   0.089758  -0.436971   0.019488  -0.325891   0.012958
     24      -0.528422   0.241047  -0.288389   0.330130   0.105894   0.077961
     25       0.119087  -0.043212   0.150249  -0.055163  -0.179820  -0.294968
     26       0.002203   0.018999   0.048386   0.011790  -0.063986  -0.014925
     27       0.347368   0.396250   0.122056   0.553182   0.112873   0.091060
     28      -0.109753  -0.107470  -0.103900  -0.075354  -0.106242  -0.112424
     29      -0.049597  -0.020426  -0.073887   0.056414  -0.102598  -0.257425
     30       0.365588  -0.409342  -0.147765   0.542703  -0.144108   0.147298
     31       0.007117   0.030665  -0.071834  -0.140590  -0.101610   0.254828
     32       0.040692  -0.039005  -0.061638   0.005815  -0.057625   0.025809
     33      -0.535571  -0.239902   0.315684   0.328161  -0.145669   0.133630
     34       0.070006   0.053936   0.026653  -0.060816  -0.083277   0.068737
     35      -0.035720  -0.010874   0.088276   0.007352  -0.139067   0.266081
     36       0.029228   0.112402  -0.015716   0.079699   0.182959  -0.409893
     37       0.043669   0.024381  -0.018567  -0.079548   0.060285   0.040302
     38      -0.053719  -0.006096   0.030139   0.149128  -0.061040  -0.357429
     39       0.027546  -0.105392   0.016228   0.070712  -0.174802  -0.353202
     40       0.035298   0.021442   0.021189  -0.138528  -0.009620   0.408961
     41      -0.059782   0.041158  -0.027786   0.103410   0.100536  -0.072698
                 30         31         32         33         34         35    
      0       0.061960   0.001109  -0.064382  -0.061827  -0.056552   0.000689
      1      -0.010699   0.004759   0.011677   0.010317   0.008095  -0.001379
      2       0.001495   0.003735  -0.002322  -0.001046   0.000725  -0.001017
      3      -0.020653  -0.019635   0.001592  -0.055708   0.003862   0.005929
      4      -0.032855  -0.058062  -0.029294  -0.051461   0.018031   0.036571
      5      -0.027512  -0.044907  -0.022384  -0.045862   0.013346   0.028762
      6       0.042920   0.002854  -0.039546   0.246240  -0.000535  -0.000277
      7      -0.007661   0.017631  -0.006885  -0.008028   0.000273  -0.001419
      8       0.001229   0.013643   0.016804  -0.038517  -0.000279  -0.001092
      9      -0.009795   0.001404   0.010377  -0.037564  -0.001506   0.005266
     10       0.038426  -0.059880   0.027841   0.066295  -0.016923   0.036382
     11       0.027515  -0.046153   0.021708   0.045050  -0.013876   0.028215
     12       0.004680  -0.000334   0.070927  -0.167688  -0.001289  -0.000000
     13      -0.004708  -0.002326  -0.032973   0.068571   0.000513  -0.000638
     14       0.005197  -0.001760   0.028597  -0.055449  -0.000419  -0.000437
     15       0.004065  -0.000142   0.009365  -0.016042  -0.000169  -0.000038
     16      -0.005485  -0.001028   0.011878  -0.041628   0.000067  -0.000267
     17       0.006301  -0.000764  -0.017247   0.057086  -0.000058  -0.000212
     18      -0.446308  -0.007259   0.380281   0.262889   0.251989  -0.003585
     19      -0.110804  -0.031479   0.100734   0.078707  -0.350361   0.005996
     20       0.232642  -0.022479  -0.206195  -0.154268   0.403762  -0.005282
     21      -0.365040  -0.007114   0.313793   0.203195   0.408662  -0.006192
     22       0.254746  -0.031360  -0.224867  -0.158836   0.254785  -0.003011
     23      -0.257034  -0.026811   0.228743   0.165214  -0.411304   0.007117
     24       0.080240   0.088656   0.019801   0.108223   0.009417   0.021038
     25       0.285815   0.491412   0.257626   0.270555   0.017364   0.035895
     26      -0.005317  -0.005911  -0.003672  -0.030986  -0.247041  -0.502681
     27       0.039327   0.011695   0.002335   0.035957  -0.045512  -0.086561
     28       0.073435   0.136481   0.073755   0.046143  -0.234993  -0.458599
     29       0.283673   0.475660   0.252170   0.269453   0.089150   0.175620
     30      -0.018148   0.084022  -0.048477  -0.013322  -0.012305   0.022678
     31      -0.299852   0.485325  -0.257416  -0.274128  -0.020506   0.043128
     32      -0.000947   0.006211  -0.004060   0.021821   0.246820  -0.494615
     33       0.024376   0.006454  -0.029040   0.058211   0.040312  -0.085681
     34      -0.078509   0.125905  -0.060540  -0.054389   0.220260  -0.458310
     35      -0.290265   0.480542  -0.248689  -0.281419  -0.079742   0.166996
     36      -0.174180   0.017382  -0.295536   0.290393   0.006834  -0.002416
     37      -0.000933   0.006499  -0.039008   0.090640  -0.016053   0.007086
     38      -0.145163  -0.006525  -0.261281   0.296542  -0.007207   0.003917
     39      -0.147461  -0.017601  -0.241189   0.221182   0.010798   0.003022
     40       0.171652  -0.000192   0.314291  -0.359068   0.009417   0.003705
     41      -0.012033   0.010374   0.011483  -0.050607   0.012480   0.003708
                 36         37         38         39         40         41    
      0      -0.000573   0.034721  -0.007805  -0.000167   0.007024  -0.000022
      1      -0.000041  -0.005646  -0.048087  -0.000594   0.033410  -0.000144
      2       0.000171   0.000457   0.063827   0.000998  -0.044684  -0.000109
      3       0.000294   0.005048   0.004911  -0.008637   0.006950   0.000355
      4       0.001993   0.031608   0.023834  -0.040367   0.032911  -0.001163
      5       0.000388   0.026319  -0.032797   0.055516  -0.044485   0.000489
      6      -0.005023  -0.004072   0.000442  -0.000066   0.000779  -0.000038
      7      -0.000511   0.000849   0.000493  -0.000519   0.000861  -0.000310
      8       0.001661  -0.000265  -0.000731  -0.000384  -0.001298  -0.000240
      9      -0.000168  -0.005031   0.004972   0.008793   0.007256  -0.000496
     10      -0.001018  -0.034013   0.024412   0.041606   0.034562   0.000258
     11      -0.001939  -0.024940  -0.031291  -0.053503  -0.045264  -0.001169
     12       0.051196  -0.001028  -0.000430   0.000033  -0.000303  -0.012562
     13      -0.019983   0.000428   0.000156   0.000169   0.000335  -0.081422
     14       0.015551  -0.000340  -0.000129   0.000141  -0.000393  -0.062874
     15       0.002262  -0.000148  -0.000196   0.000027  -0.000468   0.000103
     16      -0.000507   0.000263  -0.000363   0.000142  -0.000453   0.000711
     17       0.000211  -0.000308   0.000507   0.000105   0.000681   0.000544
     18       0.001779  -0.145939  -0.263768  -0.003175   0.182017  -0.000044
     19      -0.002756   0.202605   0.354309   0.007617  -0.241214  -0.000229
     20       0.003216  -0.233435  -0.406509  -0.003350   0.276325  -0.000195
     21       0.005873  -0.228935   0.358994   0.005217  -0.265985  -0.000023
     22       0.003650  -0.143452   0.216853   0.000593  -0.159131  -0.000253
     23      -0.005905   0.231313  -0.352274  -0.007700   0.258964  -0.000220
     24       0.001080   0.018591  -0.009850   0.019155  -0.016215   0.000817
     25       0.000919   0.029612  -0.015680   0.025023  -0.018641  -0.000488
     26      -0.010327  -0.437287   0.287365  -0.495948   0.390387   0.002342
     27      -0.002506  -0.072437  -0.052342   0.087388  -0.069974   0.001968
     28      -0.021882  -0.383507  -0.269711   0.465975  -0.378155   0.007557
     29       0.008658   0.145272   0.100186  -0.171776   0.138688  -0.002706
     30       0.000361  -0.019489  -0.013938  -0.021175  -0.016861  -0.000865
     31      -0.002784  -0.035919  -0.021554  -0.036947  -0.030757  -0.000416
     32       0.025207   0.429246   0.282602   0.492294   0.416538   0.008014
     33       0.002670   0.077873  -0.048064  -0.086120  -0.071954  -0.000535
     34       0.011030   0.413595  -0.265002  -0.461346  -0.378294   0.002316
     35      -0.004333  -0.149093   0.091173   0.157050   0.127899  -0.000975
     36      -0.220477   0.007852   0.002807   0.001824   0.003172  -0.227547
     37       0.613291  -0.015892  -0.006444  -0.004388  -0.006024   0.605606
     38       0.271393  -0.007692  -0.002423  -0.001542  -0.002316   0.274066
     39      -0.369545   0.011686   0.004381  -0.003012   0.004590   0.376683
     40      -0.360365   0.009493   0.003366  -0.002298   0.003068   0.361021
     41      -0.479912   0.011885   0.005193  -0.003690   0.004703   0.472476
# -----------------------------------------------------------
$ THERMOCHEMISTRY_Energies
   description: The Thermochemistry energies
   geom. index: 1
   prop. index: 1
        Temperature (Kelvin)           :        298.1500000000
        Pressure (atm)                 :          1.0000000000
        Total Mass (AMU)               :         84.1180000000
        Spin Degeneracy                :          1.0000000000
        Electronic Energy (Hartree)    :       -270.6182222371
        Translational Energy (Hartree) :          0.0014162714
        Rotational Energy (Hartree)    :          0.0014162714
        Vibrational Energy (Hartree)   :          0.0023988670
        Number of frequencies          :     42      
        Scaling Factor for frequencies :          1.0000000000
        Vibrational frequencies        :     
                  0    
      0       0.000000
      1       0.000000
      2       0.000000
      3       0.000000
      4       0.000000
      5       0.000000
      6      93.792222
      7     309.813360
      8     413.317436
      9     455.116149
     10     583.980086
     11     861.115160
     12     875.207588
     13     909.681660
     14     911.488423
     15     984.879332
     16     1013.840616
     17     1021.814075
     18     1102.113111
     19     1130.931053
     20     1185.553110
     21     1210.986318
     22     1224.763133
     23     1267.075281
     24     1287.567383
     25     1294.474235
     26     1298.278025
     27     1318.380444
     28     1365.109547
     29     1468.064729
     30     1493.691632
     31     1498.653573
     32     1527.221525
     33     1574.683464
     34     2931.770599
     35     2938.749117
     36     2942.148509
     37     2947.395992
     38     2999.654162
     39     3019.958559
     40     3030.146738
     41     3065.155819
        Zero Point Energy (Hartree)    :          0.1220108491
        Inner Energy (Hartree)         :       -270.4909799782
        Enthalpy (Hartree)             :       -270.4900357691
        Electronic entropy             :          0.0000000000
        Rotational entropy             :          0.0122966729
        Vibrational entropy            :          0.0038325791
        Translational entropy          :          0.0122966729
        Entropy                        :          0.0347555505
        Gibbs Energy (Hartree)         :       -270.5247913196
        Is Linear                      :                 false
# -----------------------------------------------------------
$ PAL_Flags
   description: The PAL Flags
   geom. index: 2
   prop. index: 1
        Diskflag:     2
# -----------------------------------------------------------
$ SCF_Energy
   description: The SCF energy
   geom. index: 2
   prop. index: 1
        SCF Energy:     -270.6111230172
# -----------------------------------------------------------
$ DFT_Energy
   description: The DFT energy
   geom. index: 2
   prop. index: 1
   Number of Alpha Electrons                 23.0000080742 
   Number of Beta  Electrons                 23.0000080742 
   Total number of  Electrons                46.0000161484 
   Exchange energy                          -24.7599641637 
   Correlation energy                        -1.8910658720 
   Correlation energy NL                      0.0000000000 
   Exchange-Correlation energy              -26.6510300357 
   Embedding correction                       0.0000000000 
   Total DFT Energy (No VdW correction)    -270.6111230172 
# -----------------------------------------------------------
$ VdW_Correction
   description: The Van der Waals Correction
   geom. index: 2
   prop. index: 1
        Van der Waals Correction:       -0.0193556933
# -----------------------------------------------------------
$ PAL_Flags
   description: The PAL Flags
   geom. index: 3
   prop. index: 1
        Diskflag:     2
# -----------------------------------------------------------
$ SCF_Energy
   description: The SCF energy
   geom. index: 3
   prop. index: 1
        SCF Energy:     -270.6156486539
# -----------------------------------------------------------
$ DFT_Energy
   description: The DFT energy
   geom. index: 3
   prop. index: 1
   Number of Alpha Electrons                 23.0000013916 
   Number of Beta  Electrons                 23.0000013916 
   Total number of  Electrons                46.0000027831 
   Exchange energy                          -24.7573532493 
   Correlation energy                        -1.8904473540 
   Correlation energy NL                      0.0000000000 
   Exchange-Correlation energy              -26.6478006032 
   Embedding correction                       0.0000000000 
   Total DFT Energy (No VdW correction)    -270.6156486539 
# -----------------------------------------------------------
$ VdW_Correction
   description: The Van der Waals Correction
   geom. index: 3
   prop. index: 1
        Van der Waals Correction:       -0.0192618368
# -----------------------------------------------------------
$ PAL_Flags
   description: The PAL Flags
   geom. index: 4
   prop. index: 1
        Diskflag:     2
# -----------------------------------------------------------
$ SCF_Energy
   description: The SCF energy
   geom. index: 4
   prop. index: 1
        SCF Energy:     -270.6178121348
# -----------------------------------------------------------
$ DFT_Energy
   description: The DFT energy
   geom. index: 4
   prop. index: 1
   Number of Alpha Electrons                 22.9999990697 
   Number of Beta  Electrons                 22.9999990697 
   Total number of  Electrons                45.9999981394 
   Exchange energy                          -24.7570183769 
   Correlation energy                        -1.8903101742 
   Correlation energy NL                      0.0000000000 
   Exchange-Correlation energy              -26.6473285511 
   Embedding correction                       0.0000000000 
   Total DFT Energy (No VdW correction)    -270.6178121348 
# -----------------------------------------------------------
$ VdW_Correction
   description: The Van der Waals Correction
   geom. index: 4
   prop. index: 1
        Van der Waals Correction:       -0.0192274671
# -----------------------------------------------------------
$ PAL_Flags
   description: The PAL Flags
   geom. index: 5
   prop. index: 1
        Diskflag:     2
# -----------------------------------------------------------
$ SCF_Energy
   description: The SCF energy
   geom. index: 5
   prop. index: 1
        SCF Energy:     -270.6190790923
# -----------------------------------------------------------
$ DFT_Energy
   description: The DFT energy
   geom. index: 5
   prop. index: 1
   Number of Alpha Electrons                 22.9999990845 
   Number of Beta  Electrons                 22.9999990845 
   Total number of  Electrons                45.9999981690 
   Exchange energy                          -24.7578880475 
   Correlation energy                        -1.8903080819 
   Correlation energy NL                      0.0000000000 
   Exchange-Correlation energy              -26.6481961294 
   Embedding correction                       0.0000000000 
   Total DFT Energy (No VdW correction)    -270.6190790923 
# -----------------------------------------------------------
$ VdW_Correction
   description: The Van der Waals Correction
   geom. index: 5
   prop. index: 1
        Van der Waals Correction:       -0.0192159440
# -----------------------------------------------------------
$ PAL_Flags
   description: The PAL Flags
   geom. index: 6
   prop. index: 1
        Diskflag:     2
# -----------------------------------------------------------
$ SCF_Energy
   description: The SCF energy
   geom. index: 6
   prop. index: 1
        SCF Energy:     -270.6197647336
# -----------------------------------------------------------
$ DFT_Energy
   description: The DFT energy
   geom. index: 6
   prop. index: 1
   Number of Alpha Electrons                 23.0000025636 
   Number of Beta  Electrons                 23.0000025636 
   Total number of  Electrons                46.0000051272 
   Exchange energy                          -24.7580964768 
   Correlation energy                        -1.8902627416 
   Correlation energy NL                      0.0000000000 
   Exchange-Correlation energy              -26.6483592184 
   Embedding correction                       0.0000000000 
   Total DFT Energy (No VdW correction)    -270.6197647336 
# -----------------------------------------------------------
$ VdW_Correction
   description: The Van der Waals Correction
   geom. index: 6
   prop. index: 1
        Van der Waals Correction:       -0.0192112208
# -----------------------------------------------------------
$ PAL_Flags
   description: The PAL Flags
   geom. index: 7
   prop. index: 1
        Diskflag:     2
# -----------------------------------------------------------
$ SCF_Energy
   description: The SCF energy
   geom. index: 7
   prop. index: 1
        SCF Energy:     -270.6199681768
# -----------------------------------------------------------
$ DFT_Energy
   description: The DFT energy
   geom. index: 7
   prop. index: 1
   Number of Alpha Electrons                 23.0000151435 
   Number of Beta  Electrons                 23.0000151435 
   Total number of  Electrons                46.0000302871 
   Exchange energy                          -24.7581479367 
   Correlation energy                        -1.8902325126 
   Correlation energy NL                      0.0000000000 
   Exchange-Correlation energy              -26.6483804493 
   Embedding correction                       0.0000000000 
   Total DFT Energy (No VdW correction)    -270.6199681768 
# -----------------------------------------------------------
$ VdW_Correction
   description: The Van der Waals Correction
   geom. index: 7
   prop. index: 1
        Van der Waals Correction:       -0.0192058521
# -----------------------------------------------------------
$ PAL_Flags
   description: The PAL Flags
   geom. index: 8
   prop. index: 1
        Diskflag:     2
# -----------------------------------------------------------
$ SCF_Energy
   description: The SCF energy
   geom. index: 8
   prop. index: 1
        SCF Energy:     -270.6200700456
# -----------------------------------------------------------
$ DFT_Energy
   description: The DFT energy
   geom. index: 8
   prop. index: 1
   Number of Alpha Electrons                 23.0000254452 
   Number of Beta  Electrons                 23.0000254452 
   Total number of  Electrons                46.0000508905 
   Exchange energy                          -24.7580404000 
   Correlation energy                        -1.8902060328 
   Correlation energy NL                      0.0000000000 
   Exchange-Correlation energy              -26.6482464327 
   Embedding correction                       0.0000000000 
   Total DFT Energy (No VdW correction)    -270.6200700456 
# -----------------------------------------------------------
$ VdW_Correction
   description: The Van der Waals Correction
   geom. index: 8
   prop. index: 1
        Van der Waals Correction:       -0.0191979581
# -----------------------------------------------------------
$ PAL_Flags
   description: The PAL Flags
   geom. index: 9
   prop. index: 1
        Diskflag:     2
# -----------------------------------------------------------
$ SCF_Energy
   description: The SCF energy
   geom. index: 9
   prop. index: 1
        SCF Energy:     -270.6201308194
# -----------------------------------------------------------
$ DFT_Energy
   description: The DFT energy
   geom. index: 9
   prop. index: 1
   Number of Alpha Electrons                 23.0000220610 
   Number of Beta  Electrons                 23.0000220610 
   Total number of  Electrons                46.0000441219 
   Exchange energy                          -24.7568335111 
   Correlation energy                        -1.8900633520 
   Correlation energy NL                      0.0000000000 
   Exchange-Correlation energy              -26.6468968631 
   Embedding correction                       0.0000000000 
   Total DFT Energy (No VdW correction)    -270.6201308194 
# -----------------------------------------------------------
$ VdW_Correction
   description: The Van der Waals Correction
   geom. index: 9
   prop. index: 1
        Van der Waals Correction:       -0.0191876690
# -----------------------------------------------------------
$ PAL_Flags
   description: The PAL Flags
   geom. index: 10
   prop. index: 1
        Diskflag:     2
# -----------------------------------------------------------
$ SCF_Energy
   description: The SCF energy
   geom. index: 10
   prop. index: 1
        SCF Energy:     -270.6202897619
# -----------------------------------------------------------
$ DFT_Energy
   description: The DFT energy
   geom. index: 10
   prop. index: 1
   Number of Alpha Electrons                 23.0000075575 
   Number of Beta  Electrons                 23.0000075575 
   Total number of  Electrons                46.0000151151 
   Exchange energy                          -24.7582843746 
   Correlation energy                        -1.8902310370 
   Correlation energy NL                      0.0000000000 
   Exchange-Correlation energy              -26.6485154117 
   Embedding correction                       0.0000000000 
   Total DFT Energy (No VdW correction)    -270.6202897619 
# -----------------------------------------------------------
$ VdW_Correction
   description: The Van der Waals Correction
   geom. index: 10
   prop. index: 1
        Van der Waals Correction:       -0.0192030024
# -----------------------------------------------------------
$ PAL_Flags
   description: The PAL Flags
   geom. index: 11
   prop. index: 1
        Diskflag:     2
# -----------------------------------------------------------
$ SCF_Energy
   description: The SCF energy
   geom. index: 11
   prop. index: 1
        SCF Energy:     -270.6203243492
# -----------------------------------------------------------
$ DFT_Energy
   description: The DFT energy
   geom. index: 11
   prop. index: 1
   Number of Alpha Electrons                 22.9999962218 
   Number of Beta  Electrons                 22.9999962218 
   Total number of  Electrons                45.9999924435 
   Exchange energy                          -24.7541597753 
   Correlation energy                        -1.8897610542 
   Correlation energy NL                      0.0000000000 
   Exchange-Correlation energy              -26.6439208295 
   Embedding correction                       0.0000000000 
   Total DFT Energy (No VdW correction)    -270.6203243492 
# -----------------------------------------------------------
$ VdW_Correction
   description: The Van der Waals Correction
   geom. index: 11
   prop. index: 1
        Van der Waals Correction:       -0.0191568647
# -----------------------------------------------------------
$ PAL_Flags
   description: The PAL Flags
   geom. index: 12
   prop. index: 1
        Diskflag:     2
# -----------------------------------------------------------
$ SCF_Energy
   description: The SCF energy
   geom. index: 12
   prop. index: 1
        SCF Energy:     -270.6206194578
# -----------------------------------------------------------
$ DFT_Energy
   description: The DFT energy
   geom. index: 12
   prop. index: 1
   Number of Alpha Electrons                 22.9999984826 
   Number of Beta  Electrons                 22.9999984826 
   Total number of  Electrons                45.9999969651 
   Exchange energy                          -24.7554926947 
   Correlation energy                        -1.8899482295 
   Correlation energy NL                      0.0000000000 
   Exchange-Correlation energy              -26.6454409241 
   Embedding correction                       0.0000000000 
   Total DFT Energy (No VdW correction)    -270.6206194578 
# -----------------------------------------------------------
$ VdW_Correction
   description: The Van der Waals Correction
   geom. index: 12
   prop. index: 1
        Van der Waals Correction:       -0.0191756680
# -----------------------------------------------------------
$ PAL_Flags
   description: The PAL Flags
   geom. index: 13
   prop. index: 1
        Diskflag:     2
# -----------------------------------------------------------
$ SCF_Energy
   description: The SCF energy
   geom. index: 13
   prop. index: 1
        SCF Energy:     -270.6208114539
# -----------------------------------------------------------
$ DFT_Energy
   description: The DFT energy
   geom. index: 13
   prop. index: 1
   Number of Alpha Electrons                 23.0000138246 
   Number of Beta  Electrons                 23.0000138246 
   Total number of  Electrons                46.0000276493 
   Exchange energy                          -24.7558140138 
   Correlation energy                        -1.8900219010 
   Correlation energy NL                      0.0000000000 
   Exchange-Correlation energy              -26.6458359148 
   Embedding correction                       0.0000000000 
   Total DFT Energy (No VdW correction)    -270.6208114539 
# -----------------------------------------------------------
$ VdW_Correction
   description: The Van der Waals Correction
   geom. index: 13
   prop. index: 1
        Van der Waals Correction:       -0.0191901684
# -----------------------------------------------------------
$ PAL_Flags
   description: The PAL Flags
   geom. index: 14
   prop. index: 1
        Diskflag:     2
# -----------------------------------------------------------
$ SCF_Energy
   description: The SCF energy
   geom. index: 14
   prop. index: 1
        SCF Energy:     -270.6209893778
# -----------------------------------------------------------
$ DFT_Energy
   description: The DFT energy
   geom. index: 14
   prop. index: 1
   Number of Alpha Electrons                 23.0000222678 
   Number of Beta  Electrons                 23.0000222678 
   Total number of  Electrons                46.0000445356 
   Exchange energy                          -24.7560990265 
   Correlation energy                        -1.8900993382 
   Correlation energy NL                      0.0000000000 
   Exchange-Correlation energy              -26.6461983647 
   Embedding correction                       0.0000000000 
   Total DFT Energy (No VdW correction)    -270.6209893778 
# -----------------------------------------------------------
$ VdW_Correction
   description: The Van der Waals Correction
   geom. index: 14
   prop. index: 1
        Van der Waals Correction:       -0.0192093370
# -----------------------------------------------------------
$ PAL_Flags
   description: The PAL Flags
   geom. index: 15
   prop. index: 1
        Diskflag:     2
# -----------------------------------------------------------
$ SCF_Energy
   description: The SCF energy
   geom. index: 15
   prop. index: 1
        SCF Energy:     -270.6211488647
# -----------------------------------------------------------
$ DFT_Energy
   description: The DFT energy
   geom. index: 15
   prop. index: 1
   Number of Alpha Electrons                 23.0000119544 
   Number of Beta  Electrons                 23.0000119544 
   Total number of  Electrons                46.0000239088 
   Exchange energy                          -24.7566626719 
   Correlation energy                        -1.8902170512 
   Correlation energy NL                      0.0000000000 
   Exchange-Correlation energy              -26.6468797231 
   Embedding correction                       0.0000000000 
   Total DFT Energy (No VdW correction)    -270.6211488647 
# -----------------------------------------------------------
$ VdW_Correction
   description: The Van der Waals Correction
   geom. index: 15
   prop. index: 1
        Van der Waals Correction:       -0.0192369437
# -----------------------------------------------------------
$ PAL_Flags
   description: The PAL Flags
   geom. index: 16
   prop. index: 1
        Diskflag:     2
# -----------------------------------------------------------
$ SCF_Energy
   description: The SCF energy
   geom. index: 16
   prop. index: 1
        SCF Energy:     -270.6212714754
# -----------------------------------------------------------
$ DFT_Energy
   description: The DFT energy
   geom. index: 16
   prop. index: 1
   Number of Alpha Electrons                 22.9999932848 
   Number of Beta  Electrons                 22.9999932848 
   Total number of  Electrons                45.9999865696 
   Exchange energy                          -24.7575451606 
   Correlation energy                        -1.8903814743 
   Correlation energy NL                      0.0000000000 
   Exchange-Correlation energy              -26.6479266350 
   Embedding correction                       0.0000000000 
   Total DFT Energy (No VdW correction)    -270.6212714754 
# -----------------------------------------------------------
$ VdW_Correction
   description: The Van der Waals Correction
   geom. index: 16
   prop. index: 1
        Van der Waals Correction:       -0.0192738943
# -----------------------------------------------------------
$ PAL_Flags
   description: The PAL Flags
   geom. index: 17
   prop. index: 1
        Diskflag:     2
# -----------------------------------------------------------
$ SCF_Energy
   description: The SCF energy
   geom. index: 17
   prop. index: 1
        SCF Energy:     -270.6213314782
# -----------------------------------------------------------
$ DFT_Energy
   description: The DFT energy
   geom. index: 17
   prop. index: 1
   Number of Alpha Electrons                 22.9999880515 
   Number of Beta  Electrons                 22.9999880515 
   Total number of  Electrons                45.9999761029 
   Exchange energy                          -24.7588000874 
   Correlation energy                        -1.8905998580 
   Correlation energy NL                      0.0000000000 
   Exchange-Correlation energy              -26.6493999454 
   Embedding correction                       0.0000000000 
   Total DFT Energy (No VdW correction)    -270.6213314782 
# -----------------------------------------------------------
$ VdW_Correction
   description: The Van der Waals Correction
   geom. index: 17
   prop. index: 1
        Van der Waals Correction:       -0.0193219725
# -----------------------------------------------------------
$ PAL_Flags
   description: The PAL Flags
   geom. index: 18
   prop. index: 1
        Diskflag:     2
# -----------------------------------------------------------
$ SCF_Energy
   description: The SCF energy
   geom. index: 18
   prop. index: 1
        SCF Energy:     -270.6213367071
# -----------------------------------------------------------
$ DFT_Energy
   description: The DFT energy
   geom. index: 18
   prop. index: 1
   Number of Alpha Electrons                 22.9999918999 
   Number of Beta  Electrons                 22.9999918999 
   Total number of  Electrons                45.9999837997 
   Exchange energy                          -24.7595996777 
   Correlation energy                        -1.8907214983 
   Correlation energy NL                      0.0000000000 
   Exchange-Correlation energy              -26.6503211760 
   Embedding correction                       0.0000000000 
   Total DFT Energy (No VdW correction)    -270.6213367071 
# -----------------------------------------------------------
$ VdW_Correction
   description: The Van der Waals Correction
   geom. index: 18
   prop. index: 1
        Van der Waals Correction:       -0.0193498843
# -----------------------------------------------------------
$ PAL_Flags
   description: The PAL Flags
   geom. index: 19
   prop. index: 1
        Diskflag:     2
# -----------------------------------------------------------
$ SCF_Energy
   description: The SCF energy
   geom. index: 19
   prop. index: 1
        SCF Energy:     -270.6213478140
# -----------------------------------------------------------
$ DFT_Energy
   description: The DFT energy
   geom. index: 19
   prop. index: 1
   Number of Alpha Electrons                 22.9999934144 
   Number of Beta  Electrons                 22.9999934144 
   Total number of  Electrons                45.9999868287 
   Exchange energy                          -24.7593043164 
   Correlation energy                        -1.8906910064 
   Correlation energy NL                      0.0000000000 
   Exchange-Correlation energy              -26.6499953229 
   Embedding correction                       0.0000000000 
   Total DFT Energy (No VdW correction)    -270.6213478140 
# -----------------------------------------------------------
$ VdW_Correction
   description: The Van der Waals Correction
   geom. index: 19
   prop. index: 1
        Van der Waals Correction:       -0.0193504751
# -----------------------------------------------------------
$ PAL_Flags
   description: The PAL Flags
   geom. index: 20
   prop. index: 1
        Diskflag:     2
# -----------------------------------------------------------
$ SCF_Energy
   description: The SCF energy
   geom. index: 20
   prop. index: 1
        SCF Energy:     -270.6213564814
# -----------------------------------------------------------
$ DFT_Energy
   description: The DFT energy
   geom. index: 20
   prop. index: 1
   Number of Alpha Electrons                 22.9999919768 
   Number of Beta  Electrons                 22.9999919768 
   Total number of  Electrons                45.9999839535 
   Exchange energy                          -24.7591734991 
   Correlation energy                        -1.8906581957 
   Correlation energy NL                      0.0000000000 
   Exchange-Correlation energy              -26.6498316948 
   Embedding correction                       0.0000000000 
   Total DFT Energy (No VdW correction)    -270.6213564814 
# -----------------------------------------------------------
$ VdW_Correction
   description: The Van der Waals Correction
   geom. index: 20
   prop. index: 1
        Van der Waals Correction:       -0.0193455946
# -----------------------------------------------------------
$ PAL_Flags
   description: The PAL Flags
   geom. index: 21
   prop. index: 1
        Diskflag:     2
# -----------------------------------------------------------
$ SCF_Energy
   description: The SCF energy
   geom. index: 21
   prop. index: 1
        SCF Energy:     -270.6213571905
# -----------------------------------------------------------
$ DFT_Energy
   description: The DFT energy
   geom. index: 21
   prop. index: 1
   Number of Alpha Electrons                 22.9999927553 
   Number of Beta  Electrons                 22.9999927553 
   Total number of  Electrons                45.9999855105 
   Exchange energy                          -24.7590187133 
   Correlation energy                        -1.8906463420 
   Correlation energy NL                      0.0000000000 
   Exchange-Correlation energy              -26.6496650553 
   Embedding correction                       0.0000000000 
   Total DFT Energy (No VdW correction)    -270.6213571905 
# -----------------------------------------------------------
$ Mayer_Pop
   description: The Mayer population analysis
   geom. index: 21
   prop. index: 1
     Number of atoms                     : 14
     Threshold for printing              : 0.1000000
     Number of bond orders printed       : 18
  NA   - Mulliken gross atomic population
  ZA   - Total nuclear charge
  QA   - Mulliken gross atomic charge
  VA   - Mayer's total valence
  BVA  - Mayer's bonded valence
  FA   - Mayer's free valence
  ATOM       NA         ZA         QA         VA         BVA        FA
  0   0     6.2653     6.0000    -0.2653     3.6621     3.6621    -0.0000
  1   0     6.3666     6.0000    -0.3666     3.6935     3.6935    -0.0000
  2   0     5.8989     6.0000     0.1011     4.0809     4.0809    -0.0000
  3   0     6.3664     6.0000    -0.3664     3.6946     3.6946    -0.0000
  4   0     6.0146     6.0000    -0.0146     3.7516     3.7516    -0.0000
  5   0     8.3567     8.0000    -0.3567     1.6457     1.6457    -0.0000
  6   0     0.8402     1.0000     0.1598     0.9462     0.9462    -0.0000
  7   0     0.8471     1.0000     0.1529     0.9553     0.9553    -0.0000
  8   0     0.8219     1.0000     0.1781     0.9387     0.9387    -0.0000
  9   0     0.8448     1.0000     0.1552     0.9539     0.9539     0.0000
 10   0     0.8450     1.0000     0.1550     0.9541     0.9541     0.0000
 11   0     0.8218     1.0000     0.1782     0.9388     0.9388    -0.0000
 12   0     0.8554     1.0000     0.1446     0.9269     0.9269    -0.0000
 13   0     0.8553     1.0000     0.1447     0.9268     0.9268     0.0000
      Bond orders larger than 0.1000000
           Atom A     A.N. of A          Atom B    A.N. of B              Bond order
                0             6               1            6                0.942184
                0             6               2            6               -0.146588
                0             6               3            6                0.942827
                0             6               6            1                0.942528
                0             6               7            1                0.979585
                1             6               2            6                0.957601
                1             6               5            8               -0.109171
                1             6               8            1                0.920822
                1             6               9            1                0.970097
                2             6               3            6                0.958170
                2             6               4            6                1.116601
                2             6               5            8                1.148755
                3             6               5            8               -0.109017
                3             6              10            1                0.969902
                3             6              11            1                0.920937
                4             6               5            8                0.692237
                4             6              12            1                0.938895
                4             6              13            1                0.938617
# -----------------------------------------------------------
$ VdW_Correction
   description: The Van der Waals Correction
   geom. index: 21
   prop. index: 1
        Van der Waals Correction:       -0.0193450148
# -----------------------------------------------------------
$ SCF_Electric_Properties
   description: The SCF Calculated Electric Properties
   geom. index: 21
   prop. index: 1
       Filename                          : file.scfp 
       Do Dipole Moment Calculation      : true 
       Do Quadrupole Moment Calculation  : false 
       Do Polarizability Calculation     : false 
** Dipole moment part of electric properties **
        Magnitude of dipole moment (Debye) :        2.1976221338
        Electronic Contribution:
                  0    
      0       3.404034
      1       0.562403
      2      -1.405040
        Nuclear Contribution:
                  0    
      0      -3.922103
      1      -0.934217
      2       1.988890
        Total Dipole moment:
                  0    
      0      -0.518069
      1      -0.371814
      2       0.583850
# -------------------------------------------------------------
----------------------- !GEOMETRIES! ------------------------
# -------------------------------------------------------------
------------------------ !GEOMETRY! -------------------------
    Number of atoms:    14 
    Geometry Index:     1 
    Coordinates:
               0 C     -1.543100000000    0.229900000000    0.009400000000
               1 C     -0.619100000000   -0.825400000000   -0.629700000000
               2 C      0.515800000000   -0.135700000000    0.073100000000
               3 C     -0.352200000000    0.911700000000    0.711300000000
               4 C      1.978000000000   -0.362600000000    0.076000000000
               5 O      1.373400000000    0.467000000000   -0.878200000000
               6 H     -2.021000000000    0.888500000000   -0.748700000000
               7 H     -2.262600000000   -0.216400000000    0.730600000000
               8 H     -0.584500000000   -0.754000000000   -1.739500000000
               9 H     -0.795200000000   -1.847500000000   -0.231600000000
              10 H     -0.387500000000    0.805600000000    1.816600000000
              11 H     -0.169500000000    1.946300000000    0.345200000000
              12 H      2.315300000000   -1.324500000000   -0.362300000000
              13 H      2.552200000000    0.217200000000    0.827800000000
------------------------ !GEOMETRY! -------------------------
    Number of atoms:    14 
    Geometry Index:     2 
    Coordinates:
               0 C     -1.572445175046    0.234548514838    0.009210733108
               1 C     -0.630828012154   -0.832929954748   -0.625769687030
               2 C      0.534159313045   -0.119316043316    0.048094479296
               3 C     -0.362650643553    0.911862305849    0.721235492890
               4 C      1.990468312661   -0.355688848440    0.064662494362
               5 O      1.424746550593    0.487363560904   -0.915429559391
               6 H     -2.060203223648    0.879396488664   -0.728963572912
               7 H     -2.296659122136   -0.194995860160    0.709665372514
               8 H     -0.577470796762   -0.791865963000   -1.717424008017
               9 H     -0.815412376322   -1.844955339536   -0.244268308231
              10 H     -0.405607200435    0.820731201794    1.813833343505
              11 H     -0.158689143452    1.932841017435    0.386266049110
              12 H      2.351195163857   -1.306581870316   -0.334053373372
              13 H      2.579396353351    0.179690790033    0.812940544168
------------------------ !GEOMETRY! -------------------------
    Number of atoms:    14 
    Geometry Index:     3 
    Coordinates:
               0 C     -1.580993653646    0.237395151925    0.007185172746
               1 C     -0.634900862723   -0.832330137496   -0.621709160368
               2 C      0.542023993548   -0.092941761170    0.012305165391
               3 C     -0.367347148791    0.908565120329    0.722349593903
               4 C      1.985685031399   -0.348963800736    0.056952189462
               5 O      1.451625748179    0.503406562432   -0.942014078423
               6 H     -2.084949263527    0.877253182053   -0.721147282346
               7 H     -2.313800551391   -0.184965688897    0.700137801956
               8 H     -0.575747348036   -0.828537934495   -1.712672094111
               9 H     -0.814058838119   -1.843354132744   -0.241105394417
              10 H     -0.404914109546    0.816965956397    1.812978753805
              11 H     -0.150885245424    1.936615412360    0.422421883316
              12 H      2.362076332626   -1.304559199743   -0.311035656292
              13 H      2.586185915452    0.155551269783    0.815353105377
------------------------ !GEOMETRY! -------------------------
    Number of atoms:    14 
    Geometry Index:     4 
    Coordinates:
               0 C     -1.583071387295    0.237924264312    0.006826004971
               1 C     -0.634885352761   -0.827143650446   -0.623665912306
               2 C      0.546174637128   -0.064644245646   -0.025011380632
               3 C     -0.368137258216    0.909284104757    0.716919523513
               4 C      1.978600767868   -0.348583956999    0.057776280935
               5 O      1.476088031987    0.512731387781   -0.958657004696
               6 H     -2.097368657333    0.875494251529   -0.716546608258
               7 H     -2.319580714799   -0.182175513076    0.697709711255
               8 H     -0.591500848345   -0.853889639763   -1.715969157677
               9 H     -0.791590872312   -1.837375552245   -0.230654930358
              10 H     -0.385910416333    0.801458229529    1.806751240944
              11 H     -0.161011250942    1.948775723847    0.448019481720
              12 H      2.354557225749   -1.311656774047   -0.291651016634
              13 H      2.577636095603    0.139901370467    0.828153767225
------------------------ !GEOMETRY! -------------------------
    Number of atoms:    14 
    Geometry Index:     5 
    Coordinates:
               0 C     -1.584246496376    0.235428702003    0.010170143159
               1 C     -0.633167373303   -0.820017688626   -0.629589625116
               2 C      0.549841337537   -0.038340650314   -0.059527909190
               3 C     -0.367119822362    0.913118594580    0.708335569904
               4 C      1.971269129463   -0.352766141757    0.064451719956
               5 O      1.502488326291    0.517358112131   -0.968839173764
               6 H     -2.102461474172    0.872073516742   -0.711455243156
               7 H     -2.321494068271   -0.184080552769    0.700484935044
               8 H     -0.617795371307   -0.867285087242   -1.722364466821
               9 H     -0.759160744660   -1.828385112621   -0.221228208148
              10 H     -0.357814616732    0.784684355393    1.795942931066
              11 H     -0.183187606682    1.963095562803    0.462660159574
              12 H      2.339758714151   -1.322266859611   -0.274119029052
              13 H      2.563090066423    0.127483249288    0.845078196544
------------------------ !GEOMETRY! -------------------------
    Number of atoms:    14 
    Geometry Index:     6 
    Coordinates:
               0 C     -1.585031332723    0.229968096579    0.017256104400
               1 C     -0.631018174252   -0.812048903426   -0.638230246000
               2 C      0.553241522359   -0.013804617779   -0.091688247106
               3 C     -0.365459873448    0.919243390655    0.698146874093
               4 C      1.962642299603   -0.359303270587    0.074415211087
               5 O      1.532134870982    0.519170212690   -0.975379624665
               6 H     -2.104985721519    0.866253914462   -0.703786880775
               7 H     -2.321006472632   -0.190291053738    0.708273619599
               8 H     -0.649011527864   -0.871597797883   -1.730511447213
               9 H     -0.722566968474   -1.819322584901   -0.218313170925
              10 H     -0.324734298461    0.773645320118    1.782776576366
              11 H     -0.211579791318    1.977796896208    0.468530575797
              12 H      2.321728082817   -1.334739813461   -0.256214744721
              13 H      2.545647384932    0.115130211064    0.864725400063
------------------------ !GEOMETRY! -------------------------
    Number of atoms:    14 
    Geometry Index:     7 
    Coordinates:
               0 C     -1.585517800737    0.216308144141    0.034994948961
               1 C     -0.628563790928   -0.798251007251   -0.656948577953
               2 C      0.556717080123    0.004422972654   -0.116021444716
               3 C     -0.362897050340    0.933214568791    0.679724431049
               4 C      1.952355517641   -0.372626226990    0.093722288641
               5 O      1.568720070151    0.511370253567   -0.971763076906
               6 H     -2.132755653163    0.845692394663   -0.671527733450
               7 H     -2.297174490521   -0.220063041922    0.741910327102
               8 H     -0.674631158365   -0.838701478238   -1.749561858449
               9 H     -0.690479794386   -1.814221123953   -0.253450695955
              10 H     -0.289198854213    0.800313492447    1.764029727128
              11 H     -0.239846566057    1.992804416178    0.435394837858
              12 H      2.299654111512   -1.355587076780   -0.226693273408
              13 H      2.523618379283    0.095423712691    0.896190100098
------------------------ !GEOMETRY! -------------------------
    Number of atoms:    14 
    Geometry Index:     8 
    Coordinates:
               0 C     -1.584268269176    0.202088313252    0.053158631257
               1 C     -0.626624674694   -0.785061231368   -0.676750885506
               2 C      0.558629155274    0.011724709067   -0.126006183857
               3 C     -0.360470468453    0.948473229389    0.661679073981
               4 C      1.944137606172   -0.386817779716    0.113831177676
               5 O      1.596516359040    0.498775136265   -0.961549338650
               6 H     -2.175022305507    0.819183016879   -0.628511740821
               7 H     -2.256985953765   -0.258062002483    0.782954196899
               8 H     -0.685574334646   -0.787405819853   -1.769548443246
               9 H     -0.675516469139   -1.815145259887   -0.309476464896
              10 H     -0.266017606199    0.850893844303    1.747912241382
              11 H     -0.257101754679    2.001765958551    0.383036070989
              12 H      2.282341518441   -1.376049363818   -0.196849019288
              13 H      2.505957197332    0.075737249417    0.926120684081
------------------------ !GEOMETRY! -------------------------
    Number of atoms:    14 
    Geometry Index:     9 
    Coordinates:
               0 C     -1.579068152898    0.189220808393    0.068568822178
               1 C     -0.624381763025   -0.775699208935   -0.695299061847
               2 C      0.558884568684    0.025441163508   -0.143874266427
               3 C     -0.357196140420    0.963442593245    0.647564240215
               4 C      1.932073363468   -0.399476684123    0.132665456660
               5 O      1.627752833885    0.488023331020   -0.954148273606
               6 H     -2.205607200236    0.795439259707   -0.591339153355
               7 H     -2.219954430570   -0.288259939836    0.814185537685
               8 H     -0.708262725393   -0.749736118045   -1.785487750967
               9 H     -0.651304859799   -1.817347103573   -0.360403752645
              10 H     -0.234526923781    0.895481122307    1.733045083091
              11 H     -0.283433891198    2.012348518382    0.346308415681
              12 H      2.261006965758   -1.394992443939   -0.167115142949
              13 H      2.484018355525    0.056214701888    0.955329846285
------------------------ !GEOMETRY! -------------------------
    Number of atoms:    14 
    Geometry Index:     10 
    Coordinates:
               0 C     -1.578625999947    0.182332316225    0.078692838136
               1 C     -0.622962443463   -0.767361897245   -0.704877560111
               2 C      0.558956843382    0.017427517053   -0.135386454079
               3 C     -0.354648698122    0.968884196618    0.636945627954
               4 C      1.928937566158   -0.407941830416    0.145704998233
               5 O      1.628095706805    0.475911304657   -0.946686843888
               6 H     -2.247403610406    0.773817348580   -0.553307581590
               7 H     -2.176545595788   -0.317197113163    0.844213295550
               8 H     -0.692942327005   -0.693857475209   -1.793884703979
               9 H     -0.664503800056   -1.822407806520   -0.414027862412
              10 H     -0.236201886529    0.944474332683    1.725494707556
              11 H     -0.277316275621    2.003839188004    0.291637028870
              12 H      2.257513517695   -1.406110698534   -0.145025904415
              13 H      2.477647002896    0.048290617268    0.970508414175
------------------------ !GEOMETRY! -------------------------
    Number of atoms:    14 
    Geometry Index:     11 
    Coordinates:
               0 C     -1.571812522547    0.169196655413    0.092636687761
               1 C     -0.623688675199   -0.758102227370   -0.726159171203
               2 C      0.559854539998    0.029283890561   -0.148749120491
               3 C     -0.355163483534    0.988884773431    0.622267249013
               4 C      1.920416924761   -0.422319692091    0.164640263137
               5 O      1.663489777859    0.465131198631   -0.932558665022
               6 H     -2.276212031696    0.745609781343   -0.513442743924
               7 H     -2.134490118137   -0.346902999483    0.873054326641
               8 H     -0.720303124248   -0.664233831642   -1.810435827467
               9 H     -0.644025500739   -1.819998889817   -0.466138676474
              10 H     -0.211252453599    0.994808096284    1.706233003516
              11 H     -0.306875822936    2.019073539729    0.260935159930
              12 H      2.238532447276   -1.425245551886   -0.121015698256
              13 H      2.461530042742    0.024915256897    0.998733212839
------------------------ !GEOMETRY! -------------------------
    Number of atoms:    14 
    Geometry Index:     12 
    Coordinates:
               0 C     -1.569858469266    0.154955649394    0.111045503660
               1 C     -0.622095649675   -0.741317883094   -0.741335088573
               2 C      0.562494798233    0.027224723449   -0.146389813208
               3 C     -0.355254774373    0.999799259399    0.601662474387
               4 C      1.914299309327   -0.435136918716    0.181676413119
               5 O      1.678659445633    0.452258279942   -0.917682316846
               6 H     -2.312620828607    0.713021012710   -0.464390100782
               7 H     -2.085663855237   -0.382999737082    0.911116021383
               8 H     -0.716006831339   -0.602348660546   -1.822194338038
               9 H     -0.644720341355   -1.812368225266   -0.520339804148
              10 H     -0.207116297712    1.045251237208    1.684433628296
              11 H     -0.313596903442    2.015702882437    0.198188878427
              12 H      2.223905198098   -1.442652968157   -0.098653559195
              13 H      2.447575199716    0.008711348322    1.022862101519
------------------------ !GEOMETRY! -------------------------
    Number of atoms:    14 
    Geometry Index:     13 
    Coordinates:
               0 C     -1.564208332616    0.140740249301    0.128475293956
               1 C     -0.620804557101   -0.725815342904   -0.758405137922
               2 C      0.564517770114    0.029615761979   -0.149927546021
               3 C     -0.354585118736    1.012312705404    0.582148523825
               4 C      1.904842255452   -0.448352005311    0.200558000824
               5 O      1.698326838322    0.438280556278   -0.903863402073
               6 H     -2.345115620757    0.678926840060   -0.413835490593
               7 H     -2.030840317125   -0.417701294495    0.945480540265
               8 H     -0.721069541813   -0.544720333612   -1.832959467753
               9 H     -0.640545108456   -1.804368862339   -0.577400949196
              10 H     -0.196653147049    1.096816127191    1.661169507470
              11 H     -0.328228804977    2.013637754382    0.141412393343
              12 H      2.205253560984   -1.460767926555   -0.072427453327
              13 H      2.429110123760   -0.008504229378    1.049575187201
------------------------ !GEOMETRY! -------------------------
    Number of atoms:    14 
    Geometry Index:     14 
    Coordinates:
               0 C     -1.556764560859    0.126540714769    0.145387792510
               1 C     -0.619364822061   -0.710404053520   -0.775156379688
               2 C      0.566418062686    0.033245129204   -0.154881039786
               3 C     -0.353900603108    1.024680394031    0.562799292961
               4 C      1.893826453303   -0.461486318806    0.219548820776
               5 O      1.718128647974    0.424498255701   -0.889929421060
               6 H     -2.373887274366    0.643589235660   -0.362641644603
               7 H     -1.973009444771   -0.450793059908    0.977001704029
               8 H     -0.728347401155   -0.488063205384   -1.841482806896
               9 H     -0.635484367188   -1.794924559433   -0.634010454638
              10 H     -0.185786602557    1.147846782760    1.636529931519
              11 H     -0.345178644539    2.010221354122    0.086360079994
              12 H      2.184531765686   -1.478760555890   -0.046049225001
              13 H      2.408818790956   -0.026090113305    1.076523349882
------------------------ !GEOMETRY! -------------------------
    Number of atoms:    14 
    Geometry Index:     15 
    Coordinates:
               0 C     -1.547613248656    0.112425223534    0.161901071204
               1 C     -0.617737301078   -0.694855019092   -0.791438054064
               2 C      0.568468820525    0.037858455210   -0.161317945392
               3 C     -0.352973134961    1.036256382012    0.543503498899
               4 C      1.881142994650   -0.474224444456    0.238625287139
               5 O      1.737514264365    0.410739626586   -0.876388097731
               6 H     -2.398598124094    0.607456672822   -0.311048625099
               7 H     -1.912466228404   -0.482237492906    1.005820788028
               8 H     -0.737217739772   -0.431714174207   -1.847681513903
               9 H     -0.630161987759   -1.783841856865   -0.689597785586
              10 H     -0.174597555347    1.196985108214    1.610628126034
              11 H     -0.363873220340    2.004705126681    0.032530119291
              12 H      2.161769368598   -1.496336272771   -0.019114678321
              13 H      2.386343092273   -0.043117334762    1.103577809500
------------------------ !GEOMETRY! -------------------------
    Number of atoms:    14 
    Geometry Index:     16 
    Coordinates:
               0 C     -1.536753977477    0.098493817379    0.178009336348
               1 C     -0.615872357379   -0.679291729610   -0.807219818571
               2 C      0.570801436042    0.043520740709   -0.169480442029
               3 C     -0.351653978385    1.046884497896    0.524330198828
               4 C      1.866639687810   -0.486451187302    0.257718177807
               5 O      1.756403573254    0.397226318235   -0.863357203450
               6 H     -2.419071101315    0.570934531408   -0.259320951218
               7 H     -1.849615661314   -0.511849791235    1.031817718074
               8 H     -0.747721705117   -0.376030131323   -1.851530265104
               9 H     -0.624473913588   -1.771338963037   -0.743924189183
              10 H     -0.162918278289    1.243831503136    1.583665605312
              11 H     -0.384170615306    1.996976098732   -0.019827918449
              12 H      2.136990907980   -1.513341210287    0.008406086337
              13 H      2.361415983084   -0.059464494703    1.130713665299
------------------------ !GEOMETRY! -------------------------
    Number of atoms:    14 
    Geometry Index:     17 
    Coordinates:
               0 C     -1.524062837669    0.084955946027    0.193465328782
               1 C     -0.613544099773   -0.664064756200   -0.822350498125
               2 C      0.573595823803    0.050708130244   -0.180043691984
               3 C     -0.349615285069    1.056418834235    0.505665639887
               4 C      1.849837963280   -0.498001087575    0.276688535260
               5 O      1.774732188690    0.384441480286   -0.851229001563
               6 H     -2.434879825815    0.534757261545   -0.208293593341
               7 H     -1.784953793984   -0.539377927652    1.054517398214
               8 H     -0.760305492842   -0.322042503721   -1.852913225513
               9 H     -0.617773768427   -1.757879033290   -0.796235797705
              10 H     -0.150135618575    1.287865155420    1.556209227112
              11 H     -0.406246660099    1.987071120298   -0.069801544802
              12 H      2.109862412147   -1.529546145194    0.036411423132
              13 H      2.333488994334   -0.075206474423    1.157909800646
------------------------ !GEOMETRY! -------------------------
    Number of atoms:    14 
    Geometry Index:     18 
    Coordinates:
               0 C     -1.517530662072    0.079769654418    0.199173528193
               1 C     -0.611833974611   -0.658558196533   -0.828260710495
               2 C      0.575132235163    0.055837702266   -0.187445646864
               3 C     -0.347682218973    1.059806149874    0.498837304755
               4 C      1.840634376590   -0.502357048098    0.284604773728
               5 O      1.782499502405    0.380246413710   -0.847524146910
               6 H     -2.438909327032    0.520916347664   -0.188646364724
               7 H     -1.757601606741   -0.549722787121    1.061962683046
               8 H     -0.768254516295   -0.302101858350   -1.852450540753
               9 H     -0.612482886368   -1.752812719593   -0.816333939836
              10 H     -0.142125919088    1.304362625720    1.545433178010
              11 H     -0.417495763805    1.982520363230   -0.087830254942
              12 H      2.096483058477   -1.535795753932    0.048757455027
              13 H      2.319167702349   -0.082010893257    1.169722681764
------------------------ !GEOMETRY! -------------------------
    Number of atoms:    14 
    Geometry Index:     19 
    Coordinates:
               0 C     -1.515773544237    0.078945380356    0.199765966782
               1 C     -0.611459684633   -0.658355648953   -0.829763949400
               2 C      0.574998635815    0.057686021861   -0.189718403033
               3 C     -0.347041944652    1.061132137143    0.498225413819
               4 C      1.838443597915   -0.503314361777    0.286281797912
               5 O      1.784805379362    0.379733134107   -0.846588424769
               6 H     -2.439307343323    0.518386158560   -0.185257436787
               7 H     -1.752849175622   -0.551094722795    1.062428619670
               8 H     -0.772015554447   -0.301180768513   -1.852775941835
               9 H     -0.609939331277   -1.752563088261   -0.821022728910
              10 H     -0.138860075574    1.308877763470    1.543484946848
              11 H     -0.421007748238    1.983128636774   -0.088636126322
              12 H      2.093782816630   -1.536984078560    0.051230765715
              13 H      2.316223972280   -0.084296563412    1.172345500309
------------------------ !GEOMETRY! -------------------------
    Number of atoms:    14 
    Geometry Index:     20 
    Coordinates:
               0 C     -1.517013067261    0.081167051069    0.196973463725
               1 C     -0.611264037016   -0.661128335448   -0.827851907822
               2 C      0.574710067497    0.058481267664   -0.190559594330
               3 C     -0.346570637064    1.059943920405    0.501392059129
               4 C      1.839468353322   -0.501514009173    0.283794924885
               5 O      1.783259328458    0.382094247043   -0.849043714493
               6 H     -2.436717085782    0.524176318901   -0.193426674758
               7 H     -1.762024976352   -0.546866886662    1.058542920992
               8 H     -0.772626232808   -0.311353063255   -1.853085463460
               9 H     -0.608339847493   -1.755187627231   -0.812596248785
              10 H     -0.137842345433    1.301529463880    1.547930509980
              11 H     -0.419500865595    1.985859455281   -0.079075478925
              12 H      2.095993105716   -1.534636216374    0.047853868075
              13 H      2.318468239809   -0.082465586101    1.169151335785
------------------------ !GEOMETRY! -------------------------
    Number of atoms:    14 
    Geometry Index:     21 
    Coordinates:
               0 C     -1.516340394455    0.080349286106    0.197851365487
               1 C     -0.611337761396   -0.660313843250   -0.828930631373
               2 C      0.574582772276    0.058523369838   -0.190479739422
               3 C     -0.346728217772    1.060914426752    0.500275825776
               4 C      1.838920784312   -0.502311736182    0.284842019828
               5 O      1.784398340430    0.381200647468   -0.847703760796
               6 H     -2.437876774724    0.521650842242   -0.190076953994
               7 H     -1.758292157784   -0.548345286568    1.059809599149
               8 H     -0.773183010165   -0.308621081690   -1.853407878919
               9 H     -0.608348713206   -1.754359947260   -0.816187268184
              10 H     -0.137628192970    1.304954063339    1.546102800195
              11 H     -0.420518471353    1.985740452745   -0.081786457181
              12 H      2.094855312356   -1.535640057618    0.049109492470
              13 H      2.317496484451   -0.083641135921    1.170581586963
