    43
     1   -2.986649   -3.682700   -0.606783      1
     2    0.879234   -2.519325    2.719594      1
     3    2.021671   -2.688604    1.254242      1
     4    1.207146   -3.288971   -2.612174      1
     5   -3.832944   -0.777261    2.571145      1
     6   -2.207343   -1.853230   -1.033108      1
     7    0.667885   -2.014856   -1.120624      1
     8   -2.828403   -1.394155   -2.916393      1
     9   -3.240291    0.127500    0.849096      1
    10    5.545477   -0.834814    0.597971      1
    11    3.613911   -0.374067    1.028402      1
    12   -4.906251    0.990520    0.028286      1
    13    3.554555    0.841652    2.654187      1
    14    2.055134    0.566088   -1.254778      1
    15   -1.310823    2.010634    1.504389      1
    16    3.090390    0.936286   -2.963120      1
    17   -2.101878    3.493052    2.300622      1
    18    0.280276    2.753582   -0.627825      1
    19   -0.810559    3.267648   -2.290140      1
    20    1.364583    4.385413   -0.083046      1
    21   -2.698504   -3.006730   -0.758964      2
    22    1.149147   -2.551440    2.364804      2
    23    1.008451   -2.820661   -2.066808      2
    24    1.192116   -2.304012   -0.116971      2
    25   -0.765920   -1.928947   -1.054666      2
    26   -3.612607   -0.446359    1.939525      2
    27    2.954646   -1.327327    1.157626      2
    28   -2.595589   -1.558431   -2.217320      2
    29   -2.701087   -0.868749   -0.099579      2
    30    2.071698   -1.086193   -0.032494      3
    31    4.835963   -0.667233    0.750967      2
    32    1.327898   -0.704603   -1.246569      2
    33   -4.286675    0.675757    0.328833      2
    34    3.573715    0.397945    2.062830      2
    35   -0.646365    0.256906   -0.288462      3
    36   -2.472551    0.897768    1.088954      2
    37    2.872490    0.153715   -0.117954      2
    38    2.704813    0.799355   -2.328557      2
    39    1.176271    1.645574   -0.942277      2
    40   -1.917881    3.140332    2.102308      2
    41   -0.374798    2.463831    0.203958      2
    42   -0.411134    3.071793   -1.673802      2
    43    0.966361    3.786123   -0.279120      2
