    37
     1    2.333689   -3.456757    0.348142      1
     2   -1.388856   -1.994461    3.163280      1
     3    1.755873   -2.572790   -2.794032      1
     4   -5.152806   -0.769297    0.730210      1
     5    2.116177   -1.889692   -0.919548      1
     6   -1.349687   -0.113046    2.397383      1
     7   -3.732412    0.671260    0.873264      1
     8   -0.795886    1.183915    3.854599      1
     9    0.283682    0.172769   -0.002510      1
    10   -2.532150   -0.247916   -3.070754      1
    11    5.590161   -0.136066    0.685266      1
    12    4.146974    0.177113   -0.711332      1
    13   -2.069181    0.985733   -1.524385      1
    14   -4.614965    2.380329    1.514016      1
    15    5.009383    0.750909   -2.460148      1
    16    2.308204    2.002009    0.142354      1
    17   -1.910518    2.885041   -2.217449      1
    18    2.253940   -2.875617   -0.115384      2
    19   -1.374797   -1.298671    2.872714      2
    20    1.888137   -2.316044   -2.104439      2
    21   -4.622151   -0.239796    0.781212      2
    22    1.151886   -0.908769   -0.466256      2
    23   -2.577707    0.271969    1.684272      2
    24   -0.489621    0.009114    1.246337      2
    25   -0.999912    0.713398    3.318950      2
    26    3.169365   -0.912965   -0.838364      2
    27   -1.722046    0.431651    0.437469      3
    28    2.209630    0.081671   -0.381576      3
    29    5.064811   -0.023712    0.182232      2
    30   -2.952043    0.843621   -0.356103      2
    31   -2.358883    0.204547   -2.492864      2
    32   -0.869825    0.590394   -0.827235      2
    33   -4.284481    1.751734    1.277266      2
    34    0.991440    0.811464    0.047801      2
    35    3.502276    0.813536   -0.413002      2
    36    4.693513    0.543301   -1.828632      2
    37   -1.968706    2.192130   -1.959395      2
