-------------------------------------------------------------
----------------------- !PROPERTIES! ------------------------
-------------------------------------------------------------
# -----------------------------------------------------------
$ PAL_Flags
   description: The PAL Flags
   geom. index: 1
   prop. index: 1
        Diskflag:     2
# -----------------------------------------------------------
$ SCF_Energy
   description: The SCF energy
   geom. index: 1
   prop. index: 1
        SCF Energy:     -309.9483834179
# -----------------------------------------------------------
$ DFT_Energy
   description: The DFT energy
   geom. index: 1
   prop. index: 1
   Number of Alpha Electrons                 27.0000193778 
   Number of Beta  Electrons                 27.0000193778 
   Total number of  Electrons                54.0000387555 
   Exchange energy                          -28.6633435756 
   Correlation energy                        -2.2173931676 
   Correlation energy NL                      0.0000000000 
   Exchange-Correlation energy              -30.8807367432 
   Embedding correction                       0.0000000000 
   Total DFT Energy (No VdW correction)    -309.9483834179 
# -----------------------------------------------------------
$ Mayer_Pop
   description: The Mayer population analysis
   geom. index: 1
   prop. index: 1
     Number of atoms                     : 17
     Threshold for printing              : 0.1000000
     Number of bond orders printed       : 22
  NA   - Mulliken gross atomic population
  ZA   - Total nuclear charge
  QA   - Mulliken gross atomic charge
  VA   - Mayer's total valence
  BVA  - Mayer's bonded valence
  FA   - Mayer's free valence
  ATOM       NA         ZA         QA         VA         BVA        FA
  0   0     6.2889     6.0000    -0.2889     3.7455     3.7455    -0.0000
  1   0     6.4250     6.0000    -0.4250     3.7052     3.7052    -0.0000
  2   0     5.7527     6.0000     0.2473     3.9266     3.9266     0.0000
  3   0     6.4247     6.0000    -0.4247     3.7068     3.7068    -0.0000
  4   0     6.3051     6.0000    -0.3051     3.6391     3.6391     0.0000
  5   0     6.0027     6.0000    -0.0027     3.6549     3.6549    -0.0000
  6   0     8.3502     8.0000    -0.3502     1.6528     1.6528    -0.0000
  7   0     0.8498     1.0000     0.1502     0.9512     0.9512     0.0000
  8   0     0.8525     1.0000     0.1475     0.9657     0.9657     0.0000
  9   0     0.8522     1.0000     0.1478     0.9603     0.9603    -0.0000
 10   0     0.8215     1.0000     0.1785     0.9463     0.9463    -0.0000
 11   0     0.8521     1.0000     0.1479     0.9602     0.9602     0.0000
 12   0     0.8215     1.0000     0.1785     0.9464     0.9464    -0.0000
 13   0     0.8342     1.0000     0.1658     0.9393     0.9393     0.0000
 14   0     0.8342     1.0000     0.1658     0.9394     0.9394     0.0000
 15   0     0.8665     1.0000     0.1335     0.9343     0.9343    -0.0000
 16   0     0.8663     1.0000     0.1337     0.9342     0.9342     0.0000
      Bond orders larger than 0.1000000
           Atom A     A.N. of A          Atom B    A.N. of B              Bond order
                0             6               1            6                0.974953
                0             6               2            6               -0.165417
                0             6               3            6                0.975256
                0             6               7            1                0.983682
                0             6               8            1                0.962483
                1             6               2            6                0.923722
                1             6               6            8               -0.195955
                1             6               9            1                0.962587
                1             6              10            1                0.958557
                2             6               3            6                0.925408
                2             6               4            6                0.846886
                2             6               6            8                1.362471
                3             6               6            8               -0.195936
                3             6              11            1                0.962481
                3             6              12            1                0.957932
                4             6               5            6                0.903274
                4             6               6            8               -0.103733
                4             6              13            1                0.966306
                4             6              14            1                0.966625
                5             6               6            8                0.774208
                5             6              15            1                0.961084
                5             6              16            1                0.961121
# -----------------------------------------------------------
$ VdW_Correction
   description: The Van der Waals Correction
   geom. index: 1
   prop. index: 1
        Van der Waals Correction:       -0.0260495808
# -----------------------------------------------------------
$ Hessian
   description: Details about the Hessian
   geom. index: 1
   prop. index: 1
Normal modes:
Number of Rows: 51 Number of Columns: 51
                  0          1          2          3          4          5    
      0       0.000000   0.000000   0.000000   0.000000   0.000000   0.000000
      1       0.000000   0.000000   0.000000   0.000000   0.000000   0.000000
      2       0.000000   0.000000   0.000000   0.000000   0.000000   0.000000
      3       0.000000   0.000000   0.000000   0.000000   0.000000   0.000000
      4       0.000000   0.000000   0.000000   0.000000   0.000000   0.000000
      5       0.000000   0.000000   0.000000   0.000000   0.000000   0.000000
      6       0.000000   0.000000   0.000000   0.000000   0.000000   0.000000
      7       0.000000   0.000000   0.000000   0.000000   0.000000   0.000000
      8       0.000000   0.000000   0.000000   0.000000   0.000000   0.000000
      9       0.000000   0.000000   0.000000   0.000000   0.000000   0.000000
     10       0.000000   0.000000   0.000000   0.000000   0.000000   0.000000
     11       0.000000   0.000000   0.000000   0.000000   0.000000   0.000000
     12       0.000000   0.000000   0.000000   0.000000   0.000000   0.000000
     13       0.000000   0.000000   0.000000   0.000000   0.000000   0.000000
     14       0.000000   0.000000   0.000000   0.000000   0.000000   0.000000
     15       0.000000   0.000000   0.000000   0.000000   0.000000   0.000000
     16       0.000000   0.000000   0.000000   0.000000   0.000000   0.000000
     17       0.000000   0.000000   0.000000   0.000000   0.000000   0.000000
     18       0.000000   0.000000   0.000000   0.000000   0.000000   0.000000
     19       0.000000   0.000000   0.000000   0.000000   0.000000   0.000000
     20       0.000000   0.000000   0.000000   0.000000   0.000000   0.000000
     21       0.000000   0.000000   0.000000   0.000000   0.000000   0.000000
     22       0.000000   0.000000   0.000000   0.000000   0.000000   0.000000
     23       0.000000   0.000000   0.000000   0.000000   0.000000   0.000000
     24       0.000000   0.000000   0.000000   0.000000   0.000000   0.000000
     25       0.000000   0.000000   0.000000   0.000000   0.000000   0.000000
     26       0.000000   0.000000   0.000000   0.000000   0.000000   0.000000
     27       0.000000   0.000000   0.000000   0.000000   0.000000   0.000000
     28       0.000000   0.000000   0.000000   0.000000   0.000000   0.000000
     29       0.000000   0.000000   0.000000   0.000000   0.000000   0.000000
     30       0.000000   0.000000   0.000000   0.000000   0.000000   0.000000
     31       0.000000   0.000000   0.000000   0.000000   0.000000   0.000000
     32       0.000000   0.000000   0.000000   0.000000   0.000000   0.000000
     33       0.000000   0.000000   0.000000   0.000000   0.000000   0.000000
     34       0.000000   0.000000   0.000000   0.000000   0.000000   0.000000
     35       0.000000   0.000000   0.000000   0.000000   0.000000   0.000000
     36       0.000000   0.000000   0.000000   0.000000   0.000000   0.000000
     37       0.000000   0.000000   0.000000   0.000000   0.000000   0.000000
     38       0.000000   0.000000   0.000000   0.000000   0.000000   0.000000
     39       0.000000   0.000000   0.000000   0.000000   0.000000   0.000000
     40       0.000000   0.000000   0.000000   0.000000   0.000000   0.000000
     41       0.000000   0.000000   0.000000   0.000000   0.000000   0.000000
     42       0.000000   0.000000   0.000000   0.000000   0.000000   0.000000
     43       0.000000   0.000000   0.000000   0.000000   0.000000   0.000000
     44       0.000000   0.000000   0.000000   0.000000   0.000000   0.000000
     45       0.000000   0.000000   0.000000   0.000000   0.000000   0.000000
     46       0.000000   0.000000   0.000000   0.000000   0.000000   0.000000
     47       0.000000   0.000000   0.000000   0.000000   0.000000   0.000000
     48       0.000000   0.000000   0.000000   0.000000   0.000000   0.000000
     49       0.000000   0.000000   0.000000   0.000000   0.000000   0.000000
     50       0.000000   0.000000   0.000000   0.000000   0.000000   0.000000
                  6          7          8          9         10         11    
      0      -0.013678  -0.039612   0.002009   0.002923  -0.010803   0.271437
      1       0.019293  -0.214841  -0.003045   0.019834   0.016651  -0.028731
      2      -0.073555  -0.052591   0.010764   0.004815  -0.059883  -0.057829
      3       0.081636   0.012786   0.014140   0.021107   0.180195   0.185351
      4      -0.007481   0.098779   0.158099   0.102355  -0.038717  -0.000082
      5      -0.011759   0.022656   0.037382   0.025698   0.091739  -0.117462
      6       0.016496   0.009558  -0.003599  -0.029667   0.034309  -0.020176
      7      -0.024594   0.094164   0.005142  -0.170002  -0.051587   0.002080
      8       0.089778   0.024125  -0.019389  -0.041605   0.186513   0.004098
      9      -0.079721   0.014560  -0.015445   0.020082  -0.135289   0.213148
     10       0.005912   0.097432  -0.155490   0.103193  -0.030563  -0.042004
     11       0.021658   0.027302  -0.045186   0.025210   0.152058   0.032181
     12       0.013233  -0.090459   0.035135   0.122233  -0.017392  -0.210227
     13      -0.020945   0.008415  -0.053574  -0.082778   0.025925  -0.043953
     14       0.075025   0.018505   0.190400  -0.046327  -0.091024   0.026315
     15      -0.043295   0.000614  -0.002626  -0.010581  -0.004920  -0.248045
     16       0.065705  -0.076412   0.004043   0.058713   0.007159   0.012443
     17      -0.235939  -0.020181  -0.014060   0.018347  -0.026369   0.049068
     18       0.027967   0.087896  -0.028898  -0.132059  -0.033045  -0.175653
     19      -0.041865   0.007360   0.043615  -0.086010   0.051432   0.085490
     20       0.149298  -0.014882  -0.155987  -0.000166  -0.182021   0.056495
     21      -0.020723   0.191440  -0.017389   0.147539  -0.031008   0.265990
     22       0.030925  -0.419758   0.026787  -0.109261   0.047193  -0.022009
     23      -0.119795  -0.152137  -0.096543  -0.058056  -0.166681  -0.054769
     24      -0.022893  -0.334033   0.024405  -0.183180  -0.025853   0.281065
     25       0.029928  -0.355471  -0.038013  -0.069551   0.041035  -0.025932
     26      -0.114293  -0.037804   0.134768   0.013359  -0.145643  -0.058705
     27       0.120938   0.125973  -0.032590  -0.124573   0.263864   0.216063
     28      -0.011133   0.230427   0.333418   0.348993  -0.001372  -0.001473
     29      -0.021284  -0.135673  -0.107938  -0.151708   0.031541  -0.119417
     30       0.122411  -0.070244   0.098755   0.245645   0.335927   0.244524
     31      -0.010957   0.173883   0.225954   0.183354  -0.034257   0.004301
     32      -0.016287   0.227162   0.243310   0.285351   0.127009  -0.083439
     33      -0.117427   0.185728  -0.035854  -0.035832  -0.236604   0.242760
     34       0.010710   0.141029  -0.227915   0.212072  -0.040852  -0.041296
     35       0.030641   0.182673  -0.263673   0.339541   0.110357   0.023089
     36      -0.120818  -0.123521  -0.032799   0.151948  -0.271342   0.258169
     37       0.009253   0.257402  -0.324483   0.324695  -0.068241  -0.015465
     38       0.032125  -0.070729   0.111778  -0.215053   0.231119  -0.012486
     39      -0.118364  -0.135649   0.081028   0.205304  -0.190716  -0.245156
     40      -0.188696   0.009134  -0.291458  -0.080624   0.301563  -0.023295
     41       0.151661   0.026569   0.256563  -0.062602  -0.148068   0.031291
     42       0.177058  -0.137218   0.036134   0.206479   0.100349  -0.242937
     43       0.096529   0.007658   0.112954  -0.083132  -0.165815  -0.026627
     44       0.177425   0.026241   0.378275  -0.061714  -0.332622   0.044664
     45       0.235719   0.000875   0.033536  -0.010365  -0.149324  -0.256544
     46       0.113906  -0.125283   0.151354   0.132407  -0.027851  -0.005932
     47      -0.502632  -0.033360  -0.011693   0.039559   0.112623   0.047759
     48      -0.397961   0.004402  -0.049443  -0.009445   0.179889  -0.257680
     49       0.132527  -0.125661  -0.126722   0.133042  -0.020150  -0.004652
     50      -0.381080  -0.032866  -0.074485   0.039148   0.054338   0.043512
                 12         13         14         15         16         17    
      0      -0.195717  -0.026406  -0.001409   0.069264  -0.000807   0.034738
      1       0.043494  -0.055888   0.002134  -0.023342   0.001124   0.050594
      2       0.048127  -0.010873  -0.007616  -0.019301  -0.003950   0.007881
      3       0.129065   0.003208   0.025742  -0.103205  -0.004162  -0.050096
      4      -0.085680  -0.036574   0.087043   0.061439   0.016589  -0.074942
      5       0.236522   0.010569   0.037947  -0.076255  -0.002176  -0.051865
      6       0.130712   0.005622  -0.001267   0.064057   0.000755  -0.014599
      7      -0.030694  -0.004515   0.002053   0.039591  -0.001201  -0.113580
      8      -0.032585  -0.002288  -0.007250  -0.000715   0.004287  -0.029392
      9       0.035287  -0.003820  -0.019729  -0.066103   0.001770  -0.037028
     10       0.057867  -0.025791  -0.096097   0.004852  -0.012725  -0.095205
     11      -0.274491  -0.027938  -0.005124   0.126058  -0.011627   0.020269
     12      -0.005184  -0.007629  -0.002488   0.129486   0.009759  -0.024564
     13      -0.142693   0.006522   0.003751  -0.242099  -0.014849   0.086314
     14      -0.039086   0.003224  -0.014101  -0.091623   0.053432   0.028651
     15      -0.131371  -0.001099  -0.001088  -0.140112   0.009269   0.027526
     16      -0.020475   0.002163   0.001491  -0.048294  -0.014121  -0.044512
     17       0.018349   0.000809  -0.005335   0.012274   0.050277  -0.017508
     18       0.021605   0.010371  -0.002017   0.068970  -0.003310   0.067985
     19       0.177499   0.020695   0.003135   0.188713   0.004876   0.146295
     20       0.045837   0.003910  -0.010916   0.040235  -0.017785   0.028567
     21      -0.041809  -0.423111  -0.053187  -0.012334  -0.009453   0.204914
     22      -0.092733   0.301451   0.081329   0.048301   0.014361  -0.102810
     23      -0.018179   0.162020  -0.290212   0.016117  -0.051307  -0.066763
     24      -0.340624   0.485981   0.045339   0.133516   0.009961  -0.195859
     25      -0.027281   0.191682  -0.069575   0.009068  -0.015400  -0.060859
     26       0.054607  -0.035256   0.247743  -0.022459   0.054905   0.019162
     27       0.161576   0.111078   0.033323  -0.158810  -0.021059  -0.407569
     28      -0.109061   0.188261  -0.274523   0.034731  -0.033993   0.185901
     29       0.250160  -0.229490   0.364407  -0.034898   0.048990  -0.175001
     30       0.318430  -0.022653  -0.057702  -0.384143  -0.009881   0.308216
     31      -0.122193   0.074671  -0.071046   0.070559  -0.006506  -0.014715
     32       0.160823   0.322341  -0.414900  -0.091527  -0.068887   0.163565
     33       0.059026   0.197860   0.114442  -0.135023   0.039435  -0.307649
     34       0.047476   0.056168   0.048788  -0.002729   0.006383   0.033642
     35      -0.308607   0.241673   0.439930   0.096873   0.049012   0.368523
     36       0.234534  -0.120924  -0.076497  -0.323621  -0.012496   0.233216
     37       0.005299   0.224787   0.275425  -0.021958   0.041199   0.098695
     38      -0.294418  -0.212114  -0.313768   0.236233  -0.055074  -0.239484
     39      -0.000740  -0.015304   0.023134   0.314101   0.184656  -0.102170
     40      -0.126516   0.006703  -0.123713  -0.240517   0.447183   0.091156
     41      -0.045446   0.004896   0.021546  -0.127868  -0.125318   0.044516
     42       0.002858  -0.015349  -0.002800   0.313828  -0.256310  -0.103115
     43      -0.131629   0.006789   0.092807  -0.243023  -0.337425   0.091537
     44      -0.027429   0.004484   0.087065  -0.123843  -0.264540   0.044475
     45      -0.145885  -0.001603  -0.040512  -0.143248   0.324408   0.026864
     46      -0.069722  -0.009856  -0.033182  -0.085144   0.309034  -0.181858
     47       0.010972  -0.002299   0.025390  -0.001280  -0.184655  -0.057294
     48      -0.146913  -0.001638   0.049299  -0.143524  -0.394333   0.026953
     49      -0.067764  -0.009759   0.019457  -0.087819  -0.202151  -0.182838
     50       0.004307  -0.002594   0.023683   0.004600  -0.196140  -0.055079
                 18         19         20         21         22         23    
      0      -0.004926   0.191848  -0.039199   0.147887   0.000471  -0.037956
      1       0.007556  -0.021343   0.059024  -0.021978  -0.000659  -0.034853
      2      -0.027081  -0.042490  -0.209727  -0.032839   0.002177  -0.002794
      3       0.041204  -0.051216  -0.119985  -0.012686  -0.007823   0.023509
      4      -0.041116  -0.025586  -0.011036  -0.014539  -0.042601   0.058892
      5       0.090662   0.127727   0.121457   0.117843  -0.000431  -0.004608
      6      -0.023285   0.085263   0.008019  -0.026319  -0.005067   0.057227
      7       0.035709  -0.022154  -0.012906   0.023654   0.007829   0.034916
      8      -0.127033  -0.021551   0.046542   0.011458  -0.027551  -0.000735
      9      -0.004971  -0.091000   0.154528  -0.052806   0.011090   0.029089
     10      -0.014127   0.037277  -0.040980   0.045975   0.037589   0.050567
     11       0.106477  -0.097327   0.063546  -0.097536   0.018548   0.025695
     12      -0.016817  -0.090459   0.006297   0.119863  -0.003001   0.063446
     13       0.025660  -0.077421  -0.007802   0.187479   0.004533  -0.020683
     14      -0.091342  -0.004855   0.030702   0.030537  -0.016302  -0.017549
     15       0.007755   0.088060  -0.002481  -0.132723   0.001120   0.347198
     16      -0.011820   0.089533   0.001993  -0.154553  -0.001792  -0.275222
     17       0.042325   0.008920  -0.009942  -0.019031   0.006655  -0.140925
     18      -0.000344  -0.015240   0.000991  -0.050306   0.001686  -0.363278
     19       0.000290  -0.007561  -0.001529  -0.038846  -0.002577   0.186532
     20      -0.001623   0.000699   0.005486  -0.001669   0.008774   0.119066
     21      -0.012422   0.208514  -0.087039   0.152798  -0.048946  -0.142437
     22       0.018943  -0.027862   0.132183  -0.017153   0.074886   0.053751
     23      -0.067227  -0.048595  -0.470849  -0.031385  -0.266935   0.040821
     24      -0.048285   0.188370  -0.083139   0.185509   0.044794   0.068206
     25       0.074140  -0.029286   0.125719  -0.011064  -0.068351   0.018505
     26      -0.264145  -0.045204  -0.447816  -0.035870   0.243494  -0.006969
     27       0.189644  -0.306249  -0.280581  -0.067577  -0.409229   0.093342
     28      -0.021422   0.013326   0.035084  -0.042293   0.064320  -0.050491
     29       0.029798   0.180313   0.134618   0.170878   0.035837   0.067288
     30       0.022178  -0.286770  -0.242154  -0.133741   0.492358  -0.108670
     31      -0.024789   0.004580   0.000243  -0.002691  -0.065932   0.023917
     32       0.144737   0.199933   0.146229   0.153707  -0.010689  -0.132219
     33      -0.166095  -0.342874   0.307733  -0.125313   0.390083   0.061843
     34      -0.014194   0.073333  -0.072645   0.044009  -0.035458  -0.000873
     35       0.096677  -0.036024  -0.002776  -0.135378  -0.139376  -0.110530
     36       0.028920  -0.331756   0.278756  -0.177621  -0.459995  -0.057461
     37      -0.053782   0.077782  -0.052163   0.063151   0.016252  -0.056193
     38       0.135329  -0.062420   0.036847  -0.080223   0.187421   0.153979
     39       0.462639  -0.316234  -0.131135   0.372245   0.043157  -0.217927
     40      -0.323762  -0.073152   0.085958   0.221697  -0.050698  -0.089095
     41      -0.067806   0.031428   0.027239  -0.015281  -0.006525   0.047376
     42      -0.427038  -0.312542   0.128776   0.374656  -0.037695  -0.228985
     43       0.269376  -0.077516  -0.073720   0.217358   0.042755  -0.072239
     44       0.261981   0.041221  -0.065314   0.001541   0.034562  -0.010427
     45       0.177408   0.082037  -0.046952  -0.148039   0.020430   0.277623
     46       0.081967   0.195362  -0.025542  -0.322933  -0.002815  -0.288327
     47      -0.105400   0.044848   0.028209  -0.058457  -0.013308  -0.112960
     48      -0.209097   0.080608   0.054463  -0.149392  -0.023484   0.270963
     49      -0.033277   0.198127   0.008640  -0.320401   0.007566  -0.278712
     50      -0.066793   0.035819   0.019217  -0.067343  -0.002331  -0.147056
                 24         25         26         27         28         29    
      0       0.004720   0.020656   0.008007   0.080981  -0.008287  -0.010970
      1      -0.007365   0.156364  -0.010643  -0.020350   0.012568   0.016787
      2       0.025516   0.040204   0.036399  -0.021696  -0.044916  -0.059394
      3       0.004687  -0.008062  -0.010606  -0.068187   0.005892  -0.088431
      4      -0.007204  -0.107628  -0.007497   0.002065  -0.004579   0.055733
      5       0.026301  -0.025542   0.027220   0.048145  -0.019735   0.029474
      6      -0.019478   0.039074  -0.025615  -0.159856   0.018696   0.007786
      7       0.029445   0.158197   0.035671   0.012134  -0.028630  -0.011330
      8      -0.105583   0.037079  -0.125681   0.035841   0.101860   0.040878
      9       0.004897  -0.009172   0.017108  -0.079990  -0.011531   0.087617
     10      -0.007219  -0.105919  -0.005696   0.019764   0.013357  -0.054702
     11       0.026208  -0.031214   0.021544  -0.015944  -0.011471  -0.033707
     12       0.012955  -0.017005   0.016515  -0.111720   0.005319  -0.000533
     13      -0.019878  -0.034109  -0.028609  -0.056921  -0.008312   0.001504
     14       0.070814  -0.006339   0.098916   0.002181   0.029532  -0.005254
     15      -0.024290   0.018486  -0.000633   0.089529  -0.012869  -0.000866
     16       0.037241  -0.044833   0.003142   0.009663   0.019726   0.000943
     17      -0.132486  -0.016211  -0.011074  -0.013383  -0.070259  -0.003598
     18       0.010970  -0.049238  -0.002521   0.025392  -0.001971   0.000194
     19      -0.016689  -0.036118   0.005139   0.048544   0.003094  -0.000488
     20       0.059625  -0.000991  -0.015579   0.009293  -0.010893   0.001339
     21      -0.019209   0.318973  -0.029423   0.099529   0.022494   0.113293
     22       0.028994  -0.107437   0.046891  -0.027974  -0.034541  -0.173127
     23      -0.102751  -0.089497  -0.168873  -0.020529   0.123242   0.616886
     24      -0.012810  -0.369467  -0.017632   0.145094   0.038307  -0.052109
     25       0.020437  -0.027350   0.030499   0.001701  -0.058562   0.079143
     26      -0.072772   0.060442  -0.109005  -0.023650   0.208691  -0.282072
     27       0.117568   0.187590   0.197910   0.271394  -0.136695   0.127498
     28      -0.027187   0.115605  -0.041493  -0.097936   0.021594  -0.050725
     29       0.008738  -0.292050  -0.009250   0.038207   0.005522   0.056714
     30       0.096784  -0.199029   0.137224   0.354240  -0.123351   0.414570
     31      -0.015536   0.022130  -0.025002  -0.036450   0.017670  -0.032548
     32       0.018417   0.317896  -0.002979   0.007215   0.026718  -0.174005
     33      -0.105328   0.282972  -0.177705   0.239598   0.127788  -0.096044
     34       0.008063  -0.030589   0.020718  -0.040456  -0.008609   0.003187
     35       0.058675   0.229480   0.073592  -0.172036  -0.051568   0.113801
     36      -0.082602  -0.289665  -0.117044   0.330193   0.123098  -0.444240
     37      -0.005285   0.160774   0.010371   0.005122  -0.017334   0.077260
     38       0.054827  -0.176534   0.051066  -0.143260  -0.028187   0.014598
     39       0.151258   0.160480  -0.048543   0.426602   0.548483   0.057665
     40       0.222457  -0.053444   0.248572  -0.147114   0.059978  -0.012525
     41      -0.032580  -0.033984   0.021759  -0.076245  -0.084764  -0.010367
     42      -0.173522   0.156196   0.042173   0.410896  -0.548481  -0.059077
     43      -0.188543  -0.048691  -0.223514  -0.115701  -0.059474   0.010884
     44      -0.088289  -0.052982  -0.128652  -0.148714   0.083119   0.017760
     45      -0.412704   0.004510   0.038254   0.139087  -0.144334  -0.007502
     46       0.317279   0.139351  -0.548941   0.063751  -0.297646  -0.006156
     47       0.316389   0.041342  -0.185910  -0.037645  -0.018834   0.000715
     48       0.463171   0.004928  -0.042102   0.150243   0.157125   0.007169
     49      -0.393931   0.139910   0.562765   0.025483   0.278615   0.005885
     50      -0.043782   0.035733   0.141637   0.010400   0.087578   0.001269
                 30         31         32         33         34         35    
      0      -0.009872   0.050513  -0.023383   0.031381   0.008994   0.010627
      1       0.015235   0.047404   0.048016  -0.047912  -0.008402   0.006555
      2      -0.054157   0.004177   0.017703   0.170568  -0.003951  -0.000060
      3      -0.099312  -0.061358   0.061201  -0.062449  -0.078123  -0.078186
      4      -0.032138   0.003255   0.011872   0.024135  -0.000318   0.031505
      5       0.007263   0.022291  -0.010575  -0.048227   0.009121   0.016895
      6       0.008333  -0.070283  -0.028317   0.022246   0.194072   0.172324
      7      -0.012750  -0.069272  -0.167434  -0.034137   0.058787  -0.130507
      8       0.045329  -0.006664  -0.041720   0.121747  -0.019093  -0.068236
      9       0.098357  -0.065382   0.062608   0.040393  -0.076504  -0.076150
     10       0.033146   0.008360   0.010478   0.009436  -0.002889   0.028327
     11      -0.010676   0.004265  -0.005892  -0.071295   0.018336   0.028277
     12      -0.002476   0.125490  -0.117437  -0.004840  -0.049983  -0.076046
     13       0.004427   0.001692   0.020467   0.007444  -0.013714   0.044884
     14      -0.015798  -0.022519   0.027305  -0.026666   0.005340   0.026538
     15       0.001086  -0.020605   0.041105  -0.000934   0.021481  -0.030078
     16      -0.001855   0.031049   0.076016   0.001414   0.139299  -0.110516
     17       0.006678   0.012466   0.013796  -0.005061   0.035106  -0.025482
     18      -0.000271   0.023835   0.014303  -0.001704  -0.055591   0.003619
     19       0.000453   0.018401   0.032512   0.002695  -0.058050   0.018977
     20      -0.001671   0.000782   0.006486  -0.009499  -0.006068   0.004657
     21      -0.052764   0.166655   0.043333  -0.105986  -0.016955   0.010020
     22       0.080884  -0.049381  -0.012146   0.162162   0.013544   0.006895
     23      -0.288361  -0.044270  -0.011266  -0.578235   0.006827   0.000007
     24       0.109028  -0.041921  -0.125541  -0.108619   0.000838  -0.014656
     25      -0.166853   0.000111   0.002170   0.166551  -0.011176  -0.004693
     26       0.594535   0.006948   0.023754  -0.593454  -0.003428   0.001288
     27       0.438049   0.481237   0.136716   0.085915   0.071339   0.305794
     28      -0.017047  -0.067542  -0.031454   0.033285   0.095923   0.052553
     29      -0.187630  -0.094665   0.003407  -0.113775  -0.137052  -0.146060
     30       0.083047  -0.036361  -0.511210   0.086291   0.230228  -0.003133
     31      -0.022882   0.002420   0.053108  -0.004909  -0.061202  -0.041774
     32       0.054546   0.032655   0.058381  -0.132302  -0.160435  -0.201237
     33      -0.470453   0.479719   0.122821  -0.121447   0.121336   0.340416
     34       0.068571  -0.061563  -0.012424   0.020872   0.019709  -0.000508
     35       0.003341  -0.117895  -0.063501  -0.079374   0.133922   0.041348
     36      -0.057241  -0.043415  -0.496442  -0.123932   0.263748   0.059630
     37      -0.015762   0.015088   0.027891   0.063029  -0.111982  -0.137195
     38       0.082458  -0.013198   0.149380  -0.074801   0.020868   0.140121
     39       0.013477  -0.419987   0.256953   0.183532   0.099225   0.094542
     40      -0.054709  -0.044681   0.027568  -0.072149   0.001289   0.306819
     41      -0.000975   0.083951  -0.039599  -0.032362  -0.024366  -0.072285
     42      -0.010582  -0.426804   0.256997  -0.176765   0.101128   0.141235
     43       0.046187  -0.035119   0.027533   0.061126  -0.001976   0.235754
     44       0.031763   0.049012  -0.039247   0.071125  -0.012625   0.181310
     45       0.013876  -0.020130   0.068835  -0.008470  -0.096363  -0.035911
     46       0.052465  -0.160841  -0.294164   0.003610  -0.566263   0.416683
     47       0.007422  -0.037412  -0.101901   0.004208  -0.039835   0.111076
     48      -0.015850  -0.021309   0.070837   0.009126  -0.129746  -0.031805
     49      -0.050308  -0.158500  -0.297150  -0.004266  -0.515108   0.410340
     50      -0.016040  -0.044552  -0.089724  -0.001173  -0.222090   0.133461
                 36         37         38         39         40         41    
      0      -0.055538  -0.000381   0.009793   0.077085   0.022835   0.001743
      1       0.006056   0.001440  -0.002639  -0.010474  -0.002158  -0.000288
      2       0.011816  -0.005477  -0.002527  -0.017048  -0.004786  -0.000401
      3       0.023007   0.018198  -0.002152   0.017754   0.018964   0.000348
      4      -0.016094  -0.018410   0.004297  -0.016131  -0.008611   0.000167
      5       0.047549   0.065351   0.006217   0.049570   0.019437   0.000237
      6      -0.042125  -0.001493   0.023846  -0.042905  -0.078034  -0.002201
      7       0.008624   0.002769  -0.029662   0.010982   0.005925  -0.001066
      8       0.010016  -0.010105  -0.012690   0.010954   0.015986   0.000114
      9       0.004546   0.006176  -0.003679  -0.001217   0.010596   0.000268
     10       0.011925  -0.019131   0.006648   0.012846   0.004171   0.000261
     11      -0.052196   0.068444  -0.002139  -0.053623  -0.026118  -0.000181
     12       0.008252   0.000390  -0.009519   0.010624   0.006085  -0.000793
     13      -0.000208  -0.000664   0.100139  -0.002175  -0.057757   0.014472
     14      -0.001541   0.002477   0.029844  -0.002563  -0.017325   0.004168
     15      -0.001986  -0.000401   0.024569  -0.027884   0.094645   0.060880
     16      -0.001150   0.000683  -0.020194   0.000440   0.004824   0.007097
     17       0.000016  -0.002341  -0.010180   0.005254  -0.016036  -0.008634
     18       0.003227   0.000146   0.009703   0.001219   0.015307   0.002196
     19       0.003473  -0.000297   0.001898   0.002544   0.008997  -0.001653
     20       0.000392   0.000923  -0.001252   0.000489  -0.000283  -0.000875
     21       0.328710   0.004123  -0.055938  -0.333407  -0.075508  -0.012015
     22      -0.325090  -0.008257   0.053952   0.348785   0.085098  -0.013188
     23      -0.151087   0.043752   0.025379   0.158990   0.037712  -0.001495
     24       0.427429   0.001157  -0.066343  -0.436118  -0.105001  -0.006793
     25       0.228968  -0.011436  -0.037696  -0.251445  -0.063161   0.015412
     26      -0.013766   0.032003   0.001571   0.009411   0.001528   0.005571
     27      -0.056589  -0.031862   0.015939  -0.024552  -0.017554  -0.000784
     28       0.290113   0.387991   0.031687   0.241246   0.083769  -0.001381
     29      -0.211372  -0.301387  -0.025231  -0.172304  -0.052758  -0.002304
     30      -0.098087  -0.102741  -0.029518  -0.060511  -0.039546  -0.000786
     31      -0.137342  -0.186701  -0.014638  -0.122968  -0.044094   0.000328
     32      -0.317123  -0.445346  -0.052010  -0.262474  -0.082582  -0.000806
     33       0.041279  -0.106591   0.026334   0.056302   0.008694  -0.000061
     34       0.133413  -0.180740   0.016114   0.118077   0.043677  -0.001756
     35       0.324201  -0.453156   0.031210   0.267666   0.090172   0.001186
     36      -0.000849  -0.033284  -0.011907   0.018437  -0.013973  -0.000512
     37      -0.278719   0.400222  -0.041877  -0.244007  -0.083234  -0.000432
     38       0.209967  -0.299426   0.044115   0.167649   0.056737   0.000839
     39      -0.000469  -0.000441   0.064808  -0.008068  -0.019551  -0.026812
     40      -0.047892   0.008555  -0.553012  -0.036070   0.288428  -0.047078
     41       0.014508   0.000974   0.217765   0.011611  -0.122905  -0.161505
     42      -0.009621   0.000004  -0.062299  -0.014720   0.048879   0.023833
     43      -0.034016  -0.007548  -0.358864  -0.025857   0.183799  -0.124701
     44      -0.035674  -0.003464  -0.474163  -0.024795   0.250049   0.114278
     45       0.034451  -0.005058  -0.240054   0.167674  -0.398333  -0.466763
     46       0.009831  -0.002888   0.037815   0.030509  -0.096662   0.129627
     47      -0.030040   0.001004   0.253993  -0.171761   0.432869  -0.488873
     48       0.043274   0.004410  -0.305707   0.216943  -0.525849  -0.262037
     49      -0.003462   0.002453   0.138280  -0.044890   0.098344  -0.176553
     50       0.017559   0.000188  -0.104332   0.097088  -0.262667   0.602971
                 42         43         44         45         46         47    
      0       0.055187   0.002028   0.023919   0.024741  -0.000059   0.013124
      1      -0.004638  -0.000513  -0.003941  -0.004340   0.000006   0.076524
      2      -0.011458   0.001018  -0.005521  -0.005779  -0.000192   0.019060
      3      -0.005550  -0.009803   0.005495   0.007131  -0.000173  -0.005813
      4       0.003260   0.007173  -0.002817  -0.006340  -0.000940  -0.038737
      5      -0.020840  -0.044849   0.025944   0.032427  -0.000058  -0.005822
      6       0.001317   0.000204  -0.005504  -0.001344  -0.000120  -0.000570
      7      -0.000158  -0.000443   0.001084  -0.000604   0.000152  -0.000910
      8      -0.000322   0.001581   0.001292   0.000055  -0.000532  -0.000153
      9       0.002253  -0.006498  -0.003504  -0.004496   0.000257  -0.007340
     10      -0.008680   0.017195   0.010355   0.010761   0.000946  -0.038166
     11       0.021826  -0.043522  -0.022638  -0.030444   0.000432  -0.013139
     12       0.000337   0.000295  -0.001847   0.001169   0.004523  -0.000142
     13       0.003100  -0.000679  -0.048460   0.038914  -0.006993  -0.000833
     14       0.000776   0.001598  -0.013194   0.010641   0.024634  -0.000273
     15      -0.002129   0.000108   0.012965  -0.012088  -0.016148   0.000462
     16      -0.000350  -0.000079   0.002493  -0.001905   0.025308   0.000277
     17       0.000259   0.000322  -0.001499   0.001457  -0.090086  -0.000136
     18      -0.000103   0.000027   0.000743  -0.000166   0.000202   0.000225
     19      -0.000081  -0.000020   0.000228   0.000280  -0.000303   0.000317
     20      -0.000005   0.000092  -0.000077   0.000110   0.001027   0.000046
     21      -0.421275  -0.013393  -0.160303  -0.163347   0.000359  -0.385176
     22      -0.460981  -0.014057  -0.176579  -0.179111   0.000411  -0.411457
     23      -0.052018  -0.002929  -0.020097  -0.020251  -0.000006  -0.044727
     24      -0.226766  -0.007194  -0.098973  -0.101178  -0.000070   0.230944
     25       0.513345   0.016118   0.223268   0.227669   0.000151  -0.500555
     26       0.185675   0.004708   0.080822   0.082457   0.000061  -0.182852
     27       0.062624   0.126250  -0.069317  -0.088423   0.001250   0.060512
     28       0.171625   0.353336  -0.199242  -0.242978   0.004442   0.161737
     29       0.182971   0.374784  -0.211418  -0.260818   0.004053   0.175363
     30      -0.007660  -0.017799   0.010252   0.011816   0.000700   0.009745
     31      -0.209332  -0.433120   0.226236   0.312137   0.009732   0.298721
     32       0.069988   0.143566  -0.074868  -0.105349  -0.003645  -0.103854
     33       0.015325  -0.027799  -0.012813  -0.018656  -0.000265   0.014571
     34       0.263461  -0.508536  -0.266040  -0.332893  -0.006309   0.244931
     35      -0.085864   0.163844   0.085194   0.109693   0.001519  -0.082317
     36      -0.054148   0.106747   0.052420   0.072809  -0.003032   0.073002
     37      -0.157949   0.308105   0.149037   0.210126  -0.007350   0.210209
     38      -0.172918   0.335002   0.161483   0.231429  -0.008450   0.236391
     39      -0.006540  -0.002702   0.089945  -0.070213  -0.028390   0.001628
     40      -0.008191  -0.002688   0.150292  -0.123848  -0.053559   0.004201
     41      -0.030911  -0.009528   0.501795  -0.406168  -0.173371   0.011322
     42       0.003320  -0.000941  -0.067304   0.056682  -0.025777  -0.001739
     43      -0.023554   0.010829   0.391183  -0.318423   0.137227   0.008786
     44       0.022990  -0.010295  -0.354756   0.285358  -0.121704  -0.006833
     45       0.015560  -0.000868  -0.084533   0.079097   0.467776  -0.001957
     46      -0.004254   0.000376   0.022768  -0.021470  -0.115749   0.001088
     47       0.016664  -0.001001  -0.089252   0.082231   0.472258  -0.001987
     48       0.008560   0.000109  -0.046794   0.043953  -0.276106  -0.001780
     49       0.006088   0.000017  -0.032606   0.029585  -0.184381  -0.000705
     50      -0.020220  -0.000457   0.108404  -0.099902   0.597051   0.004282
                 48         49         50    
      0      -0.000367  -0.008997  -0.000428
      1      -0.002088  -0.054042  -0.002769
      2      -0.000438  -0.013524  -0.000615
      3       0.010078  -0.008968  -0.002729
      4       0.064378  -0.055232  -0.017726
      5       0.011615  -0.010882  -0.003930
      6       0.000008  -0.000621  -0.000279
      7      -0.000023  -0.001581   0.000277
      8      -0.000006  -0.000259  -0.001307
      9      -0.011867  -0.009603   0.001846
     10      -0.063963  -0.052354   0.011796
     11      -0.020015  -0.015455   0.003115
     12      -0.003497   0.000724  -0.016210
     13       0.005291  -0.002405   0.024612
     14      -0.019037   0.004865  -0.088246
     15      -0.001226   0.000853  -0.004152
     16       0.001929  -0.000394   0.006569
     17      -0.006872   0.001250  -0.023365
     18      -0.000036   0.000369   0.000018
     19       0.000066   0.000378   0.000025
     20      -0.000225   0.000045  -0.000019
     21       0.011255   0.275538   0.013799
     22       0.010365   0.290927   0.014858
     23       0.004576   0.031008   0.000917
     24      -0.006643  -0.165144  -0.008209
     25       0.014034   0.354580   0.017775
     26       0.002430   0.129789   0.007986
     27      -0.104012   0.091344   0.032992
     28      -0.286860   0.252340   0.084045
     29      -0.312757   0.276568   0.093547
     30      -0.017797   0.015701   0.005153
     31      -0.487595   0.409151   0.124033
     32       0.171652  -0.145259  -0.043236
     33       0.021835   0.017762  -0.006033
     34       0.430074   0.358038  -0.084662
     35      -0.144684  -0.121471   0.030323
     36       0.120948   0.096958  -0.019787
     37       0.340001   0.269023  -0.055085
     38       0.384482   0.305357  -0.061304
     39       0.025374  -0.005561   0.109811
     40       0.042859  -0.006567   0.198010
     41       0.136330  -0.023412   0.623993
     42       0.016974  -0.007786   0.083856
     43      -0.107081   0.039156  -0.492430
     44       0.094843  -0.032949   0.432067
     45       0.035849  -0.010155   0.122841
     46      -0.008722   0.003033  -0.027557
     47       0.035629  -0.010116   0.123382
     48      -0.021353   0.002575  -0.073131
     49      -0.013956   0.002401  -0.050575
     50       0.045200  -0.005042   0.155165
# -----------------------------------------------------------
$ THERMOCHEMISTRY_Energies
   description: The Thermochemistry energies
   geom. index: 1
   prop. index: 1
        Temperature (Kelvin)           :        298.1500000000
        Pressure (atm)                 :          1.0000000000
        Total Mass (AMU)               :         98.1450000000
        Spin Degeneracy                :          1.0000000000
        Electronic Energy (Hartree)    :       -309.9744329987
        Translational Energy (Hartree) :          0.0014162714
        Rotational Energy (Hartree)    :          0.0014162714
        Vibrational Energy (Hartree)   :          0.0018056016
        Number of frequencies          :     51      
        Scaling Factor for frequencies :          1.0000000000
        Vibrational frequencies        :     
                  0    
      0       0.000000
      1       0.000000
      2       0.000000
      3       0.000000
      4       0.000000
      5       0.000000
      6     -81.900430
      7     -60.544490
      8     336.901551
      9     410.499146
     10     442.886525
     11     513.929824
     12     830.962428
     13     868.773925
     14     886.030986
     15     912.017662
     16     923.550043
     17     995.708372
     18     1018.226167
     19     1034.466167
     20     1046.713914
     21     1067.046591
     22     1130.080681
     23     1161.540554
     24     1238.250587
     25     1253.002332
     26     1267.347851
     27     1268.067976
     28     1287.614435
     29     1294.871173
     30     1307.717015
     31     1319.339835
     32     1328.292073
     33     1357.003495
     34     1424.591271
     35     1431.683017
     36     1488.025255
     37     1489.539771
     38     1516.254638
     39     1536.717209
     40     1562.669528
     41     2919.755217
     42     2927.849352
     43     2934.795017
     44     2941.876688
     45     2946.895328
     46     2983.540134
     47     2995.951680
     48     3017.436969
     49     3028.474721
     50     3029.378923
        Zero Point Energy (Hartree)    :          0.1518997337
        Inner Energy (Hartree)         :       -309.8178951205
        Enthalpy (Hartree)             :       -309.8169509115
        Electronic entropy             :          0.0000000000
        Rotational entropy             :          0.0127650685
        Vibrational entropy            :          0.0024892413
        Translational entropy          :          0.0127650685
        Entropy                        :          0.0340990334
        Gibbs Energy (Hartree)         :       -309.8510499448
        Is Linear                      :                 false
# -----------------------------------------------------------
$ PAL_Flags
   description: The PAL Flags
   geom. index: 2
   prop. index: 1
        Diskflag:     2
# -----------------------------------------------------------
$ SCF_Energy
   description: The SCF energy
   geom. index: 2
   prop. index: 1
        SCF Energy:     -309.9605542895
# -----------------------------------------------------------
$ DFT_Energy
   description: The DFT energy
   geom. index: 2
   prop. index: 1
   Number of Alpha Electrons                 27.0000195938 
   Number of Beta  Electrons                 27.0000195938 
   Total number of  Electrons                54.0000391876 
   Exchange energy                          -28.6462734201 
   Correlation energy                        -2.2138360546 
   Correlation energy NL                      0.0000000000 
   Exchange-Correlation energy              -30.8601094747 
   Embedding correction                       0.0000000000 
   Total DFT Energy (No VdW correction)    -309.9605542895 
# -----------------------------------------------------------
$ VdW_Correction
   description: The Van der Waals Correction
   geom. index: 2
   prop. index: 1
        Van der Waals Correction:       -0.0255481592
# -----------------------------------------------------------
$ PAL_Flags
   description: The PAL Flags
   geom. index: 3
   prop. index: 1
        Diskflag:     2
# -----------------------------------------------------------
$ SCF_Energy
   description: The SCF energy
   geom. index: 3
   prop. index: 1
        SCF Energy:     -309.9628970116
# -----------------------------------------------------------
$ DFT_Energy
   description: The DFT energy
   geom. index: 3
   prop. index: 1
   Number of Alpha Electrons                 27.0000162086 
   Number of Beta  Electrons                 27.0000162086 
   Total number of  Electrons                54.0000324172 
   Exchange energy                          -28.6345615224 
   Correlation energy                        -2.2123343423 
   Correlation energy NL                      0.0000000000 
   Exchange-Correlation energy              -30.8468958647 
   Embedding correction                       0.0000000000 
   Total DFT Energy (No VdW correction)    -309.9628970116 
# -----------------------------------------------------------
$ VdW_Correction
   description: The Van der Waals Correction
   geom. index: 3
   prop. index: 1
        Van der Waals Correction:       -0.0253208460
# -----------------------------------------------------------
$ PAL_Flags
   description: The PAL Flags
   geom. index: 4
   prop. index: 1
        Diskflag:     2
# -----------------------------------------------------------
$ SCF_Energy
   description: The SCF energy
   geom. index: 4
   prop. index: 1
        SCF Energy:     -309.9629900331
# -----------------------------------------------------------
$ DFT_Energy
   description: The DFT energy
   geom. index: 4
   prop. index: 1
   Number of Alpha Electrons                 27.0000147498 
   Number of Beta  Electrons                 27.0000147498 
   Total number of  Electrons                54.0000294996 
   Exchange energy                          -28.6322848322 
   Correlation energy                        -2.2121132591 
   Correlation energy NL                      0.0000000000 
   Exchange-Correlation energy              -30.8443980913 
   Embedding correction                       0.0000000000 
   Total DFT Energy (No VdW correction)    -309.9629900331 
# -----------------------------------------------------------
$ VdW_Correction
   description: The Van der Waals Correction
   geom. index: 4
   prop. index: 1
        Van der Waals Correction:       -0.0252896697
# -----------------------------------------------------------
$ PAL_Flags
   description: The PAL Flags
   geom. index: 5
   prop. index: 1
        Diskflag:     2
# -----------------------------------------------------------
$ SCF_Energy
   description: The SCF energy
   geom. index: 5
   prop. index: 1
        SCF Energy:     -309.9629910531
# -----------------------------------------------------------
$ DFT_Energy
   description: The DFT energy
   geom. index: 5
   prop. index: 1
   Number of Alpha Electrons                 27.0000148756 
   Number of Beta  Electrons                 27.0000148756 
   Total number of  Electrons                54.0000297511 
   Exchange energy                          -28.6323440641 
   Correlation energy                        -2.2121204689 
   Correlation energy NL                      0.0000000000 
   Exchange-Correlation energy              -30.8444645330 
   Embedding correction                       0.0000000000 
   Total DFT Energy (No VdW correction)    -309.9629910531 
# -----------------------------------------------------------
$ Mayer_Pop
   description: The Mayer population analysis
   geom. index: 5
   prop. index: 1
     Number of atoms                     : 17
     Threshold for printing              : 0.1000000
     Number of bond orders printed       : 23
  NA   - Mulliken gross atomic population
  ZA   - Total nuclear charge
  QA   - Mulliken gross atomic charge
  VA   - Mayer's total valence
  BVA  - Mayer's bonded valence
  FA   - Mayer's free valence
  ATOM       NA         ZA         QA         VA         BVA        FA
  0   0     6.2550     6.0000    -0.2550     3.7279     3.7279     0.0000
  1   0     6.4890     6.0000    -0.4890     3.7547     3.7547    -0.0000
  2   0     5.6720     6.0000     0.3280     3.7999     3.7999    -0.0000
  3   0     6.4892     6.0000    -0.4892     3.7567     3.7567     0.0000
  4   0     6.2561     6.0000    -0.2561     3.5932     3.5932    -0.0000
  5   0     6.0258     6.0000    -0.0258     3.6990     3.6990    -0.0000
  6   0     8.3649     8.0000    -0.3649     1.6604     1.6604    -0.0000
  7   0     0.8489     1.0000     0.1511     0.9421     0.9421    -0.0000
  8   0     0.8530     1.0000     0.1470     0.9582     0.9582     0.0000
  9   0     0.8521     1.0000     0.1479     0.9559     0.9559    -0.0000
 10   0     0.8219     1.0000     0.1781     0.9433     0.9433    -0.0000
 11   0     0.8520     1.0000     0.1480     0.9558     0.9558     0.0000
 12   0     0.8217     1.0000     0.1783     0.9434     0.9434     0.0000
 13   0     0.8360     1.0000     0.1640     0.9339     0.9339     0.0000
 14   0     0.8360     1.0000     0.1640     0.9340     0.9340    -0.0000
 15   0     0.8632     1.0000     0.1368     0.9300     0.9300     0.0000
 16   0     0.8631     1.0000     0.1369     0.9300     0.9300     0.0000
      Bond orders larger than 0.1000000
           Atom A     A.N. of A          Atom B    A.N. of B              Bond order
                0             6               1            6                0.984628
                0             6               2            6               -0.215193
                0             6               3            6                0.984700
                0             6               7            1                0.983993
                0             6               8            1                0.958370
                1             6               2            6                0.893056
                1             6               3            6                0.123266
                1             6               6            8               -0.195085
                1             6               9            1                0.957302
                1             6              10            1                0.955780
                2             6               3            6                0.895535
                2             6               4            6                0.815940
                2             6               6            8                1.365603
                3             6               6            8               -0.195379
                3             6              11            1                0.957238
                3             6              12            1                0.955304
                4             6               5            6                0.916637
                4             6               6            8               -0.130822
                4             6              13            1                0.959131
                4             6              14            1                0.959133
                5             6               6            8                0.794861
                5             6              15            1                0.959330
                5             6              16            1                0.959346
# -----------------------------------------------------------
$ VdW_Correction
   description: The Van der Waals Correction
   geom. index: 5
   prop. index: 1
        Van der Waals Correction:       -0.0252894560
# -----------------------------------------------------------
$ SCF_Electric_Properties
   description: The SCF Calculated Electric Properties
   geom. index: 5
   prop. index: 1
       Filename                          : file.scfp 
       Do Dipole Moment Calculation      : true 
       Do Quadrupole Moment Calculation  : false 
       Do Polarizability Calculation     : false 
** Dipole moment part of electric properties **
        Magnitude of dipole moment (Debye) :        1.9370332545
        Electronic Contribution:
                  0    
      0       2.158154
      1       1.770636
      2       0.105645
        Nuclear Contribution:
                  0    
      0      -2.244015
      1      -2.503329
      2      -0.296806
        Total Dipole moment:
                  0    
      0      -0.085861
      1      -0.732693
      2      -0.191161
# -------------------------------------------------------------
----------------------- !GEOMETRIES! ------------------------
# -------------------------------------------------------------
------------------------ !GEOMETRY! -------------------------
    Number of atoms:    17 
    Geometry Index:     1 
    Coordinates:
               0 C     -1.901600000000    0.351800000000    0.447900000000
               1 C     -1.050600000000    0.513700000000   -0.815100000000
               2 C      0.163600000000    0.111500000000    0.001200000000
               3 C     -0.670300000000   -0.067600000000    1.256200000000
               4 C      1.071100000000   -0.990400000000   -0.474600000000
               5 C      2.116300000000    0.105800000000   -0.358900000000
               6 O      1.183100000000    1.070300000000    0.083100000000
               7 H     -2.649100000000   -0.466300000000    0.355500000000
               8 H     -2.330800000000    1.316300000000    0.797300000000
               9 H     -1.318600000000   -0.226200000000   -1.600500000000
              10 H     -1.007300000000    1.566500000000   -1.169800000000
              11 H     -0.731400000000   -1.123800000000    1.598100000000
              12 H     -0.415000000000    0.661300000000    2.056100000000
              13 H      0.889800000000   -1.303600000000   -1.525400000000
              14 H      1.218600000000   -1.806200000000    0.265600000000
              15 H      2.878100000000   -0.104300000000    0.424100000000
              16 H      2.554000000000    0.391000000000   -1.341000000000
------------------------ !GEOMETRY! -------------------------
    Number of atoms:    17 
    Geometry Index:     2 
    Coordinates:
               0 C     -1.954882588603    0.358047433425    0.459369425915
               1 C     -1.079543139484    0.517521695373   -0.813720286951
               2 C      0.161470628634    0.107626801581    0.000624111571
               3 C     -0.697383688065   -0.065937298286    1.266664720386
               4 C      1.102669335013   -0.998289918353   -0.482774817201
               5 C      2.173002502858    0.099850236296   -0.370728746442
               6 O      1.216900358185    1.070833473903    0.077523134243
               7 H     -2.713120454691   -0.427015402704    0.378421684228
               8 H     -2.396836484086    1.297920097947    0.804085079606
               9 H     -1.336440383889   -0.193265561289   -1.607424736786
              10 H     -1.024544580768    1.547430200842   -1.180701509446
              11 H     -0.742555699985   -1.100249829851    1.626423745376
              12 H     -0.429107521045    0.638332733662    2.060578102711
              13 H      0.917519928927   -1.329806911684   -1.508409685343
              14 H      1.236477320543   -1.817866189021    0.228812658094
              15 H      2.940826564641   -0.093824303306    0.389161553327
              16 H      2.625447901816    0.388492741465   -1.328104433289
------------------------ !GEOMETRY! -------------------------
    Number of atoms:    17 
    Geometry Index:     3 
    Coordinates:
               0 C     -1.973780407836    0.353455048031    0.461332693476
               1 C     -1.092739434566    0.522865274396   -0.807012038530
               2 C      0.153820446939    0.100365694027    0.000655841697
               3 C     -0.712085126171   -0.058903729975    1.268964187175
               4 C      1.115857468939   -0.997185505885   -0.484915799190
               5 C      2.194080601805    0.093429593979   -0.376631535711
               6 O      1.226284714930    1.062374723719    0.075021947611
               7 H     -2.739560520627   -0.423652327128    0.383937899649
               8 H     -2.445333976055    1.277331187728    0.806670524620
               9 H     -1.337255499141   -0.153443660393   -1.632806977847
              10 H     -1.017980220293    1.547023962486   -1.184207515172
              11 H     -0.732245146338   -1.078511455676    1.668005093226
              12 H     -0.422677565445    0.637502570084    2.061338072841
              13 H      0.919842660696   -1.359640799145   -1.497491054769
              14 H      1.232899945428   -1.838130308621    0.203685061565
              15 H      2.972165970617   -0.081659418586    0.375497514677
              16 H      2.658606087118    0.396579150960   -1.322243915321
------------------------ !GEOMETRY! -------------------------
    Number of atoms:    17 
    Geometry Index:     4 
    Coordinates:
               0 C     -1.975108533848    0.355139092746    0.462082924533
               1 C     -1.094826029882    0.522050038307   -0.806557861566
               2 C      0.150580212848    0.092315776204   -0.001158264179
               3 C     -0.714108742352   -0.059426834275    1.268727230980
               4 C      1.119515851785   -0.999804243706   -0.486452182242
               5 C      2.194650844498    0.093681722355   -0.376479871647
               6 O      1.222021019067    1.059799888458    0.075274423239
               7 H     -2.741099398037   -0.421843342093    0.384867438641
               8 H     -2.451693791862    1.276706632297    0.807725128820
               9 H     -1.343212568216   -0.144061242486   -1.640149636491
              10 H     -1.010284606528    1.546538798884   -1.181372501640
              11 H     -0.734259477359   -1.074486215076    1.680590040390
              12 H     -0.416081123339    0.639514696809    2.055941471372
              13 H      0.924482059822   -1.368399867928   -1.497481071900
              14 H      1.236204441937   -1.845185228426    0.197482630335
              15 H      2.973246751724   -0.075544020738    0.376709775301
              16 H      2.659873089744    0.402804348665   -1.319949673945
------------------------ !GEOMETRY! -------------------------
    Number of atoms:    17 
    Geometry Index:     5 
    Coordinates:
               0 C     -1.975107387382    0.355215739503    0.462111289700
               1 C     -1.094962923672    0.521627683157   -0.806669766671
               2 C      0.150116238160    0.091423714522   -0.001328307338
               3 C     -0.714223248119   -0.059821081896    1.268640337889
               4 C      1.119832250388   -0.999981619902   -0.486603531387
               5 C      2.194485904507    0.093722715462   -0.376421513222
               6 O      1.221449015350    1.059422181254    0.075331856401
               7 H     -2.741279369908   -0.421634154241    0.385003216141
               8 H     -2.451196422888    1.277043622951    0.807728012356
               9 H     -1.344698603596   -0.143543413648   -1.640654244857
              10 H     -1.009139271275    1.546342071309   -1.180563125888
              11 H     -0.735377340384   -1.074368996459    1.681794529805
              12 H     -0.415233923450    0.639953775628    2.054745694582
              13 H      0.925448827254   -1.368525395786   -1.497789747360
              14 H      1.237145346282   -1.845374497606    0.197231011707
              15 H      2.972963354470   -0.075079085790    0.376975956042
              16 H      2.659677554263    0.403376741542   -1.319731667901
