    43
     1   -0.303078   -4.346027   -0.983087      1
     2   -3.790603   -2.456710    1.539689      1
     3    3.075188   -3.158683    1.802391      1
     4    0.609581   -1.892952    3.541112      1
     5   -0.238634   -2.376606   -0.490848      1
     6    1.563553   -1.802294    1.747298      1
     7   -2.922788   -1.395470    0.038943      1
     8   -4.036162   -1.652513   -1.642999      1
     9    2.352550   -1.616147   -3.221923      1
    10    0.745024   -0.872517   -2.622906      1
    11   -2.450482    1.492914    2.503975      1
    12   -2.968638    1.288291    0.724783      1
    13    2.578686    0.882901    1.144364      1
    14    4.595750    0.863607    0.901715      1
    15    2.163462    2.223859    2.615890      1
    16    1.256202    1.570131   -1.378856      1
    17   -1.329505    2.811376   -0.909005      1
    18   -2.252714    3.055764   -2.704168      1
    19    2.387591    2.753969   -2.580407      1
    20   -1.101132    4.644478   -0.060965      1
    21   -0.277876   -3.622665   -0.801962      2
    22    2.515707   -2.653270    1.775880      2
    23   -3.464867   -2.064095    0.992622      2
    24    0.959485   -1.855337    2.872103      2
    25    0.653666   -2.098605    0.633399      2
    26   -1.589032   -1.876055   -0.214157      2
    27   -3.629198   -1.558593   -1.035909      2
    28    0.182636   -1.770294   -1.344202      2
    29   -2.909325   -0.321530    0.314851      2
    30    2.069773   -0.457046    1.455359      2
    31    1.965530   -1.434272   -3.065083      2
    32    1.190034   -0.512166   -0.271813      3
    33   -0.843315    0.174356   -0.645478      3
    34   -2.566593    1.439338    2.071005      2
    35    3.846219    0.866138    0.987204      2
    36    1.069798    0.572080   -1.871199      2
    37    2.311456    1.724897    2.067637      2
    38    1.917307    1.240168   -0.117206      2
    39   -1.961120    2.182290   -0.249280      2
    40   -0.047614    2.193797   -1.130634      2
    41    1.973252    2.318292   -2.138547      2
    42   -1.916327    2.963558   -2.055070      2
    43   -1.180913    3.966408   -0.366562      2
