-------------------------------------------------------------
----------------------- !PROPERTIES! ------------------------
-------------------------------------------------------------
# -----------------------------------------------------------
$ PAL_Flags
   description: The PAL Flags
   geom. index: 1
   prop. index: 1
        Diskflag:     2
# -----------------------------------------------------------
$ SCF_Energy
   description: The SCF energy
   geom. index: 1
   prop. index: 1
        SCF Energy:     -345.5146369209
# -----------------------------------------------------------
$ DFT_Energy
   description: The DFT energy
   geom. index: 1
   prop. index: 1
   Number of Alpha Electrons                 30.9999327276 
   Number of Beta  Electrons                 30.9999327276 
   Total number of  Electrons                61.9998654552 
   Exchange energy                          -32.3337600086 
   Correlation energy                        -2.5407664231 
   Correlation energy NL                      0.0000000000 
   Exchange-Correlation energy              -34.8745264317 
   Embedding correction                       0.0000000000 
   Total DFT Energy (No VdW correction)    -345.5146369209 
# -----------------------------------------------------------
$ Mayer_Pop
   description: The Mayer population analysis
   geom. index: 1
   prop. index: 1
     Number of atoms                     : 20
     Threshold for printing              : 0.1000000
     Number of bond orders printed       : 21
  NA   - Mulliken gross atomic population
  ZA   - Total nuclear charge
  QA   - Mulliken gross atomic charge
  VA   - Mayer's total valence
  BVA  - Mayer's bonded valence
  FA   - Mayer's free valence
  ATOM       NA         ZA         QA         VA         BVA        FA
  0   0     6.4484     6.0000    -0.4484     3.8294     3.8294    -0.0000
  1   0     6.4452     6.0000    -0.4452     3.8262     3.8262    -0.0000
  2   0     5.8467     6.0000     0.1533     3.3940     3.3940     0.0000
  3   0     6.4496     6.0000    -0.4496     3.8520     3.8520    -0.0000
  4   0     7.4009     7.0000    -0.4009     2.5856     2.5856    -0.0000
  5   0     6.4487     6.0000    -0.4487     3.8503     3.8503    -0.0000
  6   0     5.8451     6.0000     0.1549     3.3913     3.3913    -0.0000
  7   0     7.3621     7.0000    -0.3621     2.7151     2.7151    -0.0000
  8   0     0.8435     1.0000     0.1565     0.9555     0.9555    -0.0000
  9   0     0.8399     1.0000     0.1601     0.9532     0.9532    -0.0000
 10   0     0.8435     1.0000     0.1565     0.9554     0.9554    -0.0000
 11   0     0.8402     1.0000     0.1598     0.9534     0.9534    -0.0000
 12   0     0.8274     1.0000     0.1726     0.9300     0.9300    -0.0000
 13   0     0.8502     1.0000     0.1498     0.9400     0.9400    -0.0000
 14   0     0.8303     1.0000     0.1697     0.9324     0.9324    -0.0000
 15   0     0.6924     1.0000     0.3076     0.8456     0.8456    -0.0000
 16   0     0.8504     1.0000     0.1496     0.9402     0.9402    -0.0000
 17   0     0.8300     1.0000     0.1700     0.9321     0.9321    -0.0000
 18   0     0.8271     1.0000     0.1729     0.9299     0.9299    -0.0000
 19   0     0.6785     1.0000     0.3215     0.8170     0.8170    -0.0000
      Bond orders larger than 0.1000000
           Atom A     A.N. of A          Atom B    A.N. of B              Bond order
                0             6               1            6                0.913399
                0             6               6            6                0.891983
                0             6               8            1                1.002994
                0             6               9            1                0.982837
                1             6               2            6                0.892139
                1             6              10            1                1.002676
                1             6              11            1                0.983412
                2             6               3            6                0.834098
                2             6               7            7                1.041337
                2             6              12            1                0.843522
                3             6               4            7                0.940172
                3             6              13            1                0.999428
                3             6              14            1                1.005714
                4             7               5            6                0.939695
                4             7              15            1                0.879833
                5             6               6            6                0.832489
                5             6              16            1                0.999480
                5             6              17            1                1.005690
                6             6               7            7                1.042145
                6             6              18            1                0.843162
                7             7              19            1                0.858246
# -----------------------------------------------------------
$ VdW_Correction
   description: The Van der Waals Correction
   geom. index: 1
   prop. index: 1
        Van der Waals Correction:       -0.0363110142
# -----------------------------------------------------------
$ Hessian
   description: Details about the Hessian
   geom. index: 1
   prop. index: 1
Normal modes:
Number of Rows: 60 Number of Columns: 60
                  0          1          2          3          4          5    
      0       0.000000   0.000000   0.000000   0.000000   0.000000   0.000000
      1       0.000000   0.000000   0.000000   0.000000   0.000000   0.000000
      2       0.000000   0.000000   0.000000   0.000000   0.000000   0.000000
      3       0.000000   0.000000   0.000000   0.000000   0.000000   0.000000
      4       0.000000   0.000000   0.000000   0.000000   0.000000   0.000000
      5       0.000000   0.000000   0.000000   0.000000   0.000000   0.000000
      6       0.000000   0.000000   0.000000   0.000000   0.000000   0.000000
      7       0.000000   0.000000   0.000000   0.000000   0.000000   0.000000
      8       0.000000   0.000000   0.000000   0.000000   0.000000   0.000000
      9       0.000000   0.000000   0.000000   0.000000   0.000000   0.000000
     10       0.000000   0.000000   0.000000   0.000000   0.000000   0.000000
     11       0.000000   0.000000   0.000000   0.000000   0.000000   0.000000
     12       0.000000   0.000000   0.000000   0.000000   0.000000   0.000000
     13       0.000000   0.000000   0.000000   0.000000   0.000000   0.000000
     14       0.000000   0.000000   0.000000   0.000000   0.000000   0.000000
     15       0.000000   0.000000   0.000000   0.000000   0.000000   0.000000
     16       0.000000   0.000000   0.000000   0.000000   0.000000   0.000000
     17       0.000000   0.000000   0.000000   0.000000   0.000000   0.000000
     18       0.000000   0.000000   0.000000   0.000000   0.000000   0.000000
     19       0.000000   0.000000   0.000000   0.000000   0.000000   0.000000
     20       0.000000   0.000000   0.000000   0.000000   0.000000   0.000000
     21       0.000000   0.000000   0.000000   0.000000   0.000000   0.000000
     22       0.000000   0.000000   0.000000   0.000000   0.000000   0.000000
     23       0.000000   0.000000   0.000000   0.000000   0.000000   0.000000
     24       0.000000   0.000000   0.000000   0.000000   0.000000   0.000000
     25       0.000000   0.000000   0.000000   0.000000   0.000000   0.000000
     26       0.000000   0.000000   0.000000   0.000000   0.000000   0.000000
     27       0.000000   0.000000   0.000000   0.000000   0.000000   0.000000
     28       0.000000   0.000000   0.000000   0.000000   0.000000   0.000000
     29       0.000000   0.000000   0.000000   0.000000   0.000000   0.000000
     30       0.000000   0.000000   0.000000   0.000000   0.000000   0.000000
     31       0.000000   0.000000   0.000000   0.000000   0.000000   0.000000
     32       0.000000   0.000000   0.000000   0.000000   0.000000   0.000000
     33       0.000000   0.000000   0.000000   0.000000   0.000000   0.000000
     34       0.000000   0.000000   0.000000   0.000000   0.000000   0.000000
     35       0.000000   0.000000   0.000000   0.000000   0.000000   0.000000
     36       0.000000   0.000000   0.000000   0.000000   0.000000   0.000000
     37       0.000000   0.000000   0.000000   0.000000   0.000000   0.000000
     38       0.000000   0.000000   0.000000   0.000000   0.000000   0.000000
     39       0.000000   0.000000   0.000000   0.000000   0.000000   0.000000
     40       0.000000   0.000000   0.000000   0.000000   0.000000   0.000000
     41       0.000000   0.000000   0.000000   0.000000   0.000000   0.000000
     42       0.000000   0.000000   0.000000   0.000000   0.000000   0.000000
     43       0.000000   0.000000   0.000000   0.000000   0.000000   0.000000
     44       0.000000   0.000000   0.000000   0.000000   0.000000   0.000000
     45       0.000000   0.000000   0.000000   0.000000   0.000000   0.000000
     46       0.000000   0.000000   0.000000   0.000000   0.000000   0.000000
     47       0.000000   0.000000   0.000000   0.000000   0.000000   0.000000
     48       0.000000   0.000000   0.000000   0.000000   0.000000   0.000000
     49       0.000000   0.000000   0.000000   0.000000   0.000000   0.000000
     50       0.000000   0.000000   0.000000   0.000000   0.000000   0.000000
     51       0.000000   0.000000   0.000000   0.000000   0.000000   0.000000
     52       0.000000   0.000000   0.000000   0.000000   0.000000   0.000000
     53       0.000000   0.000000   0.000000   0.000000   0.000000   0.000000
     54       0.000000   0.000000   0.000000   0.000000   0.000000   0.000000
     55       0.000000   0.000000   0.000000   0.000000   0.000000   0.000000
     56       0.000000   0.000000   0.000000   0.000000   0.000000   0.000000
     57       0.000000   0.000000   0.000000   0.000000   0.000000   0.000000
     58       0.000000   0.000000   0.000000   0.000000   0.000000   0.000000
     59       0.000000   0.000000   0.000000   0.000000   0.000000   0.000000
                  6          7          8          9         10         11    
      0       0.109950   0.159423  -0.091379   0.085221   0.054861  -0.000684
      1      -0.120191  -0.063554  -0.030390  -0.045997  -0.015696  -0.120278
      2      -0.084940  -0.017385   0.007264  -0.029215   0.043383   0.116187
      3      -0.147822   0.158664   0.049024   0.089771   0.057205  -0.092899
      4       0.020722  -0.064765  -0.081176  -0.034092  -0.008760  -0.125353
      5       0.107367  -0.016858   0.017882  -0.031878   0.041197  -0.061251
      6      -0.011467   0.006093   0.034086  -0.039364   0.008756  -0.196095
      7      -0.009264   0.014947   0.056142  -0.011261   0.058537   0.019854
      8       0.012206   0.080291   0.052830   0.037533   0.064211   0.000882
      9      -0.009054   0.012720  -0.055208  -0.134275  -0.018311  -0.113157
     10       0.019079   0.059791  -0.053636  -0.085371  -0.002054   0.184422
     11      -0.096986   0.020608  -0.114714  -0.031933  -0.111842  -0.025463
     12       0.026383  -0.222526   0.002527  -0.105457   0.149094   0.030723
     13       0.069211   0.033661   0.006545   0.064031  -0.059992   0.083355
     14      -0.015456  -0.225322  -0.001489   0.107067  -0.017188  -0.018605
     15       0.032853  -0.025254   0.024325  -0.052369  -0.027150   0.206885
     16       0.043737  -0.040581  -0.028049   0.130761  -0.028740   0.062566
     17       0.082813   0.043442   0.133143  -0.080478  -0.105948  -0.029056
     18       0.001073   0.006598   0.002197  -0.017399  -0.020200   0.161667
     19      -0.018138   0.016304   0.039572   0.046759  -0.021582  -0.111143
     20      -0.006144   0.079964  -0.074432   0.024448   0.082237   0.018907
     21      -0.003295  -0.082593   0.039669   0.154735  -0.203662  -0.011274
     22      -0.008820   0.044731   0.104793  -0.049273   0.095033  -0.032680
     23       0.001942   0.059707  -0.023603   0.041325   0.080036   0.006856
     24       0.214737   0.135724  -0.152094   0.063642   0.050560   0.018753
     25      -0.008507  -0.094825  -0.094817  -0.075603  -0.022506  -0.090355
     26      -0.352184  -0.158918   0.156094  -0.178423  -0.026633   0.403474
     27       0.253463   0.278325  -0.224523   0.204030   0.122307  -0.210554
     28      -0.376601  -0.088756   0.057822  -0.085262  -0.035549   0.027630
     29      -0.018829   0.044600  -0.060524   0.033017   0.080189   0.011482
     30      -0.118384   0.140359   0.033042   0.070851   0.048006  -0.129606
     31       0.263521  -0.081536  -0.219349  -0.056763  -0.028412  -0.200921
     32       0.295103  -0.161146  -0.085293  -0.182682  -0.027983  -0.337504
     33      -0.429309   0.273352   0.215801   0.213949   0.128188   0.174667
     34      -0.086225  -0.100049  -0.080487  -0.059530  -0.024215  -0.119017
     35       0.122951   0.047382   0.065592   0.027265   0.077483   0.008407
     36       0.060666  -0.015764   0.051564  -0.115126   0.065575  -0.115981
     37      -0.043905   0.009581   0.102165   0.072021  -0.034334  -0.016815
     38       0.051908   0.050907   0.114820   0.043944   0.026728   0.043460
     39      -0.026235  -0.009842  -0.234191  -0.189850  -0.257104  -0.014642
     40       0.063781  -0.009565   0.071011   0.042595   0.120610   0.145194
     41      -0.181083   0.169820  -0.308048  -0.274019  -0.280606   0.025325
     42      -0.008809   0.202041  -0.006586  -0.149247  -0.000524  -0.159427
     43      -0.079901   0.225438  -0.336656  -0.350398  -0.311507   0.279019
     44      -0.115431  -0.042111  -0.193053  -0.077100  -0.178967   0.012784
     45       0.050424  -0.460521   0.042397   0.040117   0.300698   0.044607
     46       0.132092   0.135680   0.112126   0.003510  -0.124531   0.122221
     47      -0.029646  -0.172965  -0.025221   0.082989  -0.049379  -0.027140
     48       0.086213   0.023011   0.267034  -0.210084  -0.311026   0.102665
     49       0.094588   0.076844   0.015452  -0.011524  -0.023531   0.079369
     50       0.145260   0.150721   0.288712  -0.261534  -0.248481  -0.073450
     51      -0.027555   0.004390  -0.181146   0.097806   0.173735   0.294674
     52      -0.015659  -0.296282  -0.158725   0.301955   0.143578   0.080975
     53       0.136939   0.075597   0.304692  -0.223700  -0.281888  -0.091443
     54      -0.081390  -0.010978   0.009334  -0.126944   0.075938   0.070448
     55      -0.010730   0.022750   0.058363   0.041031  -0.008985  -0.101232
     56      -0.039700   0.047814  -0.151041   0.050867   0.020735  -0.017130
     57      -0.003119  -0.112314   0.033370   0.231304  -0.295369   0.062624
     58      -0.008390   0.039119   0.088179  -0.036637   0.080471   0.161353
     59       0.001906  -0.015064  -0.019892   0.226212  -0.142242  -0.035771
                 12         13         14         15         16         17    
      0       0.041975   0.013229  -0.082035   0.111862   0.065840  -0.056814
      1       0.024170  -0.137803   0.043239  -0.039635   0.017901   0.046902
      2       0.069796   0.173174  -0.067195   0.115644   0.133575   0.012905
      3       0.026563  -0.122159  -0.099624  -0.126857   0.057066  -0.071085
      4      -0.016597  -0.149885  -0.002413   0.000601  -0.003411   0.009186
      5       0.079008  -0.108340  -0.057126  -0.107714   0.137828   0.021362
      6       0.050673   0.137628  -0.105643  -0.084206  -0.101666   0.013121
      7      -0.116896   0.097106  -0.035540  -0.005352  -0.071934  -0.027053
      8       0.010933  -0.244590   0.091746   0.049306   0.016712   0.018083
      9       0.021364  -0.017337   0.073114   0.139551  -0.087053   0.073217
     10      -0.122445  -0.021783  -0.190780  -0.131830  -0.022450   0.043141
     11       0.033750  -0.034031   0.063318   0.003548  -0.029956  -0.050752
     12      -0.138665  -0.035688   0.090328   0.019589   0.079096  -0.102555
     13       0.065493  -0.094468  -0.055616   0.052991  -0.043500   0.054831
     14       0.057719   0.021185  -0.095052  -0.011535  -0.060980   0.070682
     15       0.098709   0.004214   0.185228  -0.190093  -0.057356   0.021073
     16       0.081807  -0.012683   0.106378  -0.002520   0.059116  -0.094790
     17      -0.012224   0.041830  -0.003431   0.026838  -0.048101  -0.019816
     18       0.114168  -0.008083  -0.044507   0.053790  -0.028859   0.029688
     19       0.050868   0.245155   0.125365  -0.076622   0.118730   0.016836
     20      -0.026829   0.167596   0.055328  -0.030919  -0.026599   0.008300
     21      -0.137472   0.040460  -0.034836   0.044762   0.005859  -0.004495
     22       0.013207   0.106729   0.023494   0.118278  -0.036866  -0.001202
     23      -0.172700  -0.024125   0.045281  -0.026165  -0.155799  -0.012912
     24       0.019087  -0.019809  -0.046064   0.217875   0.038542   0.085756
     25       0.004914  -0.180563   0.081739   0.083468  -0.021180   0.200906
     26       0.292915  -0.055509  -0.352385   0.293739  -0.059420  -0.360629
     27      -0.180914   0.166029   0.079464   0.072602   0.150082   0.149827
     28       0.097250  -0.155273  -0.142412   0.092722  -0.142732  -0.337747
     29      -0.045516   0.253324   0.005996   0.102029   0.174109   0.103020
     30       0.053245  -0.091519  -0.137511  -0.154497   0.033359  -0.113732
     31       0.095025  -0.113302  -0.158526   0.084356  -0.031992  -0.325883
     32       0.272691   0.121671  -0.299063  -0.330460  -0.059001  -0.241709
     33      -0.205649  -0.260844   0.151693  -0.012694   0.229560   0.342447
     34       0.032008  -0.094983   0.048100   0.069507   0.067204   0.171592
     35      -0.030786  -0.196887  -0.037038  -0.139423   0.126306  -0.011678
     36       0.006208   0.234082  -0.204333  -0.118677  -0.094023   0.122898
     37      -0.029844   0.123891   0.087963   0.163882   0.028743  -0.063793
     38       0.054563  -0.126519   0.125725   0.183468   0.125351   0.091574
     39       0.028083  -0.002124   0.098211   0.259409   0.075939   0.166949
     40      -0.035118  -0.119338  -0.193240  -0.135494  -0.177900   0.060314
     41      -0.148369   0.155679   0.046508  -0.032017   0.233004  -0.110070
     42       0.070745  -0.171865   0.181106   0.215783  -0.117363   0.074218
     43      -0.298417   0.169667  -0.185286  -0.101232   0.323484   0.017798
     44      -0.023658   0.081576   0.007075  -0.027099   0.051228  -0.048978
     45      -0.206361  -0.031880  -0.301289   0.018071   0.417979   0.333581
     46       0.096118  -0.084321   0.107947   0.051369  -0.188344  -0.125934
     47       0.079837   0.018915  -0.027145  -0.010903  -0.134265   0.001973
     48       0.022474  -0.096063   0.203384  -0.280319   0.201922   0.073012
     49      -0.050011  -0.140209   0.085877   0.083602   0.160301  -0.188004
     50      -0.144943  -0.096927  -0.016099   0.042054   0.157249  -0.054050
     51       0.239591   0.226403   0.255663  -0.222618  -0.288499   0.038075
     52       0.147570  -0.025395   0.013018   0.079640  -0.123895  -0.077850
     53      -0.123986  -0.113903  -0.037412   0.031057   0.152286  -0.027490
     54       0.031325  -0.081464  -0.192982   0.168861  -0.070689   0.147099
     55       0.036763   0.279923   0.117503  -0.034620   0.087101  -0.000312
     56       0.039622   0.035768   0.118607  -0.213659   0.110888   0.077459
     57      -0.252284  -0.026528   0.016963   0.085328   0.054209  -0.042219
     58      -0.009097  -0.070069   0.032578   0.225646  -0.031204  -0.007462
     59      -0.464813   0.015620   0.172124  -0.050583  -0.051432  -0.104016
                 18         19         20         21         22         23    
      0       0.020755   0.016526   0.037426  -0.027175   0.044088  -0.069755
      1      -0.028498  -0.000191   0.083012   0.030825   0.125574  -0.007374
      2      -0.020816   0.094063  -0.094639  -0.065537  -0.054314  -0.023551
      3       0.030910  -0.026236  -0.037535  -0.049585  -0.054016   0.051708
      4      -0.001830  -0.025465  -0.115364  -0.028183  -0.133222  -0.040179
      5      -0.026876  -0.088563  -0.049576  -0.052204   0.003955   0.034216
      6      -0.061669   0.034068  -0.033349   0.097173  -0.006161  -0.084060
      7      -0.051915  -0.011329  -0.004198   0.039578  -0.132706   0.050498
      8      -0.004357   0.035105   0.115403   0.027764   0.010840  -0.092521
      9       0.045865   0.008721   0.032099  -0.067445  -0.066156   0.027095
     10      -0.040829   0.067417   0.074883  -0.064651   0.024933  -0.043216
     11      -0.044627   0.102115  -0.006878   0.044580  -0.045099   0.071287
     12      -0.074418   0.003249   0.008265  -0.039768   0.056142   0.033501
     13       0.032877   0.008509  -0.001711   0.003196  -0.014673   0.088464
     14       0.020668  -0.001992   0.006162  -0.052256   0.028849  -0.020000
     15       0.054344   0.021461  -0.024073  -0.003851  -0.072652  -0.058021
     16      -0.018414   0.012486  -0.073638   0.103326   0.008066  -0.038587
     17      -0.049741  -0.119972   0.027004   0.007070  -0.041489  -0.052759
     18      -0.014472  -0.038060  -0.006105   0.052586   0.081258   0.108979
     19       0.072594   0.000819   0.067470  -0.078013   0.097766   0.015349
     20      -0.032379  -0.032310   0.099441   0.054135  -0.040974   0.077754
     21      -0.025336  -0.010045   0.000663   0.025467   0.030161  -0.000231
     22       0.038972  -0.026642  -0.031463  -0.002837   0.018617  -0.000679
     23       0.130763   0.005706  -0.139186   0.029872   0.134188   0.000080
     24      -0.111911   0.050174  -0.095514   0.041179   0.008428  -0.145223
     25      -0.172027   0.031604  -0.057592   0.115438   0.090282  -0.098629
     26       0.185108  -0.060530   0.075148  -0.005600  -0.086726  -0.228132
     27      -0.110138   0.221822  -0.006947  -0.022391   0.077492  -0.055367
     28       0.201621   0.018093   0.369270   0.037395   0.203651  -0.206465
     29      -0.079037   0.203730  -0.110085  -0.062265  -0.042816  -0.026507
     30       0.050566  -0.009502  -0.025140  -0.042822  -0.063336   0.080373
     31       0.256788   0.076387   0.127331  -0.106097  -0.099124  -0.072524
     32       0.088668   0.036511   0.033583   0.043831  -0.044101   0.266699
     33      -0.222914  -0.186976  -0.254432  -0.049309  -0.076304  -0.085152
     34      -0.096032   0.075136  -0.286650  -0.034398  -0.203040  -0.164383
     35      -0.012126  -0.224769   0.038387  -0.045944   0.048948   0.109981
     36      -0.138019   0.057029   0.093495   0.111557   0.185018  -0.374679
     37      -0.090424  -0.044246   0.090607   0.113985  -0.289656   0.165685
     38      -0.114875   0.026919   0.340404   0.119883   0.057523  -0.272595
     39       0.233342  -0.267719  -0.055537  -0.212727   0.096817   0.077067
     40      -0.105036   0.273282   0.127953  -0.133226  -0.035548   0.057793
     41       0.024492  -0.224266  -0.081888   0.234853   0.023212  -0.150714
     42       0.063277   0.056241   0.135570   0.002310  -0.175242  -0.012215
     43       0.106152  -0.389882  -0.044061   0.055842   0.137785  -0.216277
     44      -0.017975  -0.011175  -0.078493   0.037532   0.027165   0.053322
     45       0.581310  -0.062930   0.206964   0.549209  -0.382354  -0.003672
     46      -0.240914  -0.168001  -0.084098  -0.243374   0.167121  -0.010364
     47      -0.092014   0.037579  -0.027555  -0.157578   0.099078   0.002195
     48       0.247505   0.408142  -0.136702  -0.044142   0.099601  -0.000526
     49      -0.067821   0.099468  -0.082442   0.313088  -0.028447   0.145401
     50       0.016246   0.140594  -0.035239   0.134038   0.021873   0.105345
     51      -0.022034  -0.288244   0.121153  -0.027918  -0.217198  -0.135397
     52      -0.118744  -0.223511  -0.085059  -0.024341   0.028110  -0.173715
     53       0.032666   0.149108  -0.069763   0.055574   0.051973   0.034592
     54      -0.063694  -0.075146   0.062563   0.029251   0.333510   0.428411
     55       0.105378  -0.003972   0.007787  -0.102601   0.099950  -0.023486
     56      -0.159007  -0.014743   0.359446   0.168378  -0.029867   0.241061
     57      -0.023524  -0.004818   0.206258  -0.155769  -0.208215   0.050679
     58       0.043532  -0.013546  -0.005333  -0.031045  -0.011620   0.133878
     59       0.154076   0.003380   0.323123  -0.400036  -0.400931  -0.030336
                 24         25         26         27         28         29    
      0      -0.090931  -0.026855   0.037062  -0.037552   0.018781   0.036727
      1       0.048345  -0.068059   0.086297   0.014817   0.052555  -0.012098
      2       0.067741  -0.019770   0.001091  -0.022122   0.020504  -0.054924
      3       0.090059   0.020004  -0.026364   0.041133  -0.016022  -0.027738
      4      -0.050640   0.055424  -0.081379  -0.005427  -0.039691   0.035644
      5      -0.067207  -0.047696   0.038795   0.019904   0.041206   0.049576
      6      -0.017045   0.008284   0.027068  -0.077284  -0.068397   0.025331
      7      -0.066474  -0.123409  -0.000021  -0.084406  -0.036636  -0.135456
      8       0.054416   0.048316  -0.058678  -0.034888  -0.048868  -0.054782
      9      -0.069979  -0.036883  -0.010349   0.100839   0.037047  -0.079003
     10      -0.012878   0.050176  -0.033104   0.100596   0.061031  -0.031757
     11      -0.030929   0.043413   0.024868  -0.079029   0.087731   0.076127
     12       0.018039   0.023912  -0.022424  -0.079309   0.000339   0.048045
     13       0.047543  -0.016927   0.004831  -0.209413  -0.016172   0.126633
     14      -0.010671  -0.035348  -0.015839   0.047185  -0.071079  -0.028513
     15       0.049436  -0.053653   0.016649  -0.001693   0.001893   0.028900
     16      -0.041366   0.005820   0.038430   0.161484  -0.031533  -0.100134
     17       0.043012   0.053416   0.008848   0.019961   0.108624  -0.046441
     18      -0.037017   0.091532   0.012266   0.010333  -0.035585  -0.097245
     19      -0.076186   0.096284  -0.039293  -0.092622   0.049638  -0.054542
     20      -0.022332  -0.001246  -0.049801   0.074800  -0.068298   0.097521
     21       0.027255  -0.011306  -0.072531   0.048681   0.072646   0.059847
     22       0.071961   0.005742   0.026862   0.128552  -0.022431   0.158034
     23      -0.016119   0.006860  -0.002656  -0.028820   0.022631  -0.035452
     24      -0.075732  -0.014772   0.205147  -0.059106   0.066427  -0.016098
     25       0.052665  -0.054449   0.279561  -0.010345   0.109720  -0.063791
     26      -0.354955  -0.001599   0.048584  -0.090133   0.010278   0.126828
     27       0.345445  -0.330980   0.080838   0.035995   0.105339  -0.019929
     28      -0.043907  -0.366199   0.013969  -0.022949   0.100071   0.190883
     29       0.292271  -0.195140   0.017249   0.016572   0.068160  -0.075755
     30       0.141584   0.023200  -0.014435   0.051250  -0.017512  -0.046265
     31       0.121426   0.045692  -0.300476  -0.010030  -0.112197  -0.102113
     32       0.315602  -0.023796   0.179411   0.094549   0.060497  -0.088852
     33      -0.331984  -0.047374   0.054732  -0.044542   0.025978   0.146797
     34       0.078864   0.383526  -0.054331   0.001641  -0.108830   0.145466
     35      -0.299792  -0.364086   0.032562  -0.012314   0.115087  -0.000675
     36      -0.106732   0.090957   0.080270  -0.018084  -0.269634   0.191371
     37       0.044423  -0.260916  -0.174106  -0.278011  -0.013519  -0.270932
     38       0.075520  -0.000176  -0.179407  -0.173450  -0.223482  -0.019103
     39       0.040662  -0.239708  -0.104349   0.174508  -0.219038   0.112154
     40      -0.102952   0.089166  -0.037901   0.140184   0.198575   0.021852
     41       0.120584   0.030428   0.058229  -0.193878  -0.109885  -0.091009
     42       0.033151   0.050039  -0.050942   0.034691   0.163006  -0.400883
     43       0.202135  -0.061957  -0.034518  -0.061218  -0.252641  -0.125057
     44      -0.043282  -0.023063   0.045029  -0.071680  -0.038657   0.218243
     45       0.076568   0.112447   0.087005  -0.138534   0.234165  -0.003891
     46       0.203351  -0.054462  -0.040602  -0.365286  -0.113527  -0.010103
     47      -0.045603  -0.053785  -0.033406   0.082276  -0.109763   0.002292
     48      -0.112897  -0.234423  -0.046878  -0.015720  -0.308069  -0.058292
     49      -0.089193   0.103050   0.113770   0.277642  -0.036369   0.120558
     50      -0.077330   0.027058   0.024111   0.099492  -0.056926   0.059245
     51       0.108948   0.074067  -0.010471  -0.055335   0.278701   0.194175
     52       0.173905   0.001688   0.072782   0.007602   0.052489  -0.421398
     53      -0.041243  -0.037377   0.020989   0.083762  -0.107412  -0.095445
     54       0.098655   0.235316   0.146144  -0.137129  -0.228302  -0.315148
     55      -0.066169   0.118392  -0.001036  -0.133548   0.095895  -0.053909
     56      -0.070723  -0.085708  -0.218384   0.266306  -0.248246   0.091437
     57       0.052286   0.077114   0.221185   0.171321  -0.103109   0.063556
     58       0.138427   0.018428   0.068870   0.452625  -0.042936   0.167818
     59      -0.031421   0.212371   0.677623  -0.102021  -0.365337  -0.037614
                 30         31         32         33         34         35    
      0      -0.040763  -0.023524   0.037926   0.064492  -0.015512  -0.026977
      1      -0.016519   0.014244  -0.040344   0.057989   0.027515  -0.039871
      2       0.023637   0.003841  -0.052189   0.018327  -0.014974  -0.009106
      3      -0.017220   0.026351  -0.046916   0.014832   0.031335  -0.003554
      4       0.045973  -0.006716   0.016410  -0.073268   0.014003  -0.040685
      5       0.009730  -0.005569   0.057591   0.047831   0.005794   0.027358
      6       0.013289  -0.001966   0.004132  -0.042813  -0.087716  -0.007614
      7      -0.010720   0.009687  -0.017542   0.032417   0.019479   0.109498
      8      -0.018871   0.007725  -0.012901  -0.074010  -0.058060   0.078614
      9       0.012871  -0.003786  -0.005203   0.036405   0.051784   0.032597
     10      -0.014540   0.014336   0.018015  -0.006803  -0.022192  -0.034918
     11       0.031509  -0.011764  -0.001287   0.035599  -0.001467  -0.026955
     12      -0.021963  -0.008057  -0.007393  -0.020245   0.007640   0.006747
     13       0.003568  -0.021315  -0.019513  -0.005191   0.020273   0.017813
     14      -0.021297   0.004800   0.004362  -0.057291  -0.004476  -0.003763
     15       0.023554   0.013586   0.015604   0.037116  -0.053066  -0.043096
     16       0.013478   0.011773   0.009325  -0.005197   0.018344   0.007291
     17       0.025158   0.005904  -0.004825   0.035245   0.002211   0.032986
     18       0.014017   0.006556  -0.012579  -0.063770   0.087203   0.064100
     19      -0.008372   0.002339  -0.004355  -0.022509  -0.020726   0.039333
     20      -0.019288  -0.010341   0.017815  -0.061897   0.058234  -0.112361
     21      -0.008782  -0.011011  -0.002015   0.004267  -0.015882  -0.018543
     22      -0.001421  -0.029084  -0.005404   0.008947  -0.041952  -0.048868
     23      -0.021561   0.006497   0.001226   0.046815   0.009471   0.011030
     24      -0.284972   0.014130  -0.211371  -0.119745  -0.133173   0.003102
     25      -0.302765   0.056859  -0.322937  -0.155911  -0.107070  -0.009962
     26      -0.184361  -0.038805  -0.008750  -0.033394  -0.135068  -0.018222
     27       0.233338   0.033107   0.219703  -0.215621   0.039516   0.231892
     28       0.196597  -0.018473   0.433360  -0.219914   0.054409   0.265408
     29       0.178901   0.030765   0.061489  -0.139912   0.012167   0.138016
     30      -0.050934   0.030869  -0.042952   0.003088   0.052321  -0.006221
     31       0.315337   0.061961  -0.349034   0.169391  -0.104737   0.002561
     32      -0.323769   0.012109   0.160173  -0.107262   0.181647   0.019266
     33       0.078550  -0.041254   0.099063  -0.044538   0.002417  -0.027469
     34      -0.212761  -0.003189   0.409116   0.232490   0.058070   0.274226
     35       0.271009  -0.025815  -0.251429  -0.241915  -0.038258  -0.259383
     36       0.240665   0.041017  -0.173399   0.226019   0.396281   0.051838
     37      -0.255416   0.249945   0.223772   0.143966  -0.020591  -0.307336
     38      -0.032523   0.290977   0.046436   0.306934   0.394302  -0.277727
     39      -0.130166   0.383162  -0.000813   0.064002  -0.254268   0.070711
     40       0.000291   0.056259   0.031370   0.065440  -0.031738  -0.052518
     41       0.041260  -0.215602  -0.024524  -0.119801   0.105725  -0.000897
     42      -0.068323  -0.284276   0.114281  -0.286074  -0.051607  -0.312551
     43      -0.085493  -0.039950   0.028527  -0.127209  -0.032861   0.011616
     44       0.060210   0.121678  -0.061794   0.175597   0.049760   0.163332
     45       0.055989  -0.072883   0.002131   0.067837   0.005529  -0.036730
     46      -0.028272  -0.192352   0.005425  -0.041374   0.014954  -0.096138
     47      -0.031149   0.043287  -0.001276  -0.068955  -0.003244   0.021947
     48      -0.093141  -0.224396   0.024122  -0.010606   0.157268  -0.087710
     49       0.098026   0.362155   0.029624  -0.129225  -0.221664   0.011469
     50       0.019322   0.121375   0.010621  -0.075621  -0.048291   0.011081
     51       0.011184   0.173345  -0.059874  -0.110996   0.011049   0.222589
     52       0.123418  -0.253389   0.115277   0.333042  -0.073991  -0.254593
     53       0.013010  -0.055785   0.029502   0.071675  -0.025626  -0.109758
     54       0.340323   0.086000   0.266960   0.124195  -0.370289  -0.195080
     55       0.007407   0.085058   0.023467  -0.125071   0.088628  -0.070084
     56      -0.091596  -0.366518  -0.101847   0.368498  -0.409195   0.362784
     57       0.026216  -0.079005  -0.023289  -0.026776   0.092333   0.065368
     58       0.002979  -0.208649  -0.061390   0.009163   0.243837   0.172537
     59       0.057133   0.046939   0.013664  -0.003321  -0.054885  -0.038651
                 36         37         38         39         40         41    
      0      -0.045817   0.073686   0.009735  -0.060457  -0.002608   0.036140
      1      -0.073473   0.049464   0.067228  -0.042114   0.014194   0.033031
      2      -0.022350   0.053380   0.008947  -0.043764   0.004985  -0.007627
      3       0.008539  -0.032334  -0.033468   0.026037  -0.010261   0.005420
      4       0.070357   0.059636  -0.049209  -0.049421  -0.006038  -0.048120
      5      -0.054875  -0.077693   0.036234   0.063936   0.009557   0.010623
      6       0.007421  -0.005526   0.104955  -0.027357   0.031551  -0.043184
      7      -0.024036   0.039892  -0.021650   0.041865  -0.001028   0.116560
      8       0.039247   0.037364   0.045145  -0.051161  -0.047268   0.079579
      9      -0.011442  -0.052889  -0.015656  -0.062504  -0.110550  -0.010621
     10       0.017664  -0.012333   0.018936  -0.011163   0.012478  -0.020705
     11       0.032987   0.020406  -0.000349   0.051507   0.063240   0.008794
     12      -0.000759  -0.004270   0.001944  -0.006486   0.027357  -0.004620
     13      -0.017510  -0.011255  -0.007319  -0.017015  -0.015015  -0.001546
     14      -0.079482   0.002680  -0.028556   0.004118  -0.020825  -0.014726
     15      -0.015351   0.029456  -0.023415   0.033475  -0.082876   0.006284
     16       0.007545  -0.049612  -0.004094  -0.066576   0.085531   0.023958
     17       0.035287  -0.006597   0.004005  -0.034106   0.046753  -0.001238
     18       0.027110   0.024285   0.100838   0.052930   0.017910  -0.095244
     19       0.026460   0.009140  -0.034375   0.030809  -0.037157  -0.021180
     20       0.027495  -0.048589   0.048736   0.034083  -0.039020   0.110374
     21      -0.008253  -0.004513  -0.024847  -0.001729  -0.018109   0.044681
     22       0.000747  -0.011818   0.006187  -0.005171   0.010495  -0.030372
     23      -0.009663   0.002693  -0.014082   0.001274   0.016185  -0.059480
     24       0.185022  -0.278577  -0.211672   0.186337  -0.081840  -0.012062
     25       0.192433  -0.362674  -0.182446   0.248702  -0.082351  -0.012211
     26       0.130938  -0.145745  -0.231460   0.041675  -0.010260   0.014789
     27       0.137608  -0.120807  -0.083482   0.111460   0.050567  -0.162165
     28       0.132998  -0.127140  -0.028205   0.183692  -0.035861  -0.114905
     29       0.086159  -0.055605  -0.052290   0.050170   0.036134  -0.116066
     30       0.037315   0.002063  -0.077954   0.011574  -0.011373   0.000694
     31      -0.199624  -0.365129   0.175567   0.267188   0.103657   0.021396
     32       0.220679   0.308202  -0.314129  -0.153243  -0.052079   0.007228
     33       0.032592   0.019010  -0.052588   0.025487   0.066397  -0.067003
     34      -0.143955  -0.140823   0.055837   0.174743   0.005746   0.136752
     35       0.148059   0.115410  -0.073076  -0.129727   0.026823  -0.172820
     36       0.023567   0.169860  -0.381628   0.232136   0.109601   0.117539
     37      -0.032518  -0.213736   0.159442  -0.123141   0.044269  -0.458216
     38       0.053490  -0.035405  -0.271006   0.037994   0.067346  -0.338188
     39       0.314248   0.316919   0.114083   0.266844   0.442108   0.220218
     40       0.082600  -0.012689   0.059150   0.020953   0.031038  -0.038822
     41      -0.198707  -0.098083  -0.103675  -0.119488  -0.156802  -0.031499
     42      -0.373553   0.153763  -0.207880   0.373550   0.400848  -0.011064
     43      -0.123589  -0.018590   0.024692  -0.023610  -0.081336  -0.063070
     44       0.192326  -0.081407   0.096135  -0.174390  -0.213859   0.010474
     45       0.095784   0.018444   0.042480   0.052712   0.062765   0.030358
     46      -0.058502   0.049204  -0.023069   0.140423  -0.032149  -0.016402
     47      -0.098502  -0.010871  -0.036961  -0.031184  -0.038158  -0.021477
     48       0.156986  -0.235562   0.031439  -0.173194   0.293938   0.187287
     49      -0.329604   0.230900  -0.147560   0.231631  -0.360983  -0.125313
     50      -0.105739   0.049751  -0.055246   0.064549  -0.068908  -0.011936
     51      -0.177691  -0.116365  -0.164473  -0.270802   0.325083   0.033191
     52       0.392351   0.114361   0.156278   0.283935  -0.279933   0.053576
     53       0.075933   0.059284   0.069557   0.113891  -0.168943  -0.015858
     54       0.042921  -0.260504  -0.433436  -0.252429   0.064617   0.330951
     55       0.027077  -0.023365   0.033163   0.049292  -0.073926   0.107084
     56       0.040704   0.088440  -0.242349  -0.017293   0.093583  -0.464551
     57       0.002414   0.016760   0.039552   0.001806   0.017553  -0.018688
     58       0.001122   0.044164   0.008883   0.005541   0.014624  -0.041837
     59       0.004786  -0.009727   0.106400  -0.002104   0.093855  -0.218090
                 42         43         44         45         46         47    
      0       0.006225  -0.016740   0.000932  -0.003905   0.015277  -0.001202
      1      -0.020433   0.025997   0.005886  -0.005489  -0.043187   0.004281
      2       0.023316  -0.040259  -0.002372   0.015125   0.052996  -0.006601
      3      -0.021016   0.035003  -0.003275  -0.002713   0.046522   0.004541
      4      -0.018650   0.022170  -0.005423  -0.011919   0.039424   0.004591
      5      -0.014519   0.029438   0.000279  -0.011228   0.034324   0.004578
      6       0.003573  -0.024102   0.002872  -0.072246  -0.004069  -0.005634
      7      -0.004064   0.012413  -0.005871   0.013221   0.005472   0.001012
      8       0.000340  -0.003772  -0.001324   0.006151  -0.011767   0.003359
      9      -0.008007  -0.006883  -0.000449   0.025371  -0.006753   0.034245
     10       0.047656   0.023039   0.058070  -0.008039   0.003130   0.018272
     11      -0.020179  -0.014223  -0.031844   0.000810   0.003714   0.026523
     12       0.001439   0.007064  -0.005713   0.000537  -0.000876  -0.030241
     13       0.003788   0.018616   0.002583   0.001435  -0.000064  -0.079824
     14      -0.000852  -0.004190   0.001618  -0.000315  -0.001613   0.017948
     15       0.039371   0.022053  -0.041523  -0.024541  -0.006609  -0.018210
     16       0.034813   0.016745  -0.050694   0.010311   0.003603   0.024036
     17       0.001658   0.005345  -0.007269  -0.001332   0.003594  -0.036046
     18      -0.005417   0.026699   0.005772   0.062411  -0.008248   0.004449
     19      -0.000607  -0.005481   0.001650  -0.039219  -0.005583  -0.004150
     20       0.000734   0.002223  -0.003005  -0.000330  -0.009306  -0.002622
     21      -0.002126   0.008434  -0.000246   0.033721  -0.001644   0.003047
     22      -0.005646   0.022259   0.000154   0.089022   0.000702   0.008037
     23       0.001265  -0.005011   0.000314  -0.020028   0.000208  -0.001814
     24       0.076923  -0.117472  -0.017830   0.003465   0.161342  -0.026006
     25       0.064065  -0.095621  -0.016286   0.000254   0.127207  -0.026944
     26      -0.240214   0.353333   0.027396  -0.195718  -0.451514   0.062190
     27      -0.169937   0.286177   0.018608  -0.074942  -0.315224   0.057123
     28       0.192495  -0.250202  -0.035365   0.123970   0.357031  -0.050295
     29      -0.070732   0.118879   0.007141  -0.022133  -0.115887   0.022076
     30       0.016515  -0.021883   0.000640   0.025467  -0.022540  -0.006206
     31       0.182586  -0.272632   0.032021   0.076442  -0.358179  -0.057942
     32       0.184823  -0.270862   0.015681   0.178758  -0.341892  -0.042877
     33       0.261351  -0.393580   0.036654   0.139136  -0.482107  -0.078166
     34       0.048824  -0.032325   0.014743   0.044539  -0.084744  -0.005957
     35       0.016381  -0.055269  -0.004320  -0.015752  -0.016352  -0.009386
     36      -0.026345   0.031534  -0.040152   0.042489   0.044289  -0.007472
     37       0.030279  -0.047476   0.047273  -0.160306   0.002608  -0.007497
     38       0.002289  -0.008955   0.004470  -0.037525   0.026616  -0.005668
     39       0.145298   0.067976   0.140254  -0.113695   0.035213   0.032944
     40      -0.174483  -0.120260  -0.208247   0.023323  -0.016601   0.050097
     41       0.355834   0.233973   0.436246  -0.025032   0.028656  -0.024027
     42      -0.051041   0.020088  -0.082126   0.007038   0.028669  -0.154849
     43      -0.408309  -0.242155  -0.472790   0.053252  -0.045193  -0.101196
     44      -0.075868  -0.072050  -0.084461   0.021996  -0.021708   0.105953
     45       0.013269  -0.050492  -0.018433  -0.018159   0.024326   0.321271
     46       0.034922  -0.133367   0.008000  -0.047903  -0.010145   0.848070
     47      -0.007866   0.029988   0.006355   0.010772  -0.005483  -0.190812
     48      -0.272939  -0.162644   0.299452   0.105041   0.041463   0.010246
     49      -0.160271  -0.127064   0.214915  -0.046782  -0.000322   0.063748
     50      -0.281708  -0.179921   0.339145   0.030684   0.025021  -0.001560
     51      -0.210157  -0.159488   0.224185   0.025516   0.047442   0.038262
     52      -0.280221  -0.124886   0.337807   0.032410   0.003986  -0.206277
     53       0.231512   0.155461  -0.265867  -0.041478  -0.032890  -0.036730
     54       0.039111  -0.052477  -0.059760  -0.128638   0.035816   0.001710
     55       0.002902  -0.008628  -0.004711  -0.067084  -0.019889  -0.007632
     56      -0.009890   0.021552   0.016114   0.088665   0.031702   0.008992
     57       0.011991  -0.092415   0.006377  -0.302596   0.005920  -0.027688
     58       0.031709  -0.243975   0.001508  -0.798963   0.001318  -0.073093
     59      -0.007223   0.054893   0.017820   0.179865   0.016804   0.016448
                 48         49         50         51         52         53    
      0      -0.017394  -0.013756  -0.004322   0.002383  -0.010184  -0.000987
      1       0.029578   0.029407   0.000832  -0.008751   0.001614  -0.008254
      2      -0.031745  -0.031324   0.005886   0.012173   0.017352   0.018939
      3       0.038247  -0.032535   0.003469   0.008842   0.005920   0.008592
      4       0.021711  -0.021721  -0.003779   0.009174  -0.012489   0.011866
      5       0.021023  -0.018295  -0.004507   0.008425  -0.015636   0.012276
      6      -0.007001   0.015419  -0.012184   0.009923  -0.030468   0.029028
      7      -0.006634   0.014836  -0.013070   0.011951  -0.029605   0.029429
      8       0.005749  -0.013683   0.012612  -0.011120   0.030305  -0.029033
      9      -0.000314   0.002779  -0.011381   0.011387   0.006635  -0.006515
     10      -0.002111  -0.005808   0.038178  -0.042680  -0.017755   0.016769
     11      -0.000250   0.003820  -0.013921   0.015361   0.008419  -0.008693
     12       0.000027  -0.000326   0.000242  -0.000907   0.000050   0.000365
     13       0.000055   0.000124   0.000759   0.000272   0.000183   0.000016
     14       0.000000  -0.000001  -0.000173  -0.000116  -0.000074   0.000665
     15      -0.001165   0.006088   0.038445   0.034607  -0.016257  -0.017273
     16      -0.001574   0.003376   0.026459   0.025186  -0.010185  -0.010742
     17       0.001057   0.001795  -0.000331  -0.000722  -0.001647  -0.002571
     18       0.000270   0.000375  -0.000982  -0.001553   0.000059  -0.000784
     19      -0.010432  -0.025224  -0.022682  -0.015709  -0.048677  -0.051199
     20      -0.001658  -0.004769  -0.005194  -0.003608  -0.011748  -0.011802
     21       0.000032  -0.001026  -0.000070  -0.000628   0.000301  -0.001780
     22       0.000029   0.000411  -0.000113   0.000192   0.000688   0.000712
     23      -0.000012   0.000098   0.000019  -0.000212  -0.000158   0.000078
     24       0.402276   0.368870   0.014919  -0.103953   0.019950  -0.096566
     25      -0.345103  -0.318798  -0.013259   0.089934  -0.020816   0.080567
     26      -0.001887  -0.003303   0.000955   0.000940   0.000596  -0.000829
     27      -0.204840  -0.202661   0.037946   0.076067   0.108340   0.112964
     28      -0.005270  -0.008336   0.002489   0.003973   0.005481   0.005526
     29       0.370432   0.363988  -0.071456  -0.139244  -0.205797  -0.211514
     30      -0.547853   0.464706  -0.027635  -0.133538  -0.022420  -0.135875
     31       0.023900  -0.019248   0.000474   0.005527  -0.001934   0.006717
     32       0.077749  -0.067982   0.003172   0.019578   0.003682   0.017175
     33       0.102916  -0.091348  -0.014652   0.036092  -0.051726   0.046382
     34      -0.282810   0.256133   0.045582  -0.105722   0.156706  -0.137407
     35      -0.318577   0.283911   0.051170  -0.117712   0.178406  -0.155387
     36       0.080101  -0.177261   0.148282  -0.123854   0.357525  -0.338071
     37       0.078714  -0.174976   0.150995  -0.129617   0.348436  -0.331116
     38      -0.075700   0.171149  -0.148750   0.127392  -0.351744   0.334228
     39       0.004252   0.010126  -0.066527   0.074525   0.026633  -0.024150
     40       0.023698   0.056421  -0.388825   0.429885   0.174347  -0.158457
     41       0.012230   0.029582  -0.203203   0.222563   0.090561  -0.081762
     42      -0.003200  -0.039368   0.189799  -0.201399  -0.099124   0.094487
     43       0.000360   0.014058  -0.062229   0.067864   0.034036  -0.033406
     44      -0.007283  -0.077815   0.376470  -0.404671  -0.190811   0.182385
     45       0.000248   0.001276   0.001168   0.003871  -0.000403  -0.003264
     46       0.000770   0.000528   0.002587  -0.000881  -0.001459  -0.000097
     47      -0.000427   0.004448  -0.000427   0.003123   0.000706  -0.005633
     48       0.010438  -0.022315  -0.185539  -0.169596   0.072608   0.072683
     49       0.014602  -0.031175  -0.253191  -0.233202   0.093971   0.094117
     50      -0.021513   0.046552   0.379374   0.345908  -0.142695  -0.142069
     51       0.004436  -0.048550  -0.260481  -0.230095   0.114753   0.122023
     52       0.001144  -0.013490  -0.069859  -0.064148   0.029461   0.032123
     53       0.007989  -0.069390  -0.382064  -0.338664   0.162523   0.171927
     54      -0.000105   0.000716   0.004945   0.005872  -0.000356   0.000935
     55       0.124608   0.298299   0.268021   0.180539   0.570984   0.587087
     56       0.026504   0.066037   0.061764   0.042309   0.133976   0.138255
     57      -0.000145   0.012343  -0.000068   0.005803  -0.002846   0.024390
     58       0.000367  -0.005653  -0.000825  -0.002401  -0.006021  -0.011199
     59       0.000043  -0.004322   0.000123  -0.001348   0.001563  -0.008237
                 54         55         56         57         58         59    
      0      -0.046830   0.021150   0.006223   0.045846  -0.000066  -0.000105
      1       0.022972  -0.011517  -0.002402  -0.022136   0.000174   0.000132
      2       0.034937  -0.013718  -0.005473  -0.034198   0.000076  -0.000061
      3       0.045468   0.021334  -0.003747   0.042964  -0.000129  -0.000160
      4      -0.028567  -0.011031   0.003571  -0.026652  -0.000050  -0.000074
      5      -0.035244  -0.014077   0.003968  -0.032601   0.000123  -0.000054
      6       0.010834   0.003376   0.000312   0.003499  -0.003281   0.000240
      7       0.009637   0.002838   0.000199   0.002334  -0.001590   0.000255
      8      -0.010502  -0.001661   0.001525  -0.004366  -0.000665   0.000091
      9       0.002314   0.021311   0.025805  -0.010265   0.000825   0.003806
     10       0.004066   0.025717   0.030624  -0.011834  -0.000049   0.001267
     11       0.005713   0.046789   0.057174  -0.022856   0.000006   0.002971
     12      -0.000144  -0.001715  -0.000529   0.000878   0.000245   0.012801
     13      -0.000367  -0.000050  -0.001176   0.000128   0.000052   0.010742
     14       0.000057  -0.003425   0.000085   0.002059   0.000639   0.069283
     15       0.000231   0.007564  -0.007869  -0.003668   0.000660   0.002513
     16       0.002150  -0.014536   0.013920   0.005947  -0.000487  -0.002150
     17      -0.006968   0.061894  -0.061619  -0.027266   0.000101   0.003728
     18      -0.000568   0.000558  -0.000279   0.000560  -0.001578   0.000030
     19       0.018485  -0.004695  -0.000781  -0.005711   0.002911  -0.000291
     20       0.004698   0.000163  -0.001519  -0.002708  -0.001672   0.000215
     21       0.000025  -0.000515  -0.000160  -0.000686  -0.059316   0.000525
     22      -0.000001   0.000152  -0.000351   0.000400   0.028689  -0.000278
     23      -0.000000  -0.000281   0.000066   0.000628   0.027651  -0.000349
     24       0.335360  -0.165710  -0.036683  -0.325869   0.001842   0.001582
     25      -0.292009   0.145289   0.030792   0.286099  -0.000966  -0.001585
     26       0.010258  -0.004603  -0.000695  -0.008494   0.001620  -0.000743
     27       0.225230  -0.088878  -0.034175  -0.219932   0.001071  -0.000356
     28       0.016620  -0.007861  -0.002398  -0.018244  -0.000286   0.000410
     29      -0.428604   0.165502   0.068010   0.418772  -0.002873  -0.000075
     30      -0.441222  -0.216701   0.029726  -0.419340   0.002016   0.002050
     31       0.011580   0.005348  -0.001778   0.010072   0.000102  -0.000203
     32       0.052630   0.026606  -0.003562   0.052176   0.001415  -0.001035
     33      -0.103907  -0.039646   0.011791  -0.094496   0.000567  -0.000670
     34       0.329432   0.126477  -0.039562   0.305474  -0.001550   0.000247
     35       0.369248   0.138694  -0.046250   0.340289  -0.002562   0.000407
     36      -0.122215  -0.030022   0.003837  -0.040791   0.014852   0.000917
     37      -0.119304  -0.029626   0.003281  -0.039321   0.012626   0.000118
     38       0.120602   0.029265  -0.004116   0.041934  -0.011101  -0.000686
     39      -0.008773  -0.057398  -0.068945   0.025984  -0.001683  -0.006049
     40      -0.054703  -0.372501  -0.451950   0.177486   0.000806  -0.020448
     41      -0.027863  -0.186911  -0.225438   0.088743   0.001322  -0.010106
     42      -0.020646  -0.193336  -0.236925   0.093902  -0.000383  -0.014720
     43       0.009168   0.075861   0.088726  -0.035776  -0.000300   0.002250
     44      -0.041939  -0.378881  -0.458292   0.184309  -0.001791  -0.026472
     45      -0.000491   0.017303   0.003937  -0.012111  -0.002496  -0.225495
     46      -0.001382   0.003698   0.008237  -0.000530  -0.001263  -0.130821
     47       0.000693   0.047577   0.000596  -0.022933  -0.009841  -0.961162
     48      -0.024689   0.183890  -0.183310  -0.081190  -0.001615   0.006898
     49      -0.032677   0.240620  -0.239083  -0.104110   0.001006   0.013784
     50       0.048474  -0.353733   0.350203   0.153725   0.001299  -0.017738
     51       0.025540  -0.278972   0.276720   0.122629  -0.000358  -0.016380
     52       0.008395  -0.079464   0.075126   0.034623  -0.000236  -0.002169
     53       0.035261  -0.387364   0.385149   0.171768  -0.001808  -0.025463
     54      -0.000108   0.000212  -0.000254  -0.000067   0.001683   0.000524
     55      -0.216558   0.049938   0.011942   0.071406  -0.022198  -0.000868
     56      -0.051040   0.011259   0.003276   0.018503  -0.003298  -0.000442
     57       0.001141   0.003088   0.000228   0.008023   0.847867  -0.008816
     58       0.004066  -0.001615   0.000118  -0.002771  -0.397944   0.004149
     59      -0.000731  -0.001894  -0.000152   0.001357  -0.341267   0.003535
# -----------------------------------------------------------
$ THERMOCHEMISTRY_Energies
   description: The Thermochemistry energies
   geom. index: 1
   prop. index: 1
        Temperature (Kelvin)           :        298.1500000000
        Pressure (atm)                 :          1.0000000000
        Total Mass (AMU)               :        112.1760000000
        Spin Degeneracy                :          1.0000000000
        Electronic Energy (Hartree)    :       -345.5509479351
        Translational Energy (Hartree) :          0.0014162714
        Rotational Energy (Hartree)    :          0.0014162714
        Vibrational Energy (Hartree)   :          0.0029764792
        Number of frequencies          :     60      
        Scaling Factor for frequencies :          1.0000000000
        Vibrational frequencies        :     
                  0    
      0       0.000000
      1       0.000000
      2       0.000000
      3       0.000000
      4       0.000000
      5       0.000000
      6     225.761499
      7     310.688020
      8     397.342142
      9     410.620613
     10     501.324539
     11     503.627549
     12     625.028589
     13     798.985137
     14     824.046360
     15     841.793322
     16     848.088439
     17     891.467451
     18     935.834339
     19     960.358242
     20     965.537422
     21     993.942245
     22     1034.790840
     23     1039.996177
     24     1073.667109
     25     1105.538314
     26     1114.647587
     27     1151.425930
     28     1164.440250
     29     1184.916429
     30     1228.772007
     31     1242.582238
     32     1292.256340
     33     1316.627092
     34     1343.557115
     35     1352.001976
     36     1359.306119
     37     1374.285978
     38     1402.587519
     39     1405.590394
     40     1428.934772
     41     1453.450897
     42     1506.124449
     43     1513.980872
     44     1518.692907
     45     1532.004340
     46     1545.878681
     47     1564.370162
     48     2933.928563
     49     2947.267800
     50     2951.104227
     51     2953.695547
     52     2968.171367
     53     2973.676683
     54     2979.731905
     55     2996.808793
     56     2997.927710
     57     3003.692952
     58     3202.099271
     59     3232.592119
        Zero Point Energy (Hartree)    :          0.1855010963
        Inner Energy (Hartree)         :       -345.3596378168
        Enthalpy (Hartree)             :       -345.3586936078
        Electronic entropy             :          0.0000000000
        Rotational entropy             :          0.0130543175
        Vibrational entropy            :          0.0043005387
        Translational entropy          :          0.0130543175
        Entropy                        :          0.0363888263
        Gibbs Energy (Hartree)         :       -345.3950824340
        Is Linear                      :                 false
# -----------------------------------------------------------
$ PAL_Flags
   description: The PAL Flags
   geom. index: 2
   prop. index: 1
        Diskflag:     2
# -----------------------------------------------------------
$ SCF_Energy
   description: The SCF energy
   geom. index: 2
   prop. index: 1
        SCF Energy:     -345.5200201445
# -----------------------------------------------------------
$ DFT_Energy
   description: The DFT energy
   geom. index: 2
   prop. index: 1
   Number of Alpha Electrons                 30.9999204346 
   Number of Beta  Electrons                 30.9999204346 
   Total number of  Electrons                61.9998408692 
   Exchange energy                          -32.3832875449 
   Correlation energy                        -2.5435636903 
   Correlation energy NL                      0.0000000000 
   Exchange-Correlation energy              -34.9268512352 
   Embedding correction                       0.0000000000 
   Total DFT Energy (No VdW correction)    -345.5200201445 
# -----------------------------------------------------------
$ VdW_Correction
   description: The Van der Waals Correction
   geom. index: 2
   prop. index: 1
        Van der Waals Correction:       -0.0363689395
# -----------------------------------------------------------
$ PAL_Flags
   description: The PAL Flags
   geom. index: 3
   prop. index: 1
        Diskflag:     2
# -----------------------------------------------------------
$ SCF_Energy
   description: The SCF energy
   geom. index: 3
   prop. index: 1
        SCF Energy:     -345.5201334273
# -----------------------------------------------------------
$ DFT_Energy
   description: The DFT energy
   geom. index: 3
   prop. index: 1
   Number of Alpha Electrons                 30.9999139918 
   Number of Beta  Electrons                 30.9999139918 
   Total number of  Electrons                61.9998279836 
   Exchange energy                          -32.3787613114 
   Correlation energy                        -2.5432760440 
   Correlation energy NL                      0.0000000000 
   Exchange-Correlation energy              -34.9220373554 
   Embedding correction                       0.0000000000 
   Total DFT Energy (No VdW correction)    -345.5201334273 
# -----------------------------------------------------------
$ VdW_Correction
   description: The Van der Waals Correction
   geom. index: 3
   prop. index: 1
        Van der Waals Correction:       -0.0363784221
# -----------------------------------------------------------
$ PAL_Flags
   description: The PAL Flags
   geom. index: 4
   prop. index: 1
        Diskflag:     2
# -----------------------------------------------------------
$ SCF_Energy
   description: The SCF energy
   geom. index: 4
   prop. index: 1
        SCF Energy:     -345.5201301834
# -----------------------------------------------------------
$ DFT_Energy
   description: The DFT energy
   geom. index: 4
   prop. index: 1
   Number of Alpha Electrons                 30.9999109456 
   Number of Beta  Electrons                 30.9999109456 
   Total number of  Electrons                61.9998218912 
   Exchange energy                          -32.3779828124 
   Correlation energy                        -2.5432456895 
   Correlation energy NL                      0.0000000000 
   Exchange-Correlation energy              -34.9212285019 
   Embedding correction                       0.0000000000 
   Total DFT Energy (No VdW correction)    -345.5201301834 
# -----------------------------------------------------------
$ VdW_Correction
   description: The Van der Waals Correction
   geom. index: 4
   prop. index: 1
        Van der Waals Correction:       -0.0363952288
# -----------------------------------------------------------
$ PAL_Flags
   description: The PAL Flags
   geom. index: 5
   prop. index: 1
        Diskflag:     2
# -----------------------------------------------------------
$ SCF_Energy
   description: The SCF energy
   geom. index: 5
   prop. index: 1
        SCF Energy:     -345.5201222711
# -----------------------------------------------------------
$ DFT_Energy
   description: The DFT energy
   geom. index: 5
   prop. index: 1
   Number of Alpha Electrons                 30.9999103365 
   Number of Beta  Electrons                 30.9999103365 
   Total number of  Electrons                61.9998206730 
   Exchange energy                          -32.3781291167 
   Correlation energy                        -2.5432715266 
   Correlation energy NL                      0.0000000000 
   Exchange-Correlation energy              -34.9214006432 
   Embedding correction                       0.0000000000 
   Total DFT Energy (No VdW correction)    -345.5201222711 
# -----------------------------------------------------------
$ VdW_Correction
   description: The Van der Waals Correction
   geom. index: 5
   prop. index: 1
        Van der Waals Correction:       -0.0364049506
# -----------------------------------------------------------
$ PAL_Flags
   description: The PAL Flags
   geom. index: 6
   prop. index: 1
        Diskflag:     2
# -----------------------------------------------------------
$ SCF_Energy
   description: The SCF energy
   geom. index: 6
   prop. index: 1
        SCF Energy:     -345.5201189408
# -----------------------------------------------------------
$ DFT_Energy
   description: The DFT energy
   geom. index: 6
   prop. index: 1
   Number of Alpha Electrons                 30.9999102970 
   Number of Beta  Electrons                 30.9999102970 
   Total number of  Electrons                61.9998205940 
   Exchange energy                          -32.3782340521 
   Correlation energy                        -2.5432840088 
   Correlation energy NL                      0.0000000000 
   Exchange-Correlation energy              -34.9215180609 
   Embedding correction                       0.0000000000 
   Total DFT Energy (No VdW correction)    -345.5201189408 
# -----------------------------------------------------------
$ Mayer_Pop
   description: The Mayer population analysis
   geom. index: 6
   prop. index: 1
     Number of atoms                     : 20
     Threshold for printing              : 0.1000000
     Number of bond orders printed       : 21
  NA   - Mulliken gross atomic population
  ZA   - Total nuclear charge
  QA   - Mulliken gross atomic charge
  VA   - Mayer's total valence
  BVA  - Mayer's bonded valence
  FA   - Mayer's free valence
  ATOM       NA         ZA         QA         VA         BVA        FA
  0   0     6.4598     6.0000    -0.4598     3.8341     3.8341    -0.0000
  1   0     6.4554     6.0000    -0.4554     3.8299     3.8299     0.0000
  2   0     5.8407     6.0000     0.1593     3.4024     3.4024    -0.0000
  3   0     6.4466     6.0000    -0.4466     3.8582     3.8582     0.0000
  4   0     7.4025     7.0000    -0.4025     2.5862     2.5862    -0.0000
  5   0     6.4453     6.0000    -0.4453     3.8565     3.8565     0.0000
  6   0     5.8392     6.0000     0.1608     3.4004     3.4004     0.0000
  7   0     7.3818     7.0000    -0.3818     2.7312     2.7312    -0.0000
  8   0     0.8413     1.0000     0.1587     0.9506     0.9506    -0.0000
  9   0     0.8403     1.0000     0.1597     0.9510     0.9510    -0.0000
 10   0     0.8413     1.0000     0.1587     0.9506     0.9506    -0.0000
 11   0     0.8405     1.0000     0.1595     0.9509     0.9509     0.0000
 12   0     0.8273     1.0000     0.1727     0.9288     0.9288    -0.0000
 13   0     0.8484     1.0000     0.1516     0.9413     0.9413    -0.0000
 14   0     0.8291     1.0000     0.1709     0.9334     0.9334    -0.0000
 15   0     0.6821     1.0000     0.3179     0.8356     0.8356    -0.0000
 16   0     0.8486     1.0000     0.1514     0.9416     0.9416     0.0000
 17   0     0.8288     1.0000     0.1712     0.9329     0.9329     0.0000
 18   0     0.8271     1.0000     0.1729     0.9287     0.9287    -0.0000
 19   0     0.6741     1.0000     0.3259     0.8134     0.8134     0.0000
      Bond orders larger than 0.1000000
           Atom A     A.N. of A          Atom B    A.N. of B              Bond order
                0             6               1            6                0.917340
                0             6               6            6                0.883105
                0             6               8            1                1.005110
                0             6               9            1                0.981898
                1             6               2            6                0.882932
                1             6              10            1                1.004888
                1             6              11            1                0.982200
                2             6               3            6                0.852462
                2             6               7            7                1.051525
                2             6              12            1                0.843283
                3             6               4            7                0.941961
                3             6              13            1                1.000394
                3             6              14            1                1.006786
                4             7               5            6                0.941601
                4             7              15            1                0.876622
                5             6               6            6                0.851086
                5             6              16            1                1.000673
                5             6              17            1                1.006412
                6             6               7            7                1.051594
                6             6              18            1                0.842749
                7             7              19            1                0.857528
# -----------------------------------------------------------
$ VdW_Correction
   description: The Van der Waals Correction
   geom. index: 6
   prop. index: 1
        Van der Waals Correction:       -0.0364084498
# -----------------------------------------------------------
$ SCF_Electric_Properties
   description: The SCF Calculated Electric Properties
   geom. index: 6
   prop. index: 1
       Filename                          : file.scfp 
       Do Dipole Moment Calculation      : true 
       Do Quadrupole Moment Calculation  : false 
       Do Polarizability Calculation     : false 
** Dipole moment part of electric properties **
        Magnitude of dipole moment (Debye) :        2.4917386673
        Electronic Contribution:
                  0    
      0      -0.806512
      1      -0.063463
      2      -1.641243
        Nuclear Contribution:
                  0    
      0       1.652702
      1      -0.157251
      2       2.084240
        Total Dipole moment:
                  0    
      0       0.846190
      1      -0.220714
      2       0.442997
# -------------------------------------------------------------
----------------------- !GEOMETRIES! ------------------------
# -------------------------------------------------------------
------------------------ !GEOMETRY! -------------------------
    Number of atoms:    20 
    Geometry Index:     1 
    Coordinates:
               0 C      0.821100000000   -0.940200000000    0.910100000000
               1 C      1.350200000000    0.456700000000    0.595800000000
               2 C      0.662600000000    0.815300000000   -0.727900000000
               3 C     -0.699300000000    1.508500000000   -0.484100000000
               4 N     -1.601400000000    0.686000000000    0.353000000000
               5 C     -1.557300000000   -0.757000000000    0.025600000000
               6 C     -0.117700000000   -1.245000000000   -0.264300000000
               7 N      0.383100000000   -0.456000000000   -1.381800000000
               8 H      1.659600000000   -1.670600000000    0.921100000000
               9 H      0.299700000000   -0.975300000000    1.891700000000
              10 H      2.452200000000    0.421900000000    0.450200000000
              11 H      1.116400000000    1.181100000000    1.406500000000
              12 H      1.312600000000    1.455900000000   -1.364100000000
              13 H     -0.535800000000    2.496000000000    0.000500000000
              14 H     -1.190800000000    1.699300000000   -1.462600000000
              15 H     -1.339000000000    0.812800000000    1.358300000000
              16 H     -1.990400000000   -1.344500000000    0.864700000000
              17 H     -2.191500000000   -0.942700000000   -0.868100000000
              18 H     -0.121100000000   -2.329400000000   -0.512300000000
              19 H      1.286800000000   -0.872700000000   -1.712300000000
------------------------ !GEOMETRY! -------------------------
    Number of atoms:    20 
    Geometry Index:     2 
    Coordinates:
               0 C      0.827811633829   -0.952792855535    0.922859360248
               1 C      1.364776237376    0.465661557594    0.603685597040
               2 C      0.664959000934    0.828222307165   -0.730914441889
               3 C     -0.698876234683    1.492141736006   -0.481426624478
               4 N     -1.581996232348    0.680889065238    0.362955732217
               5 C     -1.546139268498   -0.745033775258    0.022056798134
               6 C     -0.124462886592   -1.256525176472   -0.261818148680
               7 N      0.391475778616   -0.460926815271   -1.389354060260
               8 H      1.643769003058   -1.682637213654    0.949814842793
               9 H      0.312900732727   -0.997986612127    1.889450336643
              10 H      2.451503822067    0.451123130072    0.469633530823
              11 H      1.139869736689    1.187088122824    1.397685680761
              12 H      1.281815100724    1.465039361496   -1.373855841718
              13 H     -0.563804763397    2.468230893651   -0.001761189230
              14 H     -1.187214569303    1.656601999420   -1.449654674229
              15 H     -1.332521472501    0.805151221268    1.335364871509
              16 H     -1.994526074919   -1.308453438450    0.848249777789
              17 H     -2.159530302446   -0.911089708315   -0.871868257087
              18 H     -0.151720047549   -2.319926182250   -0.522186406593
              19 H      1.261910806214   -0.864677617404   -1.718916883793
------------------------ !GEOMETRY! -------------------------
    Number of atoms:    20 
    Geometry Index:     3 
    Coordinates:
               0 C      0.828603939841   -0.954096406744    0.924046101693
               1 C      1.365580275253    0.466571372016    0.604975556154
               2 C      0.665263779601    0.830368318799   -0.729981964516
               3 C     -0.701871382076    1.488939967314   -0.481257618566
               4 N     -1.574137015011    0.681110115891    0.375666990336
               5 C     -1.546255685515   -0.740485795846    0.020952105679
               6 C     -0.125617914930   -1.257858837804   -0.260035975178
               7 N      0.393448794245   -0.461609947643   -1.388444099188
               8 H      1.643501050290   -1.685605558138    0.953416394008
               9 H      0.314758744174   -1.002950404614    1.891372716392
              10 H      2.453067265957    0.456150553355    0.473592912436
              11 H      1.142070561853    1.189527687771    1.398416061251
              12 H      1.275946727351    1.468540439389   -1.377838423767
              13 H     -0.575909727070    2.472916630881   -0.014883871936
              14 H     -1.195520358101    1.632070501604   -1.450186589365
              15 H     -1.311366894753    0.800608014486    1.348459673950
              16 H     -2.008318172848   -1.308087479834    0.836983520871
              17 H     -2.150476234042   -0.889375255583   -0.882213870885
              18 H     -0.159726023882   -2.320099228701   -0.525238169701
              19 H      1.266958269661   -0.866534686599   -1.717801449667
------------------------ !GEOMETRY! -------------------------
    Number of atoms:    20 
    Geometry Index:     4 
    Coordinates:
               0 C      0.828197053622   -0.954130021131    0.924481160602
               1 C      1.365220962152    0.466978703544    0.605492376599
               2 C      0.665168992637    0.830884610085   -0.729580918577
               3 C     -0.702987907760    1.488007035742   -0.480993754568
               4 N     -1.571204536000    0.681510988238    0.381846033935
               5 C     -1.546437930523   -0.738903341573    0.020866618710
               6 C     -0.126007172985   -1.257936718954   -0.259536056130
               7 N      0.394043280680   -0.461707013523   -1.387950735470
               8 H      1.643197659285   -1.685773789221    0.954147112553
               9 H      0.314354248627   -1.003504162851    1.892008537488
              10 H      2.452976840855    0.457161528291    0.474810211151
              11 H      1.141550665860    1.190067727555    1.399019335415
              12 H      1.274905982193    1.469412175167   -1.378297896761
              13 H     -0.579971477350    2.476002491176   -0.022095531782
              14 H     -1.199977438949    1.621514982539   -1.449750372033
              15 H     -1.297896414719    0.796567030423    1.352040950629
              16 H     -2.014101405491   -1.310063835431    0.831370679931
              17 H     -2.147302950973   -0.879417626687   -0.886059549371
              18 H     -0.161368741574   -2.320119837991   -0.525614176424
              19 H      1.267640290414   -0.866450925398   -1.716204025897
------------------------ !GEOMETRY! -------------------------
    Number of atoms:    20 
    Geometry Index:     5 
    Coordinates:
               0 C      0.827680606702   -0.953890435524    0.924593957604
               1 C      1.364790906303    0.467143428882    0.605585290639
               2 C      0.664896075342    0.830903773845   -0.729576760433
               3 C     -0.703410186968    1.487764440211   -0.480969339199
               4 N     -1.570903964324    0.681718108464    0.383334196043
               5 C     -1.546595001050   -0.738488814156    0.020741041721
               6 C     -0.126205206690   -1.257735403170   -0.259616275253
               7 N      0.394186534869   -0.461704060352   -1.387909386869
               8 H      1.642756722330   -1.685373822533    0.954303015196
               9 H      0.313657378006   -1.003068393301    1.892009069463
              10 H      2.452497843394    0.457051346567    0.474919155663
              11 H      1.141069549921    1.190161767764    1.399121968682
              12 H      1.274885804128    1.469486097129   -1.377927730247
              13 H     -0.580647633802    2.476589633478   -0.023912890235
              14 H     -1.201340290568    1.619401469218   -1.449465142139
              15 H     -1.292001237240    0.794418639035    1.352317066722
              16 H     -2.015116987201   -1.310776564342    0.829886655486
              17 H     -2.147032236554   -0.877133145133   -0.886720597203
              18 H     -0.161308758950   -2.319967079868   -0.525362914128
              19 H      1.268140082353   -0.866400986215   -1.715350381513
------------------------ !GEOMETRY! -------------------------
    Number of atoms:    20 
    Geometry Index:     6 
    Coordinates:
               0 C      0.827396288107   -0.953732979267    0.924630250446
               1 C      1.364582020632    0.467211473990    0.605570977935
               2 C      0.664753550418    0.830878916801   -0.729658608516
               3 C     -0.703542923529    1.487717000618   -0.481025695707
               4 N     -1.570940161386    0.681735765391    0.383538152714
               5 C     -1.546673014348   -0.738452180609    0.020607027881
               6 C     -0.126280228242   -1.257646660843   -0.259744666427
               7 N      0.394246044262   -0.461715883907   -1.387985864484
               8 H      1.642477188306   -1.685185164106    0.954514391037
               9 H      0.313183903326   -1.002749615890    1.891948029225
              10 H      2.452270117308    0.456930265483    0.474865144616
              11 H      1.140918975463    1.190273548836    1.399077713635
              12 H      1.274919305624    1.469500963302   -1.377783596567
              13 H     -0.580583814276    2.476503646037   -0.023952074015
              14 H     -1.201631400036    1.619497615267   -1.449399313429
              15 H     -1.289985405073    0.793535978538    1.352023258591
              16 H     -2.015002504140   -1.310885005398    0.829754566550
              17 H     -2.147291814251   -0.877027994269   -0.886721212789
              18 H     -0.161160377526   -2.319930601377   -0.525258452747
              19 H      1.268344249360   -0.866359088598   -1.715000027951
