    45
     1    1.318165   -4.091982    1.587299      1
     2   -3.043784   -3.490703    0.687101      1
     3    3.690495   -2.932724   -0.402434      1
     4    1.949413   -2.450863    0.569265      1
     5   -2.781583   -1.832772   -0.454684      1
     6   -4.013629   -1.989766   -2.069026      1
     7    0.282482   -2.328842   -3.173421      1
     8   -0.014840   -1.488717   -1.349862      1
     9    3.753523   -0.479437    3.385904      1
    10   -2.652969    0.344084    2.629802      1
    11    2.269558   -0.290357    2.273788      1
    12   -3.479638    0.446849    0.957518      1
    13    0.359976    1.443179   -1.351835      1
    14    2.501583    1.881706    0.569136      1
    15   -2.232437    2.473570   -0.462202      1
    16    4.308361    1.912802   -0.401584      1
    17   -3.385245    2.927136   -2.079010      1
    18    0.861813    2.179168   -3.175538      1
    19    2.301280    3.628113    1.588142      1
    20   -2.071646    4.149238    0.672519      1
    21    1.547483   -3.489279    1.214714      2
    22   -2.941344   -2.881433    0.271436      2
    23    3.047919   -2.747611   -0.042145      2
    24   -3.556592   -1.927125   -1.480032      2
    25    0.947507   -1.971718   -0.401477      2
    26    2.102184   -1.586581    1.247938      2
    27   -1.399621   -1.672438   -0.894653      2
    28    0.172142   -2.017970   -2.496930      2
    29   -3.041944   -0.898638    0.125564      2
    30    3.403271   -0.434809    3.111262      2
    31   -0.632437    0.082772    2.265262      2
    32   -2.839528    0.367259    2.232484      2
    33   -0.528944    0.065376    1.448547      3
    34    1.429033   -0.182915    0.114611      3
    35   -1.591588    0.203473   -0.552003      3
    36    0.177288   -0.023396   -1.364290      2
    37    2.432655    1.006403    1.247908      2
    38   -2.718709    1.636622    0.121234      2
    39    1.411999    1.669310   -0.402470      2
    40   -0.934651    1.970131   -0.899391      2
    41    3.639747    1.894247   -0.041687      2
    42    0.675830    1.906878   -2.499013      2
    43   -2.958703    2.754582   -1.489105      2
    44    2.372408    2.987394    1.215174      2
    45   -2.124857    3.531937    0.259469      2
