-------------------------------------------------------------
----------------------- !PROPERTIES! ------------------------
-------------------------------------------------------------
# -----------------------------------------------------------
$ PAL_Flags
   description: The PAL Flags
   geom. index: 1
   prop. index: 1
        Diskflag:     2
# -----------------------------------------------------------
$ SCF_Energy
   description: The SCF energy
   geom. index: 1
   prop. index: 1
        SCF Energy:     -345.5077238529
# -----------------------------------------------------------
$ DFT_Energy
   description: The DFT energy
   geom. index: 1
   prop. index: 1
   Number of Alpha Electrons                 31.0000894419 
   Number of Beta  Electrons                 31.0000894419 
   Total number of  Electrons                62.0001788838 
   Exchange energy                          -32.3622469802 
   Correlation energy                        -2.5406315974 
   Correlation energy NL                      0.0000000000 
   Exchange-Correlation energy              -34.9028785776 
   Embedding correction                       0.0000000000 
   Total DFT Energy (No VdW correction)    -345.5077238529 
# -----------------------------------------------------------
$ Mayer_Pop
   description: The Mayer population analysis
   geom. index: 1
   prop. index: 1
     Number of atoms                     : 20
     Threshold for printing              : 0.1000000
     Number of bond orders printed       : 27
  NA   - Mulliken gross atomic population
  ZA   - Total nuclear charge
  QA   - Mulliken gross atomic charge
  VA   - Mayer's total valence
  BVA  - Mayer's bonded valence
  FA   - Mayer's free valence
  ATOM       NA         ZA         QA         VA         BVA        FA
  0   0     6.4431     6.0000    -0.4431     3.8303     3.8303     0.0000
  1   0     7.3717     7.0000    -0.3717     2.6068     2.6068     0.0000
  2   0     6.4418     6.0000    -0.4418     3.8292     3.8292     0.0000
  3   0     5.8979     6.0000     0.1021     3.3518     3.3518     0.0000
  4   0     6.3854     6.0000    -0.3854     3.8388     3.8388     0.0000
  5   0     7.3644     7.0000    -0.3644     2.7648     2.7648    -0.0000
  6   0     6.3870     6.0000    -0.3870     3.8421     3.8421     0.0000
  7   0     5.8908     6.0000     0.1092     3.3347     3.3347     0.0000
  8   0     0.8474     1.0000     0.1526     0.9329     0.9329    -0.0000
  9   0     0.8526     1.0000     0.1474     0.9558     0.9558    -0.0000
 10   0     0.6838     1.0000     0.3162     0.8473     0.8473     0.0000
 11   0     0.8527     1.0000     0.1473     0.9557     0.9557     0.0000
 12   0     0.8472     1.0000     0.1528     0.9325     0.9325     0.0000
 13   0     0.8044     1.0000     0.1956     0.9223     0.9223     0.0000
 14   0     0.8659     1.0000     0.1341     0.9332     0.9332     0.0000
 15   0     0.8471     1.0000     0.1529     0.9332     0.9332     0.0000
 16   0     0.7001     1.0000     0.2999     0.8595     0.8595    -0.0000
 17   0     0.8470     1.0000     0.1530     0.9332     0.9332     0.0000
 18   0     0.8657     1.0000     0.1343     0.9331     0.9331     0.0000
 19   0     0.8040     1.0000     0.1960     0.9217     0.9217     0.0000
      Bond orders larger than 0.1000000
           Atom A     A.N. of A          Atom B    A.N. of B              Bond order
                0             6               1            7                0.961313
                0             6               5            7               -0.101946
                0             6               7            6                0.768866
                0             6               8            1                0.987333
                0             6               9            1                1.024408
                1             7               2            6                0.960707
                1             7               3            6               -0.110635
                1             7               7            6               -0.110615
                1             7              10            1                0.890313
                2             6               3            6                0.774084
                2             6               5            7               -0.102453
                2             6              11            1                1.024089
                2             6              12            1                0.987225
                3             6               4            6                0.797067
                3             6               5            7                0.135650
                3             6               7            6                0.903681
                3             6              13            1                0.840582
                4             6               5            7                0.922637
                4             6              14            1                0.997876
                4             6              15            1                1.008422
                5             7               6            6                0.924374
                5             7               7            6                0.131658
                5             7              16            1                0.868440
                6             6               7            6                0.794758
                6             6              17            1                1.008118
                6             6              18            1                0.997395
                7             6              19            1                0.840642
# -----------------------------------------------------------
$ VdW_Correction
   description: The Van der Waals Correction
   geom. index: 1
   prop. index: 1
        Van der Waals Correction:       -0.0348998464
# -----------------------------------------------------------
$ Hessian
   description: Details about the Hessian
   geom. index: 1
   prop. index: 1
Normal modes:
Number of Rows: 60 Number of Columns: 60
                  0          1          2          3          4          5    
      0       0.000000   0.000000   0.000000   0.000000   0.000000   0.000000
      1       0.000000   0.000000   0.000000   0.000000   0.000000   0.000000
      2       0.000000   0.000000   0.000000   0.000000   0.000000   0.000000
      3       0.000000   0.000000   0.000000   0.000000   0.000000   0.000000
      4       0.000000   0.000000   0.000000   0.000000   0.000000   0.000000
      5       0.000000   0.000000   0.000000   0.000000   0.000000   0.000000
      6       0.000000   0.000000   0.000000   0.000000   0.000000   0.000000
      7       0.000000   0.000000   0.000000   0.000000   0.000000   0.000000
      8       0.000000   0.000000   0.000000   0.000000   0.000000   0.000000
      9       0.000000   0.000000   0.000000   0.000000   0.000000   0.000000
     10       0.000000   0.000000   0.000000   0.000000   0.000000   0.000000
     11       0.000000   0.000000   0.000000   0.000000   0.000000   0.000000
     12       0.000000   0.000000   0.000000   0.000000   0.000000   0.000000
     13       0.000000   0.000000   0.000000   0.000000   0.000000   0.000000
     14       0.000000   0.000000   0.000000   0.000000   0.000000   0.000000
     15       0.000000   0.000000   0.000000   0.000000   0.000000   0.000000
     16       0.000000   0.000000   0.000000   0.000000   0.000000   0.000000
     17       0.000000   0.000000   0.000000   0.000000   0.000000   0.000000
     18       0.000000   0.000000   0.000000   0.000000   0.000000   0.000000
     19       0.000000   0.000000   0.000000   0.000000   0.000000   0.000000
     20       0.000000   0.000000   0.000000   0.000000   0.000000   0.000000
     21       0.000000   0.000000   0.000000   0.000000   0.000000   0.000000
     22       0.000000   0.000000   0.000000   0.000000   0.000000   0.000000
     23       0.000000   0.000000   0.000000   0.000000   0.000000   0.000000
     24       0.000000   0.000000   0.000000   0.000000   0.000000   0.000000
     25       0.000000   0.000000   0.000000   0.000000   0.000000   0.000000
     26       0.000000   0.000000   0.000000   0.000000   0.000000   0.000000
     27       0.000000   0.000000   0.000000   0.000000   0.000000   0.000000
     28       0.000000   0.000000   0.000000   0.000000   0.000000   0.000000
     29       0.000000   0.000000   0.000000   0.000000   0.000000   0.000000
     30       0.000000   0.000000   0.000000   0.000000   0.000000   0.000000
     31       0.000000   0.000000   0.000000   0.000000   0.000000   0.000000
     32       0.000000   0.000000   0.000000   0.000000   0.000000   0.000000
     33       0.000000   0.000000   0.000000   0.000000   0.000000   0.000000
     34       0.000000   0.000000   0.000000   0.000000   0.000000   0.000000
     35       0.000000   0.000000   0.000000   0.000000   0.000000   0.000000
     36       0.000000   0.000000   0.000000   0.000000   0.000000   0.000000
     37       0.000000   0.000000   0.000000   0.000000   0.000000   0.000000
     38       0.000000   0.000000   0.000000   0.000000   0.000000   0.000000
     39       0.000000   0.000000   0.000000   0.000000   0.000000   0.000000
     40       0.000000   0.000000   0.000000   0.000000   0.000000   0.000000
     41       0.000000   0.000000   0.000000   0.000000   0.000000   0.000000
     42       0.000000   0.000000   0.000000   0.000000   0.000000   0.000000
     43       0.000000   0.000000   0.000000   0.000000   0.000000   0.000000
     44       0.000000   0.000000   0.000000   0.000000   0.000000   0.000000
     45       0.000000   0.000000   0.000000   0.000000   0.000000   0.000000
     46       0.000000   0.000000   0.000000   0.000000   0.000000   0.000000
     47       0.000000   0.000000   0.000000   0.000000   0.000000   0.000000
     48       0.000000   0.000000   0.000000   0.000000   0.000000   0.000000
     49       0.000000   0.000000   0.000000   0.000000   0.000000   0.000000
     50       0.000000   0.000000   0.000000   0.000000   0.000000   0.000000
     51       0.000000   0.000000   0.000000   0.000000   0.000000   0.000000
     52       0.000000   0.000000   0.000000   0.000000   0.000000   0.000000
     53       0.000000   0.000000   0.000000   0.000000   0.000000   0.000000
     54       0.000000   0.000000   0.000000   0.000000   0.000000   0.000000
     55       0.000000   0.000000   0.000000   0.000000   0.000000   0.000000
     56       0.000000   0.000000   0.000000   0.000000   0.000000   0.000000
     57       0.000000   0.000000   0.000000   0.000000   0.000000   0.000000
     58       0.000000   0.000000   0.000000   0.000000   0.000000   0.000000
     59       0.000000   0.000000   0.000000   0.000000   0.000000   0.000000
                  6          7          8          9         10         11    
      0       0.024047  -0.042660   0.005906   0.096110  -0.082617   0.192028
      1       0.008333   0.006140   0.045659  -0.040757   0.068953   0.115993
      2       0.157122  -0.039710  -0.071483   0.072621  -0.080934  -0.013273
      3       0.011559  -0.089759   0.201162  -0.005480  -0.042377   0.008625
      4       0.087778   0.011730  -0.025556  -0.042075   0.005478   0.067878
      5       0.000266  -0.080165   0.175187   0.000080   0.060864  -0.000004
      6      -0.021010  -0.043087  -0.005836  -0.103480  -0.096983  -0.156822
      7       0.013763   0.004834  -0.045837  -0.015516  -0.046146   0.160490
      8      -0.156987  -0.040987  -0.071327  -0.072677  -0.080507   0.012998
      9       0.010283  -0.012148   0.012978   0.003161  -0.017004  -0.181891
     10      -0.006294  -0.000982   0.000389   0.122148  -0.001048   0.029086
     11      -0.000302   0.060613  -0.062882   0.051184   0.071524  -0.047739
     12      -0.102833  -0.034330  -0.096535   0.110972   0.086081  -0.166392
     13       0.002265   0.059086   0.041724  -0.039884  -0.048103  -0.123048
     14       0.135720   0.078757   0.047781  -0.010993  -0.012234  -0.093063
     15      -0.012658   0.295454  -0.022203  -0.005565   0.052380  -0.010994
     16      -0.091557  -0.038196   0.002837  -0.043135  -0.006529  -0.085826
     17       0.000416  -0.092122  -0.011382   0.000084   0.057829   0.000074
     18       0.100386  -0.047318  -0.104017  -0.117064   0.095521   0.130316
     19      -0.023544  -0.048655  -0.016043  -0.010639   0.024998  -0.160769
     20      -0.136211   0.077788   0.047911   0.010900  -0.012219   0.093244
     21      -0.011472  -0.011529   0.012498   0.027614  -0.016303   0.183398
     22      -0.003525   0.004162  -0.003663   0.118934   0.005133  -0.017506
     23      -0.000043   0.060562  -0.062933  -0.051143   0.071576   0.047791
     24      -0.029690   0.016782  -0.057270   0.015202   0.009432   0.293236
     25      -0.146759   0.004892   0.310557  -0.245156   0.338330   0.208959
     26       0.227577  -0.079635  -0.086224   0.173096  -0.203077  -0.101310
     27       0.102583  -0.089018  -0.062378   0.301743  -0.261419   0.048245
     28       0.100515   0.008394  -0.070647   0.020803  -0.055214   0.084383
     29       0.289232  -0.046007  -0.235268   0.186714  -0.272097  -0.085308
     30       0.027281  -0.156224   0.472479   0.005152   0.106917   0.013331
     31       0.208261   0.020754  -0.060328   0.040533  -0.013814   0.104392
     32       0.000082  -0.060610   0.102998   0.000003   0.024904  -0.000035
     33      -0.073761  -0.089081  -0.042821  -0.287458  -0.238519  -0.025720
     34       0.122728   0.015236   0.083744   0.095996   0.118478   0.094062
     35      -0.289558  -0.048404  -0.235452  -0.187441  -0.271770   0.084894
     36      -0.008400   0.014880  -0.133538  -0.076408  -0.075608  -0.231407
     37      -0.150326  -0.010394  -0.286555  -0.234578  -0.329840   0.275769
     38      -0.227097  -0.081532  -0.085740  -0.173200  -0.202078   0.100749
     39       0.123633   0.018077   0.058097   0.010624  -0.009943  -0.172907
     40      -0.023705  -0.025511   0.014998   0.181303  -0.019608   0.024810
     41       0.026004   0.059802  -0.044339   0.074120   0.065600  -0.047507
     42      -0.080051  -0.090053  -0.068132   0.081347   0.042519  -0.219531
     43       0.182227   0.379343   0.199579  -0.232146  -0.219916  -0.211669
     44       0.230418   0.082732   0.149374  -0.122986  -0.143752  -0.211833
     45      -0.254702  -0.222077  -0.255027   0.333126   0.264586  -0.010029
     46      -0.091080  -0.070914  -0.019532   0.010386   0.023655  -0.104562
     47       0.226291   0.216452   0.091447  -0.013715  -0.062241  -0.079363
     48      -0.008194   0.369505  -0.006928  -0.015633   0.053343   0.013363
     49      -0.054917  -0.047661   0.000827  -0.121425  -0.006621   0.105290
     50       0.001143  -0.352099  -0.069527   0.000395   0.065724   0.000106
     51       0.225059  -0.195699  -0.242343  -0.319047   0.250809  -0.016370
     52      -0.153468   0.123772   0.083382   0.093560  -0.089666  -0.103615
     53      -0.227558   0.214577   0.091537   0.013348  -0.062042   0.079455
     54       0.124460  -0.181641  -0.116229  -0.136635   0.096572   0.159549
     55       0.158330  -0.343554  -0.176138  -0.203428   0.202489  -0.259622
     56      -0.231325   0.081626   0.149950   0.122895  -0.144293   0.212150
     57      -0.125818   0.023000   0.052632   0.035165  -0.004658   0.173567
     58       0.007965   0.020463  -0.029051   0.178107   0.021203  -0.019372
     59      -0.026349   0.059490  -0.044361  -0.074224   0.065701   0.047536
                 12         13         14         15         16         17    
      0      -0.047056   0.062158   0.046480  -0.158192  -0.191540  -0.020760
      1      -0.098948   0.149959  -0.006514  -0.054582  -0.058368   0.075227
      2      -0.041291   0.045319   0.031218  -0.008089  -0.012789   0.062636
      3       0.153262  -0.237386  -0.011267  -0.035940  -0.000720   0.167493
      4      -0.019636   0.030407  -0.087766   0.004650  -0.005428  -0.019280
      5      -0.062430   0.113125   0.000115   0.036603   0.000029  -0.109930
      6      -0.020857   0.022494  -0.046724  -0.139487   0.170650  -0.041692
      7       0.107562  -0.160682   0.005155   0.092577  -0.104409  -0.056111
      8      -0.041519   0.045570  -0.031226  -0.008277   0.012931   0.084563
      9      -0.109083   0.073801   0.071836   0.040827   0.049823  -0.000450
     10       0.008057  -0.063646   0.101542   0.075219   0.191095   0.053389
     11      -0.063183  -0.195734  -0.238885  -0.138568  -0.056423  -0.022672
     12      -0.076500  -0.037231   0.058602   0.144024  -0.164790   0.014392
     13      -0.134534  -0.088258   0.002843   0.063827  -0.074627   0.050738
     14       0.024827  -0.003342  -0.014727   0.049942  -0.082546  -0.027642
     15       0.156834   0.085748  -0.011666   0.015765  -0.002786   0.002684
     16      -0.019864  -0.010774  -0.091445  -0.001972  -0.021800  -0.001378
     17       0.232762   0.170892   0.000031   0.040791   0.000064   0.062127
     18      -0.040350  -0.013838  -0.055998   0.123317   0.140896  -0.006041
     19       0.149410   0.094752   0.017494  -0.097788  -0.113532  -0.058015
     20       0.024671  -0.003516   0.014800   0.049926   0.082674  -0.011627
     21      -0.107587   0.087397  -0.043845   0.020551  -0.000174  -0.020195
     22       0.019643   0.042706   0.116671  -0.083431   0.197512  -0.054308
     23      -0.063162  -0.195966   0.238612  -0.138534   0.056001  -0.023406
     24      -0.172861   0.030087   0.236199  -0.308366  -0.259319   0.015969
     25      -0.259308   0.191815   0.118510  -0.153482  -0.206887   0.183355
     26       0.079271   0.058414  -0.129235   0.116375   0.063233  -0.000909
     27       0.083621   0.188694  -0.050074  -0.096731  -0.039557  -0.261176
     28       0.007133   0.040114  -0.121880   0.034987   0.002490   0.113482
     29       0.120185  -0.074755  -0.134620   0.126753   0.098274   0.060574
     30       0.248032  -0.449648  -0.008203   0.211628  -0.013698  -0.680799
     31      -0.031729   0.057601  -0.064326  -0.026943  -0.107409   0.070840
     32      -0.094441   0.177404   0.000078  -0.028188   0.000096   0.084770
     33       0.078871   0.172556   0.017793  -0.102324   0.038779  -0.344715
     34      -0.027746  -0.086210  -0.130463  -0.009457  -0.007537   0.018550
     35       0.120252  -0.074842   0.134780   0.126861  -0.098207   0.025521
     36      -0.102367  -0.018960  -0.198984  -0.260025   0.198868  -0.022954
     37       0.294635  -0.193298   0.174089   0.226475  -0.265285  -0.257172
     38       0.078817   0.058604   0.129017   0.116095  -0.062784  -0.019190
     39       0.021202   0.020167   0.051164   0.045312   0.030597  -0.147684
     40       0.017768   0.155749  -0.126337   0.125848   0.348214   0.165201
     41      -0.023493  -0.129072  -0.332786  -0.127863  -0.001451  -0.025713
     42      -0.130488   0.025581   0.178613   0.231278  -0.182542   0.044098
     43      -0.298914  -0.041136   0.138463   0.166823  -0.142642   0.050607
     44      -0.108579   0.132721   0.247958   0.230842  -0.128641   0.033349
     45       0.079111  -0.207380  -0.119982   0.026768  -0.070310  -0.027178
     46      -0.014653  -0.044335  -0.110901  -0.013009  -0.056008   0.056326
     47      -0.110411  -0.125931   0.095313   0.135928  -0.087416  -0.047146
     48       0.324173   0.199383  -0.018470  -0.059998   0.035133   0.068581
     49      -0.041655  -0.025535  -0.144613   0.007830   0.275409  -0.013449
     50      -0.283220  -0.180968   0.000109   0.295361  -0.000009  -0.128418
     51       0.080163  -0.189742   0.088325   0.028938   0.053800   0.021543
     52      -0.006026   0.094966  -0.137722   0.006374  -0.071534  -0.092839
     53      -0.110411  -0.125985  -0.095006   0.135814   0.087520  -0.038004
     54      -0.051332   0.035188  -0.138136   0.181958   0.141047   0.020999
     55       0.321886   0.033403   0.178528  -0.219322  -0.184044  -0.003683
     56      -0.109072   0.132860  -0.248178   0.231221   0.129144  -0.000838
     57       0.016189  -0.019724  -0.081197   0.012051   0.057955  -0.160781
     58      -0.022486  -0.156037  -0.109336  -0.133558   0.344720  -0.134272
     59      -0.023377  -0.129018   0.333018  -0.127766   0.000756  -0.016759
                 18         19         20         21         22         23    
      0      -0.025076  -0.005474  -0.034588   0.015245  -0.056480  -0.047800
      1      -0.036738  -0.113705   0.177820   0.014151  -0.074010  -0.020638
      2       0.097994   0.025383   0.003895  -0.015342  -0.024240   0.053452
      3       0.011748   0.013877   0.062489  -0.036774   0.014360  -0.028211
      4      -0.020670  -0.001761  -0.008002   0.004733   0.109431   0.004493
      5      -0.009333   0.030293  -0.077612   0.021672   0.000202  -0.029980
      6       0.008065   0.023373  -0.078145   0.011213   0.036917  -0.040429
      7      -0.052954   0.111275  -0.163329  -0.017747  -0.086618   0.030709
      8      -0.085633   0.024908   0.004333  -0.015573   0.023185   0.053890
      9      -0.023028   0.009161  -0.005871   0.042669  -0.143910   0.108134
     10       0.022254   0.045042  -0.027855   0.084613   0.017037   0.012496
     11      -0.005294  -0.032087  -0.004510  -0.021020  -0.031614   0.031191
     12      -0.022967  -0.010844  -0.000705  -0.045453   0.047659  -0.030087
     13       0.033451  -0.155981  -0.120843   0.054865   0.082003  -0.050010
     14       0.065317   0.049146   0.062263   0.066286  -0.007031  -0.055688
     15       0.001451  -0.007691   0.007333  -0.025108  -0.012990  -0.035124
     16       0.009356   0.000809  -0.001087   0.003182  -0.104802   0.003591
     17       0.005368  -0.131522  -0.129118  -0.053046   0.000091   0.006441
     18       0.030309   0.028877   0.029701  -0.057787  -0.025098  -0.016901
     19       0.017099   0.154036   0.117196  -0.041612   0.089952   0.057451
     20      -0.068870   0.048616   0.062327   0.066416   0.008094  -0.055757
     21       0.024945  -0.002281   0.001257   0.020165   0.141235   0.103855
     22       0.007127  -0.045987   0.028422  -0.092558  -0.018667  -0.039601
     23       0.001601  -0.031963  -0.004713  -0.021062   0.030913   0.031839
     24       0.113465   0.043031  -0.107424  -0.039271  -0.055047   0.090898
     25       0.318310   0.140983  -0.087059  -0.028318  -0.122945   0.007973
     26      -0.079312  -0.068959   0.109777   0.033168  -0.012470  -0.046108
     27      -0.349252  -0.161068   0.063780   0.081076  -0.188351  -0.354720
     28      -0.179847  -0.247187   0.368931   0.025807   0.054461   0.070995
     29      -0.143778  -0.169324   0.258876   0.013337   0.120658   0.120876
     30      -0.039457  -0.516471   0.267410   0.026827   0.003880   0.447239
     31       0.139989   0.066317  -0.034391  -0.003099   0.072624  -0.056745
     32       0.006772   0.162773  -0.139492   0.008556   0.001574  -0.143044
     33       0.240271  -0.092689  -0.031666   0.072737   0.204014  -0.358115
     34      -0.264921   0.278605  -0.372111  -0.046099   0.004397   0.020950
     35       0.152052  -0.169368   0.259136   0.013772  -0.123172   0.118811
     36      -0.034390   0.006095  -0.081775  -0.030753   0.020409   0.086267
     37       0.300133  -0.146292   0.110607   0.038175  -0.131992  -0.033123
     38       0.077309  -0.068440   0.109310   0.033187   0.013813  -0.045858
     39       0.098212   0.123095   0.038718   0.138722  -0.505434   0.129468
     40       0.034902   0.171291   0.122398   0.260245   0.081913   0.081109
     41       0.034960   0.046629   0.070889   0.069911  -0.113032   0.064348
     42      -0.093745   0.003463  -0.031893  -0.090310   0.040201   0.050306
     43      -0.218315  -0.065592  -0.058654  -0.266424   0.109943  -0.013898
     44      -0.142873   0.079211   0.003112  -0.117757  -0.004183   0.109674
     45       0.300765  -0.025649   0.036868   0.380940   0.112478  -0.202462
     46       0.124120  -0.237388  -0.184660   0.129657  -0.035985  -0.029415
     47       0.033722   0.165505   0.170512   0.089769   0.184844  -0.147193
     48       0.010770  -0.105512  -0.145270   0.101362  -0.036198   0.102052
     49       0.038116   0.013460   0.018715  -0.013345  -0.275137  -0.015730
     50      -0.010543   0.136223   0.313790  -0.461631   0.004863  -0.432609
     51      -0.262026   0.033685   0.082880   0.336009  -0.113913  -0.190882
     52       0.184005   0.237396   0.169223  -0.221194  -0.008847   0.079329
     53      -0.041457   0.164845   0.170345   0.089994  -0.181776  -0.150353
     54       0.040150   0.019955  -0.016142  -0.020229  -0.012341   0.052056
     55      -0.240460   0.061805   0.065443   0.280380   0.116332   0.002537
     56       0.145912   0.079674   0.002733  -0.117768   0.001665   0.109881
     57      -0.115805   0.075956   0.007038   0.069002   0.507427   0.113200
     58       0.037491  -0.196771  -0.128108  -0.286183  -0.044654  -0.112008
     59      -0.038631   0.046940   0.071002   0.070005   0.111401   0.066525
                 24         25         26         27         28         29    
      0      -0.082232   0.017349   0.024542  -0.071293  -0.017076   0.002800
      1       0.002320  -0.053460   0.011569   0.165980   0.023266  -0.008322
      2      -0.023929   0.061942  -0.002484   0.104493  -0.079013  -0.007403
      3       0.051099   0.003201  -0.001540  -0.036726   0.023764   0.003451
      4      -0.005664   0.034529   0.000103  -0.287123  -0.003313   0.026930
      5       0.036974  -0.000910  -0.017385   0.000143   0.047221   0.000043
      6      -0.081585  -0.026476   0.020887   0.110743  -0.022198  -0.004795
      7       0.016137  -0.048158  -0.017289   0.142759  -0.018041  -0.007351
      8      -0.026818  -0.060534  -0.002526  -0.104389  -0.079180   0.007269
      9       0.068156  -0.004882  -0.060232  -0.056348  -0.000264   0.046494
     10      -0.086613   0.028347  -0.008948   0.010745   0.057220  -0.008048
     11       0.018575   0.068178  -0.005889   0.062469   0.079745   0.020131
     12      -0.009283   0.043325   0.061017   0.012479   0.034320  -0.047609
     13      -0.001607  -0.050363  -0.028257   0.055298  -0.027671   0.104415
     14       0.004771  -0.079314   0.028587  -0.079955  -0.067294  -0.056818
     15      -0.029115   0.003101  -0.075452  -0.011470  -0.037564  -0.020218
     16       0.004156   0.018520   0.009549  -0.091100   0.004786  -0.158351
     17      -0.033038   0.000771  -0.008903  -0.000022   0.036963   0.000204
     18      -0.011112  -0.054092   0.066178   0.001558   0.040064   0.072330
     19       0.002087  -0.037752   0.012125   0.056645   0.018081   0.089103
     20       0.008471   0.078927   0.028689   0.080176  -0.067140   0.056561
     21       0.088068   0.007825  -0.056066   0.057400  -0.014478  -0.047037
     22       0.067891   0.022984   0.023803  -0.003547  -0.055185   0.003829
     23       0.015237  -0.068999  -0.005967  -0.062823   0.079648  -0.020045
     24      -0.218222  -0.022803   0.043148  -0.096270  -0.124383  -0.209554
     25      -0.071446   0.277162   0.027759   0.141680  -0.157105   0.153341
     26       0.081979   0.018249  -0.017389   0.113741   0.035032   0.107426
     27       0.070654  -0.110160   0.039398  -0.196943   0.325512   0.370019
     28       0.035743  -0.209000  -0.012145   0.220428   0.024247  -0.227358
     29       0.049710  -0.161664  -0.034600   0.151995  -0.012880  -0.220079
     30      -0.460858   0.046003   0.084076  -0.046038  -0.247970   0.025990
     31       0.065563   0.273681  -0.010813  -0.366064   0.031207   0.205875
     32       0.153356  -0.003829  -0.036998   0.000018   0.107906  -0.000019
     33       0.061830   0.050369   0.041088   0.244658   0.310102  -0.414997
     34      -0.063029  -0.226669   0.001791   0.164271  -0.104680  -0.126915
     35       0.057386   0.159553  -0.034537  -0.152339  -0.013493   0.220452
     36      -0.188871   0.100930   0.034936   0.128620  -0.080915   0.241299
     37       0.136340   0.256043  -0.037555   0.111963   0.183448   0.095817
     38       0.080896  -0.022713  -0.017417  -0.113899   0.034621  -0.107643
     39       0.246684  -0.054119  -0.257309  -0.039180   0.053086   0.040842
     40      -0.405881   0.220092  -0.151851  -0.049319   0.358499  -0.155755
     41      -0.048394   0.127891  -0.115883   0.045951   0.209447  -0.036577
     42       0.012453   0.070343   0.184543  -0.082571   0.072691  -0.069538
     43      -0.085238   0.283078  -0.012284   0.248875   0.163562  -0.036560
     44       0.016261   0.074999   0.255580  -0.177913   0.070142  -0.118670
     45       0.039412  -0.318821   0.048241  -0.024312  -0.211794   0.019027
     46       0.038357  -0.161569  -0.142490  -0.106981  -0.094211   0.160408
     47      -0.042352  -0.026342   0.193824   0.138963  -0.046637  -0.132128
     48       0.044956  -0.005999   0.126820  -0.033640   0.042898  -0.035430
     49      -0.006847  -0.037898  -0.017029  -0.261934  -0.005842  -0.277724
     50      -0.276232   0.006867  -0.642105   0.001179  -0.199604   0.000312
     51       0.041023   0.265404   0.082949  -0.003135  -0.180870   0.021744
     52      -0.058075  -0.233682   0.126058  -0.111037   0.143888   0.160121
     53      -0.040883   0.028104   0.193875  -0.139494  -0.046914   0.131596
     54       0.033614   0.001580   0.181911   0.142311   0.029349   0.057885
     55       0.092851   0.287040  -0.033801   0.221360  -0.175746  -0.052893
     56       0.012644  -0.075705   0.255746   0.177145   0.070355   0.118377
     57       0.345329   0.091677  -0.211104   0.026354  -0.038649  -0.078635
     58       0.340056   0.183733   0.211611  -0.055988  -0.359963  -0.141024
     59      -0.055059  -0.125866  -0.116315  -0.046680   0.209795   0.037154
                 30         31         32         33         34         35    
      0      -0.030305   0.008564   0.024176   0.052978   0.014972   0.029630
      1       0.027595  -0.024511   0.012023   0.018285  -0.032002   0.005918
      2       0.012880  -0.021024  -0.007516  -0.054677  -0.011352   0.037346
      3      -0.004599   0.005908  -0.018854  -0.017055   0.001375  -0.021099
      4      -0.035996   0.045810   0.002534   0.002203   0.008050   0.002786
      5       0.000075  -0.000045   0.016120   0.064386   0.001672  -0.086947
      6       0.036305  -0.014539   0.020317   0.046816  -0.023302   0.026299
      7       0.019052  -0.021453  -0.017800  -0.030950  -0.026801  -0.014039
      8      -0.013019   0.021024  -0.007399  -0.054691   0.009872   0.037786
      9      -0.034471   0.024120   0.024083  -0.020496  -0.002531  -0.022318
     10       0.007509   0.003956   0.086374   0.140730   0.087913   0.049578
     11      -0.018270   0.006038   0.002035   0.019347   0.084880   0.018725
     12       0.009142   0.001423  -0.014660  -0.018807  -0.006878   0.003767
     13      -0.045123   0.000294  -0.014736  -0.021270  -0.011825  -0.006796
     14       0.040389  -0.036203  -0.060102   0.013636  -0.007528  -0.008151
     15       0.010019   0.001804  -0.020276   0.045489  -0.001845   0.005043
     16       0.078760   0.013561   0.002671  -0.005827  -0.014180  -0.000916
     17      -0.000076  -0.000226   0.075862  -0.041212   0.000069  -0.005830
     18      -0.020126  -0.001240  -0.010532  -0.012872   0.003449   0.005572
     19      -0.041426   0.000633   0.017900   0.025387  -0.013274   0.005240
     20      -0.040318   0.036517  -0.059835   0.013470   0.007845  -0.007833
     21       0.035181  -0.022369   0.001421  -0.055299   0.025539  -0.033472
     22      -0.001381   0.010277  -0.089659  -0.131405   0.085326  -0.039628
     23       0.018289  -0.006009   0.002177   0.019969  -0.085595   0.016052
     24      -0.286136   0.071622  -0.016065   0.045597  -0.021239  -0.374779
     25       0.169520  -0.081517   0.013611  -0.112756  -0.008126   0.359860
     26       0.160429  -0.051979   0.022245  -0.018239   0.002492   0.245265
     27       0.292671   0.014477  -0.079216  -0.144277  -0.227957   0.145337
     28      -0.135364  -0.027049   0.091235   0.211475   0.067103  -0.132198
     29      -0.132335  -0.020089   0.071317   0.153781   0.073662  -0.118481
     30       0.016095   0.000072  -0.021376  -0.129288  -0.001638   0.149575
     31       0.127063   0.001164   0.002683   0.016493   0.010309  -0.018826
     32      -0.000012   0.000012   0.019716   0.095396   0.002408  -0.124955
     33      -0.317306  -0.020289  -0.099777  -0.193968   0.230125   0.181663
     34      -0.057443  -0.022288  -0.068362  -0.168108   0.003588   0.091470
     35       0.132650   0.019843   0.071555   0.154363  -0.068722  -0.121104
     36       0.319389  -0.089542  -0.019660   0.072028   0.035019  -0.451992
     37       0.092015  -0.060569  -0.009479   0.097564  -0.003806  -0.253827
     38      -0.160580   0.051897   0.022622  -0.018223  -0.011344   0.245396
     39      -0.262837   0.213975   0.119940  -0.021883  -0.027163   0.223171
     40      -0.148083  -0.163889  -0.268494  -0.300143  -0.587121  -0.127541
     41      -0.142668  -0.000588  -0.106889  -0.150769  -0.171481   0.024707
     42       0.017621  -0.175908  -0.158616   0.141805   0.054841   0.055156
     43      -0.029699   0.236613   0.211790  -0.186034  -0.049348  -0.010832
     44       0.049029  -0.288102  -0.238061   0.251891   0.101982   0.084312
     45       0.110236   0.168528   0.111540  -0.127025  -0.084984  -0.055499
     46      -0.135301  -0.250853  -0.294366   0.147360   0.035312   0.040359
     47       0.206102   0.378035   0.376585  -0.262975  -0.100641  -0.091530
     48       0.033555   0.004102   0.015552  -0.025429   0.018900   0.000683
     49       0.262604   0.032460  -0.001950   0.002915   0.148253   0.002626
     50      -0.000434  -0.000016   0.009076   0.147098  -0.000002   0.004029
     51      -0.140769  -0.227442   0.180560  -0.160117   0.093051  -0.061311
     52      -0.103450  -0.202347   0.255960  -0.110778   0.013661  -0.024915
     53      -0.205817  -0.379786   0.373444  -0.262529   0.103213  -0.088607
     54      -0.024368   0.231018  -0.205152   0.184188  -0.066979   0.053911
     55      -0.024470   0.186206  -0.164051   0.144789  -0.033676  -0.004439
     56      -0.048799   0.289229  -0.235691   0.251892  -0.104159   0.080875
     57       0.217465  -0.249633   0.182138   0.054774  -0.129493   0.244263
     58      -0.209185  -0.105870   0.229368   0.298333  -0.575478   0.049010
     59       0.143041   0.001235  -0.107423  -0.151970   0.170768   0.030114
                 36         37         38         39         40         41    
      0      -0.052811   0.032202   0.060483  -0.054564  -0.076216  -0.041000
      1       0.015974   0.003991  -0.032376   0.002859   0.038885   0.033003
      2       0.024587   0.006716  -0.059626  -0.003695   0.058763   0.037715
      3       0.002117  -0.005402  -0.003243   0.002051   0.025353   0.013210
      4       0.016713   0.000796  -0.025522   0.016653  -0.003182  -0.001681
      5      -0.000070   0.023660   0.000084   0.000022  -0.023273  -0.016717
      6       0.055192   0.030512  -0.066653   0.053991  -0.083150  -0.047932
      7       0.002143  -0.011797  -0.016156  -0.010873  -0.018367  -0.021596
      8      -0.024558   0.006281   0.059830   0.003474   0.058641   0.037737
      9      -0.025879  -0.114964  -0.017882  -0.152009  -0.002824   0.004106
     10       0.029914  -0.029924   0.011239   0.022425   0.041136   0.064118
     11      -0.003661  -0.037303  -0.056056  -0.020895  -0.002138  -0.017637
     12       0.043032   0.047358   0.017502   0.015719  -0.047207   0.064278
     13      -0.047461   0.016848  -0.020752   0.001667   0.012622  -0.039837
     14       0.074222   0.002668   0.041303  -0.020495  -0.051724   0.082313
     15       0.003898  -0.023143   0.003179   0.003316   0.036492  -0.044025
     16       0.030244   0.002838   0.024965   0.026793  -0.004663   0.005718
     17      -0.000017   0.003559  -0.000001  -0.000022   0.005151  -0.013382
     18      -0.053663   0.041845  -0.022035  -0.014505  -0.048849   0.072197
     19      -0.035294  -0.028070  -0.015958   0.005558  -0.000349   0.022472
     20      -0.074298   0.003051  -0.041418   0.020713  -0.051491   0.082146
     21       0.032494  -0.104256   0.019379   0.152635  -0.012498  -0.012110
     22       0.022569   0.057740   0.006793  -0.016192  -0.039191  -0.063068
     23       0.003644  -0.037812   0.055773   0.020834  -0.002140  -0.017520
     24       0.182373   0.173250  -0.408018  -0.045366   0.326295   0.177093
     25      -0.096021  -0.016270   0.188818  -0.068445  -0.078534  -0.090219
     26      -0.115257  -0.084566   0.222691   0.001606  -0.191067  -0.087723
     27       0.176030  -0.154650  -0.182080   0.155541   0.326595   0.172245
     28      -0.100222   0.115983   0.156849  -0.093957  -0.165166  -0.126050
     29      -0.081693   0.105082   0.136414  -0.080572  -0.135231  -0.122771
     30      -0.010047  -0.024911   0.018859  -0.006993   0.070275   0.050930
     31      -0.079192   0.002656   0.147675  -0.053675  -0.009446  -0.006660
     32      -0.000017   0.030481  -0.000043   0.000109  -0.041291  -0.030091
     33      -0.195455  -0.179877   0.215130  -0.175973   0.356275   0.198108
     34      -0.052481  -0.073882   0.105369  -0.052142   0.076849   0.078450
     35       0.081654   0.106047  -0.136044   0.081437  -0.134484  -0.122868
     36      -0.201396   0.168168   0.444416   0.024807   0.334717   0.194092
     37      -0.047292  -0.028469   0.079692  -0.077950  -0.006873   0.042778
     38       0.115783  -0.082786  -0.223983  -0.000407  -0.190726  -0.087785
     39      -0.083753   0.578929   0.173720   0.545648   0.166517   0.016148
     40      -0.116949   0.019719   0.027685  -0.107300  -0.106544  -0.148780
     41      -0.075818   0.183995   0.000548   0.135581  -0.010619  -0.103281
     42      -0.219485   0.045553  -0.126555   0.160644   0.148936  -0.213467
     43       0.157054   0.106653   0.109778  -0.043139  -0.082952   0.177767
     44      -0.335503   0.016730  -0.185987   0.226967   0.264521  -0.347440
     45      -0.215884   0.003633  -0.053215  -0.013994   0.144682  -0.211112
     46       0.112808   0.035945   0.063473  -0.009192  -0.037448   0.128492
     47      -0.243116  -0.029596  -0.100237  -0.008864   0.091696  -0.246683
     48      -0.038832   0.021132  -0.033478  -0.023027  -0.006746   0.007231
     49      -0.303819  -0.001580  -0.262449  -0.180557   0.001100  -0.001734
     50       0.000400  -0.120948   0.000087  -0.000285   0.137897  -0.176420
     51       0.237529  -0.006295   0.067839   0.010669   0.149138  -0.236120
     52       0.055505  -0.036202   0.048070  -0.012547  -0.000092  -0.071900
     53       0.243349  -0.030638   0.100334   0.008374   0.091386  -0.246399
     54       0.252340   0.016399   0.150751  -0.167152   0.163920  -0.251089
     55       0.097455  -0.115247   0.074175  -0.002266   0.043133  -0.119258
     56       0.335754   0.015828   0.186702  -0.228102   0.262902  -0.346688
     57       0.052473   0.557279  -0.156762  -0.554473   0.186109   0.052995
     58      -0.134498  -0.164509   0.069449   0.032575   0.061089   0.139496
     59       0.076426   0.184175   0.000672  -0.135094  -0.011262  -0.103374
                 42         43         44         45         46         47    
      0      -0.006064   0.033606  -0.026417   0.020047  -0.012735  -0.020879
      1      -0.018524   0.043368  -0.056202   0.012208  -0.014746   0.027685
      2      -0.001177   0.014122  -0.015949   0.007539   0.001221  -0.029758
      3      -0.000390   0.001362  -0.006394   0.002786  -0.000494  -0.010124
      4      -0.003013   0.010782   0.000843   0.021746   0.000203  -0.079383
      5       0.000010  -0.000003   0.003016  -0.000014  -0.001480   0.000056
      6       0.001243  -0.021612  -0.011459  -0.016220  -0.008736   0.027118
      7      -0.019432   0.050512   0.061027   0.016526   0.017453   0.021616
      8       0.001176  -0.014240  -0.016055  -0.007525   0.001098   0.029739
      9       0.028094   0.015628   0.007803  -0.009769  -0.005123  -0.005404
     10       0.008210   0.002063   0.000063  -0.003785   0.003201  -0.000352
     11       0.014585   0.002940  -0.000731  -0.009892  -0.003795  -0.001712
     12      -0.038184  -0.033511  -0.005919   0.049180   0.030712   0.008521
     13       0.010513  -0.018015  -0.020073   0.046621   0.054132   0.010245
     14      -0.018596  -0.006175   0.008466   0.010825   0.001067   0.003249
     15       0.012855   0.005777  -0.005459  -0.002994   0.007913  -0.000521
     16       0.100452   0.045214   0.000602  -0.023399  -0.001026  -0.004153
     17      -0.000069  -0.000036  -0.000744   0.000022  -0.002743  -0.000000
     18       0.039488   0.027923  -0.000886  -0.035990   0.015981  -0.005639
     19       0.000684  -0.025867   0.021161   0.057726  -0.059789   0.011922
     20       0.018489   0.006222   0.008353  -0.010962   0.001150  -0.003266
     21      -0.025110  -0.014604   0.007602   0.008514  -0.005739   0.005125
     22       0.015022   0.005915  -0.002059  -0.006073  -0.001835  -0.001714
     23      -0.014579  -0.002943  -0.000678   0.009930  -0.003767   0.001705
     24       0.063885  -0.116314   0.093425  -0.096380   0.055108   0.085954
     25       0.137071  -0.369320   0.413606  -0.110740   0.129641  -0.215690
     26      -0.078396   0.190561  -0.188214   0.109253  -0.071888  -0.059512
     27       0.072901  -0.255330   0.256587  -0.106498   0.105220  -0.054291
     28       0.069803  -0.191741   0.202056  -0.082267   0.049990   0.036828
     29       0.118322  -0.320299   0.349199  -0.130200   0.102810  -0.031271
     30       0.000527  -0.009696  -0.015578  -0.027582   0.000819   0.115095
     31       0.004268  -0.075759   0.001696  -0.216057  -0.001655   0.900978
     32       0.000012   0.000064   0.005750   0.000165  -0.002038  -0.000689
     33      -0.053150   0.199267   0.197697   0.081105   0.089351   0.062112
     34       0.085608  -0.249675  -0.259580  -0.104839  -0.074994   0.021951
     35      -0.118331   0.321256   0.349673   0.128514   0.103135   0.031347
     36      -0.027471   0.019534  -0.013470   0.065261   0.021290  -0.137232
     37       0.148785  -0.387714  -0.424177  -0.129225  -0.139239  -0.187264
     38       0.078201  -0.190203  -0.187702  -0.107906  -0.072112   0.059618
     39      -0.078811  -0.072569  -0.058503   0.040997   0.035679   0.023698
     40      -0.040613  -0.003504   0.006917   0.023877  -0.003910  -0.003005
     41      -0.032643  -0.025189  -0.020072   0.011653   0.000942   0.006305
     42       0.025259   0.008625  -0.024013  -0.025390   0.004285  -0.005540
     43      -0.312206   0.057935   0.152572  -0.363304  -0.447253  -0.084345
     44       0.034842   0.088857   0.018770  -0.208459  -0.160746  -0.040106
     45      -0.118531   0.125716   0.110446  -0.393037  -0.402155  -0.085679
     46      -0.153431   0.021680   0.068883  -0.142744  -0.170983  -0.032878
     47       0.176711  -0.008232  -0.075141   0.130685   0.175173   0.034824
     48      -0.091554  -0.046014  -0.003747   0.031207   0.009197   0.003715
     49      -0.716585  -0.360235   0.001330   0.244488  -0.000874   0.029020
     50       0.000701   0.000282  -0.010578  -0.000150   0.005218  -0.000009
     51       0.076981  -0.116409   0.090993   0.346128  -0.344285   0.073886
     52      -0.178976   0.052740  -0.095401  -0.238325   0.265361  -0.052819
     53      -0.176508   0.008217  -0.075347  -0.131070   0.173902  -0.034356
     54      -0.102856   0.006209  -0.061710  -0.067056   0.115937  -0.015571
     55      -0.296549   0.058262  -0.142810  -0.359554   0.429285  -0.082001
     56      -0.033669  -0.089073   0.019997   0.210028  -0.160537   0.039897
     57       0.065953   0.069247  -0.058561  -0.033710   0.035366  -0.023584
     58      -0.059146  -0.021604   0.008160   0.033371  -0.005073   0.003046
     59       0.032786   0.025191  -0.020158  -0.011616   0.000898  -0.006311
                 48         49         50         51         52         53    
      0      -0.000706   0.000776  -0.028556   0.029264   0.016783  -0.010250
      1       0.000050   0.000088  -0.025558   0.027168   0.020188  -0.019641
      2      -0.000849   0.000495  -0.021611   0.022473   0.005529   0.003831
      3      -0.000034  -0.000143  -0.000049  -0.001841   0.000059   0.000067
      4      -0.000032   0.000026  -0.000968   0.000207   0.000292  -0.000005
      5      -0.000018  -0.000092   0.000043  -0.001077   0.000015   0.000314
      6       0.000904   0.000367   0.019460   0.022748  -0.011705  -0.005085
      7      -0.000225  -0.000199  -0.029173  -0.035463   0.024629   0.021644
      8       0.000929   0.000076   0.019806   0.023855  -0.006106   0.003616
      9       0.004361   0.002806   0.007303   0.005140   0.013023   0.014515
     10       0.005603   0.003678   0.010570   0.008736   0.015521   0.019260
     11      -0.011968  -0.007275  -0.027274  -0.020535  -0.044691  -0.047934
     12      -0.054647  -0.036215   0.004450   0.003232   0.007805   0.011596
     13      -0.019448  -0.011828   0.005158   0.004355   0.003469  -0.003724
     14       0.021189   0.015267   0.000545   0.000471  -0.001724  -0.008073
     15       0.000541   0.003479   0.000020  -0.000214  -0.000012  -0.000932
     16      -0.001405  -0.000165   0.000079   0.000028  -0.000148   0.000117
     17       0.000899   0.004328   0.000011  -0.000184   0.000006  -0.000301
     18       0.031229  -0.048481  -0.003170   0.001677  -0.006767   0.012057
     19      -0.021730   0.031914   0.006494  -0.004460   0.005461   0.000313
     20      -0.013296   0.022338  -0.000582   0.000467   0.001729  -0.007843
     21      -0.001878   0.002793  -0.004534   0.002236  -0.008710   0.009256
     22       0.004322  -0.006596   0.012633  -0.008407   0.018464  -0.022504
     23       0.008133  -0.011589   0.028336  -0.017361   0.044874  -0.048230
     24       0.007552  -0.007891   0.304712  -0.311105  -0.160567   0.079736
     25       0.001926  -0.001687   0.085918  -0.091422  -0.044177   0.021660
     26       0.010314  -0.010405   0.448660  -0.459772  -0.232316   0.115523
     27      -0.000391   0.000323   0.024159  -0.025529  -0.024541   0.026961
     28      -0.001382  -0.001745   0.221599  -0.230064  -0.195833   0.199503
     29       0.000596   0.002432  -0.184402   0.188876   0.161197  -0.160682
     30       0.000300   0.001476  -0.000647   0.011053  -0.000027  -0.002068
     31      -0.000031  -0.000189  -0.001602  -0.001470   0.000884   0.000263
     32       0.000185   0.001033  -0.000701   0.017958  -0.000223   0.003476
     33       0.000337   0.000684   0.029691   0.035034  -0.026370  -0.024115
     34      -0.000567   0.002105   0.202480   0.242001  -0.202081  -0.200007
     35       0.000505   0.002504   0.168911   0.198992  -0.165865  -0.160278
     36      -0.008864  -0.003633  -0.250731  -0.294422   0.151299   0.073009
     37       0.004693   0.001643   0.145519   0.175386  -0.086887  -0.041551
     38      -0.013150  -0.004990  -0.411394  -0.486687   0.243911   0.117660
     39      -0.045703  -0.028820  -0.092658  -0.067985  -0.151415  -0.163400
     40      -0.059029  -0.035934  -0.122035  -0.094210  -0.190317  -0.210962
     41       0.148324   0.090020   0.322365   0.243083   0.519561   0.558453
     42       0.685481   0.452486  -0.062154  -0.045723  -0.094180  -0.116838
     43       0.097371   0.071166  -0.008135  -0.006611  -0.013777  -0.020007
     44      -0.388603  -0.260044   0.035525   0.027227   0.050280   0.061590
     45      -0.051473  -0.029094   0.013614   0.010437   0.008089  -0.013676
     46       0.146711   0.080119  -0.052994  -0.042329  -0.028915   0.064509
     47       0.110189   0.059665  -0.037428  -0.029030  -0.022513   0.042575
     48      -0.008565  -0.033868   0.000075   0.003959   0.000244   0.011896
     49      -0.011296   0.006885   0.001861  -0.000408   0.002528  -0.001546
     50      -0.003967  -0.019206  -0.000068   0.001662  -0.000036   0.004752
     51       0.060472  -0.079212  -0.028104   0.018439  -0.015630  -0.027333
     52       0.090664  -0.116459  -0.050767   0.034185  -0.026877  -0.054883
     53      -0.077752   0.099404   0.039757  -0.025823   0.023298   0.039554
     54      -0.418660   0.639393   0.061480  -0.036511   0.089188  -0.108780
     55       0.172089  -0.274134  -0.024962   0.015432  -0.037720   0.049076
     56       0.252613  -0.392791  -0.037679   0.023568  -0.051199   0.062003
     57       0.019562  -0.029333   0.061098  -0.035212   0.099007  -0.105741
     58      -0.046665   0.066907  -0.147690   0.092424  -0.224213   0.247809
     59      -0.100798   0.143387  -0.335001   0.205800  -0.521740   0.561970
                 54         55         56         57         58         59    
      0      -0.005844   0.008188  -0.011494   0.006835   0.003329   0.000264
      1       0.012115  -0.010050   0.038396  -0.024818  -0.002599  -0.000254
      2      -0.022248   0.023222  -0.059219   0.037546   0.003693   0.000377
      3      -0.000091  -0.001298   0.000247  -0.002101   0.012911   0.000994
      4      -0.000525   0.000201  -0.001508  -0.000064  -0.001595  -0.000123
      5      -0.000013  -0.001528   0.000782  -0.003663   0.069867   0.005471
      6       0.009091   0.009437   0.013742   0.020630   0.003876   0.000320
      7       0.010026   0.006279   0.022044   0.034857   0.001680   0.000181
      8       0.022723   0.020471   0.038594   0.059385   0.003690   0.000377
      9       0.000604  -0.001697  -0.001257  -0.002121   0.000098   0.000340
     10      -0.000009  -0.004293  -0.001736  -0.003412   0.000118  -0.000169
     11       0.000396   0.010323   0.005122   0.010006   0.000135   0.000495
     12       0.019832   0.014943  -0.006416  -0.010063   0.000097  -0.003480
     13      -0.042204  -0.041208   0.012268   0.019999   0.000012  -0.001359
     14      -0.037130  -0.033056   0.011024   0.017629  -0.000237   0.003042
     15      -0.000103  -0.001087  -0.000160   0.000657   0.005280  -0.066358
     16      -0.000522   0.000160   0.000035  -0.000086  -0.000672   0.008462
     17       0.000019   0.000344   0.000048  -0.000211   0.002070  -0.025329
     18      -0.027881   0.026558   0.015400  -0.009999   0.000093  -0.003042
     19      -0.032875   0.038119   0.017318  -0.011486  -0.000034   0.002189
     20       0.034567  -0.035277  -0.018397   0.011991  -0.000240   0.003044
     21      -0.000651  -0.000560   0.001237  -0.000775   0.000065   0.000372
     22       0.000509   0.004680  -0.003422   0.002691  -0.000138   0.000079
     23       0.000407   0.010562  -0.008813   0.007008   0.000136   0.000496
     24       0.094129  -0.115637   0.215740  -0.134540  -0.018630  -0.001789
     25       0.030080  -0.037445   0.066727  -0.044349  -0.003444  -0.000317
     26       0.131985  -0.161262   0.303785  -0.190783  -0.027520  -0.002311
     27      -0.022696   0.019615  -0.075662   0.047995   0.001021   0.000229
     28      -0.168074   0.149108  -0.514451   0.327840   0.022756   0.002213
     29       0.132169  -0.116463   0.406607  -0.259866  -0.019323  -0.001805
     30       0.000300   0.009057  -0.003024   0.018984  -0.228795  -0.017575
     31       0.001387  -0.001284   0.007978  -0.000704   0.028494   0.002189
     32       0.000288   0.025559  -0.011381   0.053583  -0.965253  -0.074937
     33      -0.020359  -0.015929  -0.036374  -0.056610  -0.004733  -0.000336
     34      -0.167965  -0.127093  -0.335732  -0.519550  -0.022275  -0.002207
     35      -0.131290  -0.098719  -0.262826  -0.407967  -0.019256  -0.001804
     36      -0.087720  -0.092960  -0.127055  -0.191097  -0.017183  -0.001658
     37       0.055170   0.059084   0.077059   0.120568   0.007986   0.000756
     38      -0.138537  -0.146239  -0.200028  -0.304585  -0.027552  -0.002317
     39       0.000292   0.032662   0.016316   0.032816   0.001039   0.000024
     40       0.000211   0.042827   0.020930   0.043087   0.000520   0.001182
     41      -0.003297  -0.115904  -0.055838  -0.112297  -0.002573  -0.002976
     42      -0.130622  -0.078157   0.045628   0.069532  -0.001351   0.028074
     43      -0.027377  -0.019506   0.007556   0.012704  -0.000078   0.002067
     44       0.066340   0.037703  -0.023417  -0.036532   0.000497  -0.010611
     45      -0.117429  -0.110585   0.033044   0.052632  -0.000517  -0.000597
     46       0.531219   0.496656  -0.157058  -0.248859   0.000784  -0.000363
     47       0.367862   0.344946  -0.109031  -0.173879   0.001084  -0.005550
     48      -0.000015   0.010096   0.001933  -0.007650  -0.072555   0.938135
     49      -0.002592  -0.001216   0.000388   0.001089   0.009250  -0.119585
     50       0.000031   0.001601   0.000591  -0.002529  -0.024296   0.304205
     51       0.228493  -0.246072  -0.118942   0.076849  -0.000721  -0.000468
     52       0.447668  -0.480202  -0.238368   0.153696  -0.000662   0.000524
     53      -0.340835   0.366903   0.181984  -0.118072   0.001113  -0.005578
     54       0.114691  -0.077903  -0.068136   0.042717  -0.001292   0.026791
     55      -0.056737   0.042172   0.031056  -0.020259   0.000410  -0.009126
     56      -0.063728   0.041639   0.038136  -0.024583   0.000498  -0.010690
     57       0.001410   0.021318  -0.018291   0.014736   0.000876  -0.000273
     58      -0.003606  -0.050979   0.043132  -0.035650  -0.000772  -0.001159
     59      -0.005772  -0.118572   0.097474  -0.079347  -0.002578  -0.002984
# -----------------------------------------------------------
$ THERMOCHEMISTRY_Energies
   description: The Thermochemistry energies
   geom. index: 1
   prop. index: 1
        Temperature (Kelvin)           :        298.1500000000
        Pressure (atm)                 :          1.0000000000
        Total Mass (AMU)               :        112.1760000000
        Spin Degeneracy                :          1.0000000000
        Electronic Energy (Hartree)    :       -345.5426236993
        Translational Energy (Hartree) :          0.0014162714
        Rotational Energy (Hartree)    :          0.0014162714
        Vibrational Energy (Hartree)   :          0.0037305233
        Number of frequencies          :     60      
        Scaling Factor for frequencies :          1.0000000000
        Vibrational frequencies        :     
                  0    
      0       0.000000
      1       0.000000
      2       0.000000
      3       0.000000
      4       0.000000
      5       0.000000
      6      20.106934
      7     134.830840
      8     237.062332
      9     426.199643
     10     435.491227
     11     569.864401
     12     666.450052
     13     732.718347
     14     799.320173
     15     835.158950
     16     913.587858
     17     976.539349
     18     976.617696
     19     996.500120
     20     1003.169421
     21     1029.580482
     22     1069.539081
     23     1073.108939
     24     1102.721598
     25     1104.360713
     26     1159.671536
     27     1193.020499
     28     1212.536531
     29     1216.889601
     30     1262.011382
     31     1272.260055
     32     1295.933482
     33     1337.726389
     34     1362.393318
     35     1363.882360
     36     1375.346774
     37     1390.219057
     38     1397.822103
     39     1412.262887
     40     1431.025920
     41     1475.206441
     42     1523.658551
     43     1525.872400
     44     1538.171633
     45     1547.350532
     46     1558.532727
     47     1564.553524
     48     2899.766428
     49     2901.544544
     50     2934.458711
     51     2938.730746
     52     2950.667021
     53     2968.377223
     54     2972.589610
     55     2974.638728
     56     2987.916357
     57     2988.445862
     58     3219.692915
     59     3227.776376
        Zero Point Energy (Hartree)    :          0.1856339386
        Inner Energy (Hartree)         :       -345.3504266945
        Enthalpy (Hartree)             :       -345.3494824855
        Electronic entropy             :          0.0000000000
        Rotational entropy             :          0.0131467221
        Vibrational entropy            :          0.0064956156
        Translational entropy          :          0.0131467221
        Entropy                        :          0.0386763078
        Gibbs Energy (Hartree)         :       -345.3881587932
        Is Linear                      :                 false
# -----------------------------------------------------------
$ PAL_Flags
   description: The PAL Flags
   geom. index: 2
   prop. index: 1
        Diskflag:     2
# -----------------------------------------------------------
$ SCF_Energy
   description: The SCF energy
   geom. index: 2
   prop. index: 1
        SCF Energy:     -345.5152604438
# -----------------------------------------------------------
$ DFT_Energy
   description: The DFT energy
   geom. index: 2
   prop. index: 1
   Number of Alpha Electrons                 31.0000507131 
   Number of Beta  Electrons                 31.0000507131 
   Total number of  Electrons                62.0001014261 
   Exchange energy                          -32.3817738736 
   Correlation energy                        -2.5405321740 
   Correlation energy NL                      0.0000000000 
   Exchange-Correlation energy              -34.9223060477 
   Embedding correction                       0.0000000000 
   Total DFT Energy (No VdW correction)    -345.5152604438 
# -----------------------------------------------------------
$ VdW_Correction
   description: The Van der Waals Correction
   geom. index: 2
   prop. index: 1
        Van der Waals Correction:       -0.0347256742
# -----------------------------------------------------------
$ PAL_Flags
   description: The PAL Flags
   geom. index: 3
   prop. index: 1
        Diskflag:     2
# -----------------------------------------------------------
$ SCF_Energy
   description: The SCF energy
   geom. index: 3
   prop. index: 1
        SCF Energy:     -345.5166353315
# -----------------------------------------------------------
$ DFT_Energy
   description: The DFT energy
   geom. index: 3
   prop. index: 1
   Number of Alpha Electrons                 31.0000303167 
   Number of Beta  Electrons                 31.0000303167 
   Total number of  Electrons                62.0000606334 
   Exchange energy                          -32.3775369193 
   Correlation energy                        -2.5403740711 
   Correlation energy NL                      0.0000000000 
   Exchange-Correlation energy              -34.9179109905 
   Embedding correction                       0.0000000000 
   Total DFT Energy (No VdW correction)    -345.5166353315 
# -----------------------------------------------------------
$ VdW_Correction
   description: The Van der Waals Correction
   geom. index: 3
   prop. index: 1
        Van der Waals Correction:       -0.0348280129
# -----------------------------------------------------------
$ PAL_Flags
   description: The PAL Flags
   geom. index: 4
   prop. index: 1
        Diskflag:     2
# -----------------------------------------------------------
$ SCF_Energy
   description: The SCF energy
   geom. index: 4
   prop. index: 1
        SCF Energy:     -345.5175790115
# -----------------------------------------------------------
$ DFT_Energy
   description: The DFT energy
   geom. index: 4
   prop. index: 1
   Number of Alpha Electrons                 31.0000399770 
   Number of Beta  Electrons                 31.0000399770 
   Total number of  Electrons                62.0000799541 
   Exchange energy                          -32.3757663885 
   Correlation energy                        -2.5405438130 
   Correlation energy NL                      0.0000000000 
   Exchange-Correlation energy              -34.9163102015 
   Embedding correction                       0.0000000000 
   Total DFT Energy (No VdW correction)    -345.5175790115 
# -----------------------------------------------------------
$ VdW_Correction
   description: The Van der Waals Correction
   geom. index: 4
   prop. index: 1
        Van der Waals Correction:       -0.0349733467
# -----------------------------------------------------------
$ PAL_Flags
   description: The PAL Flags
   geom. index: 5
   prop. index: 1
        Diskflag:     2
# -----------------------------------------------------------
$ SCF_Energy
   description: The SCF energy
   geom. index: 5
   prop. index: 1
        SCF Energy:     -345.5181113081
# -----------------------------------------------------------
$ DFT_Energy
   description: The DFT energy
   geom. index: 5
   prop. index: 1
   Number of Alpha Electrons                 31.0000632489 
   Number of Beta  Electrons                 31.0000632489 
   Total number of  Electrons                62.0001264979 
   Exchange energy                          -32.3762282459 
   Correlation energy                        -2.5409816566 
   Correlation energy NL                      0.0000000000 
   Exchange-Correlation energy              -34.9172099025 
   Embedding correction                       0.0000000000 
   Total DFT Energy (No VdW correction)    -345.5181113081 
# -----------------------------------------------------------
$ VdW_Correction
   description: The Van der Waals Correction
   geom. index: 5
   prop. index: 1
        Van der Waals Correction:       -0.0351499435
# -----------------------------------------------------------
$ PAL_Flags
   description: The PAL Flags
   geom. index: 6
   prop. index: 1
        Diskflag:     2
# -----------------------------------------------------------
$ SCF_Energy
   description: The SCF energy
   geom. index: 6
   prop. index: 1
        SCF Energy:     -345.5181839946
# -----------------------------------------------------------
$ DFT_Energy
   description: The DFT energy
   geom. index: 6
   prop. index: 1
   Number of Alpha Electrons                 31.0000457512 
   Number of Beta  Electrons                 31.0000457512 
   Total number of  Electrons                62.0000915025 
   Exchange energy                          -32.3762907675 
   Correlation energy                        -2.5414077884 
   Correlation energy NL                      0.0000000000 
   Exchange-Correlation energy              -34.9176985559 
   Embedding correction                       0.0000000000 
   Total DFT Energy (No VdW correction)    -345.5181839946 
# -----------------------------------------------------------
$ VdW_Correction
   description: The Van der Waals Correction
   geom. index: 6
   prop. index: 1
        Van der Waals Correction:       -0.0353266044
# -----------------------------------------------------------
$ PAL_Flags
   description: The PAL Flags
   geom. index: 7
   prop. index: 1
        Diskflag:     2
# -----------------------------------------------------------
$ SCF_Energy
   description: The SCF energy
   geom. index: 7
   prop. index: 1
        SCF Energy:     -345.5182055478
# -----------------------------------------------------------
$ DFT_Energy
   description: The DFT energy
   geom. index: 7
   prop. index: 1
   Number of Alpha Electrons                 31.0000443553 
   Number of Beta  Electrons                 31.0000443553 
   Total number of  Electrons                62.0000887105 
   Exchange energy                          -32.3758020411 
   Correlation energy                        -2.5413221109 
   Correlation energy NL                      0.0000000000 
   Exchange-Correlation energy              -34.9171241520 
   Embedding correction                       0.0000000000 
   Total DFT Energy (No VdW correction)    -345.5182055478 
# -----------------------------------------------------------
$ VdW_Correction
   description: The Van der Waals Correction
   geom. index: 7
   prop. index: 1
        Van der Waals Correction:       -0.0353092968
# -----------------------------------------------------------
$ PAL_Flags
   description: The PAL Flags
   geom. index: 8
   prop. index: 1
        Diskflag:     2
# -----------------------------------------------------------
$ SCF_Energy
   description: The SCF energy
   geom. index: 8
   prop. index: 1
        SCF Energy:     -345.5182044112
# -----------------------------------------------------------
$ DFT_Energy
   description: The DFT energy
   geom. index: 8
   prop. index: 1
   Number of Alpha Electrons                 31.0000426454 
   Number of Beta  Electrons                 31.0000426454 
   Total number of  Electrons                62.0000852908 
   Exchange energy                          -32.3758994569 
   Correlation energy                        -2.5413312786 
   Correlation energy NL                      0.0000000000 
   Exchange-Correlation energy              -34.9172307355 
   Embedding correction                       0.0000000000 
   Total DFT Energy (No VdW correction)    -345.5182044112 
# -----------------------------------------------------------
$ Mayer_Pop
   description: The Mayer population analysis
   geom. index: 8
   prop. index: 1
     Number of atoms                     : 20
     Threshold for printing              : 0.1000000
     Number of bond orders printed       : 21
  NA   - Mulliken gross atomic population
  ZA   - Total nuclear charge
  QA   - Mulliken gross atomic charge
  VA   - Mayer's total valence
  BVA  - Mayer's bonded valence
  FA   - Mayer's free valence
  ATOM       NA         ZA         QA         VA         BVA        FA
  0   0     6.4455     6.0000    -0.4455     3.8768     3.8768     0.0000
  1   0     7.3513     7.0000    -0.3513     2.5923     2.5923    -0.0000
  2   0     6.4438     6.0000    -0.4438     3.8766     3.8766     0.0000
  3   0     5.9028     6.0000     0.0972     3.3734     3.3734     0.0000
  4   0     6.3733     6.0000    -0.3733     3.8373     3.8373     0.0000
  5   0     7.4369     7.0000    -0.4369     2.7040     2.7040    -0.0000
  6   0     6.3736     6.0000    -0.3736     3.8408     3.8408    -0.0000
  7   0     5.8994     6.0000     0.1006     3.3640     3.3640     0.0000
  8   0     0.8454     1.0000     0.1546     0.9297     0.9297     0.0000
  9   0     0.8477     1.0000     0.1523     0.9483     0.9483     0.0000
 10   0     0.6633     1.0000     0.3367     0.8323     0.8323    -0.0000
 11   0     0.8478     1.0000     0.1522     0.9483     0.9483    -0.0000
 12   0     0.8450     1.0000     0.1550     0.9291     0.9291    -0.0000
 13   0     0.8051     1.0000     0.1949     0.9160     0.9160    -0.0000
 14   0     0.8624     1.0000     0.1376     0.9286     0.9286     0.0000
 15   0     0.8520     1.0000     0.1480     0.9449     0.9449    -0.0000
 16   0     0.6854     1.0000     0.3146     0.8487     0.8487     0.0000
 17   0     0.8522     1.0000     0.1478     0.9451     0.9451     0.0000
 18   0     0.8624     1.0000     0.1376     0.9285     0.9285     0.0000
 19   0     0.8047     1.0000     0.1953     0.9155     0.9155     0.0000
      Bond orders larger than 0.1000000
           Atom A     A.N. of A          Atom B    A.N. of B              Bond order
                0             6               1            7                0.953239
                0             6               7            6                0.809109
                0             6               8            1                0.999472
                0             6               9            1                1.009128
                1             7               2            6                0.951786
                1             7              10            1                0.872088
                2             6               3            6                0.814149
                2             6              11            1                1.008749
                2             6              12            1                0.999022
                3             6               4            6                0.839478
                3             6               7            6                0.930662
                3             6              13            1                0.819546
                4             6               5            7                0.919771
                4             6              14            1                0.991155
                4             6              15            1                1.004351
                5             7               6            6                0.920808
                5             7              16            1                0.852922
                6             6               7            6                0.838643
                6             6              17            1                1.003899
                6             6              18            1                0.990876
                7             6              19            1                0.819519
# -----------------------------------------------------------
$ VdW_Correction
   description: The Van der Waals Correction
   geom. index: 8
   prop. index: 1
        Van der Waals Correction:       -0.0353103091
# -----------------------------------------------------------
$ SCF_Electric_Properties
   description: The SCF Calculated Electric Properties
   geom. index: 8
   prop. index: 1
       Filename                          : file.scfp 
       Do Dipole Moment Calculation      : true 
       Do Quadrupole Moment Calculation  : false 
       Do Polarizability Calculation     : false 
** Dipole moment part of electric properties **
        Magnitude of dipole moment (Debye) :        2.7091397401
        Electronic Contribution:
                  0    
      0      -0.647850
      1       0.083611
      2       0.869462
        Nuclear Contribution:
                  0    
      0       1.669000
      1      -0.213776
      2      -1.145714
        Total Dipole moment:
                  0    
      0       1.021150
      1      -0.130166
      2      -0.276252
# -------------------------------------------------------------
----------------------- !GEOMETRIES! ------------------------
# -------------------------------------------------------------
------------------------ !GEOMETRY! -------------------------
    Number of atoms:    20 
    Geometry Index:     1 
    Coordinates:
               0 C     -1.466500000000   -0.981300000000   -0.251500000000
               1 N     -1.937600000000    0.247800000000    0.378300000000
               2 C     -1.172800000000    1.318000000000   -0.253300000000
               3 C      0.181000000000    0.739700000000   -0.676300000000
               4 C      1.293300000000    1.003200000000    0.341900000000
               5 N      1.387800000000   -0.176300000000    1.194300000000
               6 C      0.999700000000   -1.295600000000    0.343700000000
               7 C     -0.010900000000   -0.762600000000   -0.675100000000
               8 H     -2.085200000000   -1.174200000000   -1.155400000000
               9 H     -1.597000000000   -1.850500000000    0.430200000000
              10 H     -1.663100000000    0.213500000000    1.389000000000
              11 H     -1.080500000000    2.193200000000    0.426900000000
              12 H     -1.723300000000    1.658800000000   -1.157600000000
              13 H      0.471900000000    1.118000000000   -1.682100000000
              14 H      2.254800000000    1.155100000000   -0.201000000000
              15 H      1.106700000000    1.905200000000    0.962500000000
              16 H      2.381700000000   -0.303000000000    1.498700000000
              17 H      0.592500000000   -2.120700000000    0.965700000000
              18 H      1.892000000000   -1.685100000000   -0.198700000000
              19 H      0.175400000000   -1.203400000000   -1.680200000000
------------------------ !GEOMETRY! -------------------------
    Number of atoms:    20 
    Geometry Index:     2 
    Coordinates:
               0 C     -1.476766328493   -0.983432709209   -0.252399348807
               1 N     -1.919811656291    0.245524479189    0.410014430112
               2 C     -1.182533012079    1.322592329573   -0.254472778387
               3 C      0.192757839567    0.756214795906   -0.683637082931
               4 C      1.320550296816    1.019285017174    0.329209867271
               5 N      1.363550611419   -0.173301783370    1.189144377318
               6 C      1.021915005293   -1.317940952224    0.330826138816
               7 C     -0.003615598085   -0.781436218550   -0.682373834472
               8 H     -2.104521268836   -1.156358596400   -1.137420380808
               9 H     -1.607033291246   -1.841784347401    0.414971079893
              10 H     -1.636515259623    0.210424169639    1.383181052658
              11 H     -1.092764466050    2.187272813004    0.411449202557
              12 H     -1.746690550810    1.646294035030   -1.140039137073
              13 H      0.474490929177    1.132739667508   -1.672210902120
              14 H      2.276015270906    1.176486127811   -0.201018922692
              15 H      1.127934362825    1.913132036839    0.934736333239
              16 H      2.300954484614   -0.292882240446    1.551755271925
              17 H      0.610807270583   -2.133744670823    0.937668633563
              18 H      1.906985776004   -1.711042378516   -0.199053535216
              19 H      0.174189584309   -1.218241574731   -1.670330464848
------------------------ !GEOMETRY! -------------------------
    Number of atoms:    20 
    Geometry Index:     3 
    Coordinates:
               0 C     -1.476862189802   -0.980747490916   -0.251514137692
               1 N     -1.896752138024    0.242292930272    0.436422083218
               2 C     -1.183314871330    1.319840170276   -0.252788097075
               3 C      0.193391254359    0.760057634840   -0.692295802802
               4 C      1.326357731379    1.014732861369    0.317699944446
               5 N      1.317593318127   -0.166999813478    1.193309227371
               6 C      1.028286988203   -1.314756744455    0.320180563874
               7 C     -0.003822380402   -0.785289482046   -0.691101643062
               8 H     -2.115695460258   -1.131098535478   -1.131764338506
               9 H     -1.608958423457   -1.846813827067    0.404554880925
              10 H     -1.581331920269    0.202833374599    1.401106908729
              11 H     -1.093216719060    2.191962350394    0.402415440509
              12 H     -1.763877186348    1.625110687752   -1.133309610668
              13 H      0.471417033182    1.138563201059   -1.680635395076
              14 H      2.287308554919    1.143561875132   -0.210066521885
              15 H      1.148538847535    1.919566526948    0.910173087595
              16 H      2.226564231230   -0.283008233305    1.628889261545
              17 H      0.628220144871   -2.144431838169    0.914319959932
              18 H      1.925758066438   -1.682525420430   -0.206839333436
              19 H      0.170295118705   -1.223050227296   -1.678756477942
------------------------ !GEOMETRY! -------------------------
    Number of atoms:    20 
    Geometry Index:     4 
    Coordinates:
               0 C     -1.474679726802   -0.978124004555   -0.248871062613
               1 N     -1.875994318115    0.239352283006    0.460506912160
               2 C     -1.181729757156    1.316648847504   -0.249199189070
               3 C      0.193081924343    0.762048383789   -0.701829037892
               4 C      1.327951932709    1.009191407950    0.308205823401
               5 N      1.275369002710   -0.161113873755    1.194749158495
               6 C      1.030964894435   -1.309634338148    0.311753492480
               7 C     -0.004439314813   -0.787240651357   -0.700531283907
               8 H     -2.124422824775   -1.107021643812   -1.124667744432
               9 H     -1.608211471606   -1.853246463718    0.395246609358
              10 H     -1.520580335675    0.194276163538    1.411366837050
              11 H     -1.090354637350    2.197174469435    0.394970865140
              12 H     -1.778470505610    1.604906864056   -1.124753230074
              13 H      0.466879143953    1.144087422933   -1.690271835946
              14 H      2.294397600093    1.104647395824   -0.217494066822
              15 H      1.169517465664    1.926537184756    0.887068069776
              16 H      2.147196596896   -0.272244732884    1.701899672668
              17 H      0.645905918838   -2.155716714722    0.892788759712
              18 H      1.942141774978   -1.647326647871   -0.212781398197
              19 H      0.165376637284   -1.227401351969   -1.688157351287
------------------------ !GEOMETRY! -------------------------
    Number of atoms:    20 
    Geometry Index:     5 
    Coordinates:
               0 C     -1.472326319424   -0.975000283220   -0.245469665943
               1 N     -1.858031491731    0.236849767829    0.482699115462
               2 C     -1.180243282002    1.312970247796   -0.245392484910
               3 C      0.191805871198    0.762874772437   -0.710253854863
               4 C      1.326978020887    1.002237892828    0.301479774886
               5 N      1.233471870414   -0.155524699370    1.197829540065
               6 C      1.031519179928   -1.302527699967    0.305596599883
               7 C     -0.005716494943   -0.787707750530   -0.708854158925
               8 H     -2.130725344173   -1.083972509009   -1.117621188165
               9 H     -1.607809330400   -1.858942157314    0.386278013139
              10 H     -1.458693158496    0.185843584582    1.416373407654
              11 H     -1.088247971634    2.202020298001    0.387073218495
              12 H     -1.790660489139    1.584872876934   -1.116853141200
              13 H      0.462181155227    1.150581050492   -1.697486472757
              14 H      2.298023779024    1.056846542817   -0.222813884230
              15 H      1.194111406251    1.933066056004    0.864776550540
              16 H      2.069460255470   -0.261947376664    1.763531494535
              17 H      0.667243073484   -2.167696539307    0.871432510071
              18 H      1.957493440809   -1.602499285746   -0.217201152414
              19 H      0.160065829250   -1.232544788593   -1.695124221322
------------------------ !GEOMETRY! -------------------------
    Number of atoms:    20 
    Geometry Index:     6 
    Coordinates:
               0 C     -1.470993377619   -0.969748848392   -0.240437984121
               1 N     -1.838114853991    0.236279147499    0.507684505641
               2 C     -1.180321366234    1.308563378500   -0.244899889464
               3 C      0.191031031469    0.763571860400   -0.717130957505
               4 C      1.323557513309    0.995987409392    0.300212910555
               5 N      1.197761414714   -0.153344486014    1.201573672544
               6 C      1.031842274307   -1.297010704077    0.299978107380
               7 C     -0.007403728955   -0.788191127202   -0.715788341694
               8 H     -2.137484834045   -1.054929354003   -1.109197377540
               9 H     -1.611442578613   -1.863447685483    0.376573295696
              10 H     -1.388991467375    0.180432193955    1.418940556390
              11 H     -1.091955230564    2.211065904046    0.368980389971
              12 H     -1.804152156656    1.555134249420   -1.114534605998
              13 H      0.460823852169    1.159058377781   -1.701536849410
              14 H      2.297779750677    1.013608665822   -0.221516656645
              15 H      1.214001243521    1.937708950247    0.849985618722
              16 H      2.000379788778   -0.255848305306    1.814057404622
              17 H      0.690299428865   -2.181656330415    0.849316703352
              18 H      1.970493167806   -1.557276421479   -0.222414548530
              19 H      0.152790128436   -1.240156874692   -1.699845953967
------------------------ !GEOMETRY! -------------------------
    Number of atoms:    20 
    Geometry Index:     7 
    Coordinates:
               0 C     -1.471848018861   -0.969522121329   -0.240924538829
               1 N     -1.840002185109    0.236301293713    0.507574333691
               2 C     -1.181304511367    1.308575628922   -0.244922223408
               3 C      0.190756257987    0.763741396664   -0.715719584048
               4 C      1.323659681339    0.996575408065    0.301266682874
               5 N      1.202757460436   -0.153851765400    1.202142132132
               6 C      1.031338375946   -1.297662316002    0.301366962115
               7 C     -0.007610694270   -0.788012826761   -0.714619630354
               8 H     -2.136942737991   -1.052970702660   -1.110936369904
               9 H     -1.613856341903   -1.864187971856    0.374310747303
              10 H     -1.389430259704    0.180249361987    1.418094440213
              11 H     -1.094769082229    2.212742164869    0.366752552530
              12 H     -1.804043846871    1.552505670127   -1.116097962806
              13 H      0.461220388767    1.160183593722   -1.699531866886
              14 H      2.297169668289    1.016034011278   -0.221682266595
              15 H      1.213557364751    1.937846102187    0.851706585250
              16 H      2.008576729605   -0.256559308065    1.810235543063
              17 H      0.689101617693   -2.181616176296    0.851377751972
              18 H      1.968792060087   -1.559863786458   -0.222108024658
              19 H      0.152778073403   -1.240707656705   -1.698285263655
------------------------ !GEOMETRY! -------------------------
    Number of atoms:    20 
    Geometry Index:     8 
    Coordinates:
               0 C     -1.471950045467   -0.969861829348   -0.240609092294
               1 N     -1.841350408389    0.236463001534    0.506697045686
               2 C     -1.181354311008    1.308957590155   -0.244587156136
               3 C      0.190490986873    0.763697574621   -0.715360348339
               4 C      1.323780867529    0.995756947601    0.301172769441
               5 N      1.200994448756   -0.153649941354    1.203239581814
               6 C      1.031584867053   -1.296941664118    0.301241431813
               7 C     -0.007853266674   -0.787795047483   -0.714316283383
               8 H     -2.136565833274   -1.054617615710   -1.110898440685
               9 H     -1.613638477401   -1.864202743133    0.375163900625
              10 H     -1.391868199308    0.180587523991    1.417674070180
              11 H     -1.094859320531    2.212927553156    0.367373164933
              12 H     -1.803208995818    1.553697088026   -1.116206889262
              13 H      0.461100118957    1.160577556315   -1.698960355346
              14 H      2.297364750397    1.012680046926   -0.221922411880
              15 H      1.215735678933    1.937718246571    0.850771161640
              16 H      2.008197950190   -0.256500216195    1.809431376055
              17 H      0.691099547773   -2.182114755980    0.850315776269
              18 H      1.969726177801   -1.556752556777   -0.222381509112
              19 H      0.152473463607   -1.240826758799   -1.697837792017
