    45
     1   -1.983319   -4.603886    2.033036      1
     2    2.126181   -3.940892    0.068482      1
     3   -2.236661   -3.589698   -1.086556      1
     4   -1.701525   -3.006357    0.811126      1
     5   -4.986568   -1.615135    2.125317      1
     6    1.730193   -2.015687    2.719351      1
     7    1.110538   -2.347015    0.818037      1
     8   -3.302135   -0.944426    1.711943      1
     9    5.346374   -1.847263   -2.650740      1
    10    1.753906    0.032897   -0.722938      1
    11   -3.448637    0.402745   -2.031230      1
    12    5.980772    0.108472    0.912663      1
    13    0.930527   -0.095325   -2.592920      1
    14   -3.539242    1.114383   -0.109772      1
    15    4.588205    0.133431   -1.223127      1
    16   -5.368272    1.974668    0.094404      1
    17    1.008722    2.308938    0.637092      1
    18   -1.580562    3.215998    0.245470      1
    19   -2.080093    4.311388    1.882291      1
    20    5.237397    2.261617   -2.508000      1
    21    2.195792    3.700593    0.304200      1
    22   -1.722618    4.439035   -1.391991      1
    23   -1.881034   -4.018220    1.589347      2
    24   -2.040018   -3.366271   -0.387209      2
    25    1.750183   -3.352039    0.337586      2
    26   -0.295338   -2.654775    0.808220      2
    27   -2.347561   -2.180045    1.146487      2
    28   -4.585819   -1.457469    2.016737      2
    29    1.507397   -2.133927    2.034287      2
    30    1.422244   -1.196019    0.065156      2
    31   -3.443092    0.273277    0.605093      2
    32   -0.930952   -0.029123    0.222081      3
    33    4.850104   -0.523052   -1.698328      2
    34   -3.473817    0.660317   -1.320259      2
    35    1.231425   -0.046786   -1.914598      2
    36    3.043990    0.083846   -0.936613      2
    37    5.060173    0.125957   -0.517599      2
    38   -4.698415    1.659459    0.025389      2
    39    1.442258    0.984771   -0.185698      2
    40   -2.544871    2.141536    0.072300      2
    41    4.812429    0.842781   -1.651803      2
    42   -0.556775    2.844778    0.368932      2
    43   -1.898948    3.914096    1.287848      2
    44    1.915677    3.372621    0.372343      2
    45   -1.665755    3.983028   -0.790060      2
