    33
     1    0.241064   -2.931203    2.420464      1
     2   -0.049245   -2.823994    0.577870      1
     3   -3.852778   -2.014055    1.128839      1
     4    3.804097   -2.901134   -0.125352      1
     5   -2.285838   -1.271676    0.070543      1
     6    2.191807   -1.794513   -0.663940      1
     7   -2.745906   -1.493005   -1.903906      1
     8    1.926065   -2.013132   -2.671044      1
     9   -1.644061    1.797128    2.659447      1
    10    3.289458    1.100755    1.577188      1
    11   -1.862937    1.542397    0.646328      1
    12    2.742738    0.870286   -0.194594      1
    13   -3.476546    2.641476    0.066636      1
    14    0.534783    2.460565   -0.709277      1
    15    0.220872    2.432271   -2.724068      1
    16    0.977562    4.378357   -0.206878      1
    17    0.171908   -2.895032    1.972259      2
    18   -3.275701   -1.739764    0.747616      2
    19   -1.376377   -1.870241    0.284376      2
    20    3.219696   -2.497906   -0.310673      2
    21    1.290341   -2.173443   -0.150457      2
    22   -2.571299   -1.406863   -1.182159      2
    23    2.014632   -1.928356   -1.945009      2
    24    2.383358   -0.727252   -0.452789      2
    25   -2.073005    0.134459    0.360074      2
    26    0.196177   -0.145995    0.009906      3
    27   -1.720956    1.698262    1.907223      2
    28    3.147427    1.040927    1.149079      2
    29   -2.876565    2.231713    0.276982      2
    30   -0.662407    2.000707   -0.029791      2
    31    1.403453    1.808060   -0.484328      2
    32    0.332593    2.435370   -1.984952      2
    33    0.815301    3.674068   -0.383647      2
