-------------------------------------------------------------
----------------------- !PROPERTIES! ------------------------
-------------------------------------------------------------
# -----------------------------------------------------------
$ PAL_Flags
   description: The PAL Flags
   geom. index: 1
   prop. index: 1
        Diskflag:     2
# -----------------------------------------------------------
$ SCF_Energy
   description: The SCF energy
   geom. index: 1
   prop. index: 1
        SCF Energy:     -268.0585182921
# -----------------------------------------------------------
$ DFT_Energy
   description: The DFT energy
   geom. index: 1
   prop. index: 1
   Number of Alpha Electrons                 24.0000428109 
   Number of Beta  Electrons                 24.0000428109 
   Total number of  Electrons                48.0000856218 
   Exchange energy                          -24.9128361740 
   Correlation energy                        -1.9539779809 
   Correlation energy NL                      0.0000000000 
   Exchange-Correlation energy              -26.8668141549 
   Embedding correction                       0.0000000000 
   Total DFT Energy (No VdW correction)    -268.0585182921 
# -----------------------------------------------------------
$ Mayer_Pop
   description: The Mayer population analysis
   geom. index: 1
   prop. index: 1
     Number of atoms                     : 16
     Threshold for printing              : 0.1000000
     Number of bond orders printed       : 16
  NA   - Mulliken gross atomic population
  ZA   - Total nuclear charge
  QA   - Mulliken gross atomic charge
  VA   - Mayer's total valence
  BVA  - Mayer's bonded valence
  FA   - Mayer's free valence
  ATOM       NA         ZA         QA         VA         BVA        FA
  0   0     6.3490     6.0000    -0.3490     3.7468     3.7468    -0.0000
  1   0     6.2534     6.0000    -0.2534     3.7040     3.7040    -0.0000
  2   0     7.3602     7.0000    -0.3602     2.5137     2.5137    -0.0000
  3   0     6.2618     6.0000    -0.2618     3.8215     3.8215    -0.0000
  4   0     7.3603     7.0000    -0.3603     2.5133     2.5133    -0.0000
  5   0     6.2537     6.0000    -0.2537     3.7052     3.7052    -0.0000
  6   0     0.8657     1.0000     0.1343     0.9750     0.9750     0.0000
  7   0     0.8548     1.0000     0.1452     0.9429     0.9429     0.0000
  8   0     0.8372     1.0000     0.1628     0.9277     0.9277    -0.0000
  9   0     0.8448     1.0000     0.1552     0.9477     0.9477    -0.0000
 10   0     0.7007     1.0000     0.2993     0.8466     0.8466    -0.0000
 11   0     0.8413     1.0000     0.1587     0.9324     0.9324    -0.0000
 12   0     0.8344     1.0000     0.1656     0.9393     0.9393    -0.0000
 13   0     0.7007     1.0000     0.2993     0.8466     0.8466    -0.0000
 14   0     0.8371     1.0000     0.1629     0.9277     0.9277     0.0000
 15   0     0.8447     1.0000     0.1553     0.9475     0.9475     0.0000
      Bond orders larger than 0.1000000
           Atom A     A.N. of A          Atom B    A.N. of B              Bond order
                0             6               1            6                0.921775
                0             6               5            6                0.922600
                0             6               6            1                0.959579
                0             6               7            1                0.987480
                1             6               2            7                0.877102
                1             6               8            1                0.978926
                1             6               9            1                0.995981
                2             7               3            6                0.933768
                2             7              10            1                0.886933
                3             6               4            7                0.933183
                3             6              11            1                0.978958
                3             6              12            1                0.995988
                4             7               5            6                0.877478
                4             7              13            1                0.886952
                5             6              14            1                0.978927
                5             6              15            1                0.995613
# -----------------------------------------------------------
$ VdW_Correction
   description: The Van der Waals Correction
   geom. index: 1
   prop. index: 1
        Van der Waals Correction:       -0.0237885960
# -----------------------------------------------------------
$ Hessian
   description: Details about the Hessian
   geom. index: 1
   prop. index: 1
Normal modes:
Number of Rows: 48 Number of Columns: 48
                  0          1          2          3          4          5    
      0       0.000000   0.000000   0.000000   0.000000   0.000000   0.000000
      1       0.000000   0.000000   0.000000   0.000000   0.000000   0.000000
      2       0.000000   0.000000   0.000000   0.000000   0.000000   0.000000
      3       0.000000   0.000000   0.000000   0.000000   0.000000   0.000000
      4       0.000000   0.000000   0.000000   0.000000   0.000000   0.000000
      5       0.000000   0.000000   0.000000   0.000000   0.000000   0.000000
      6       0.000000   0.000000   0.000000   0.000000   0.000000   0.000000
      7       0.000000   0.000000   0.000000   0.000000   0.000000   0.000000
      8       0.000000   0.000000   0.000000   0.000000   0.000000   0.000000
      9       0.000000   0.000000   0.000000   0.000000   0.000000   0.000000
     10       0.000000   0.000000   0.000000   0.000000   0.000000   0.000000
     11       0.000000   0.000000   0.000000   0.000000   0.000000   0.000000
     12       0.000000   0.000000   0.000000   0.000000   0.000000   0.000000
     13       0.000000   0.000000   0.000000   0.000000   0.000000   0.000000
     14       0.000000   0.000000   0.000000   0.000000   0.000000   0.000000
     15       0.000000   0.000000   0.000000   0.000000   0.000000   0.000000
     16       0.000000   0.000000   0.000000   0.000000   0.000000   0.000000
     17       0.000000   0.000000   0.000000   0.000000   0.000000   0.000000
     18       0.000000   0.000000   0.000000   0.000000   0.000000   0.000000
     19       0.000000   0.000000   0.000000   0.000000   0.000000   0.000000
     20       0.000000   0.000000   0.000000   0.000000   0.000000   0.000000
     21       0.000000   0.000000   0.000000   0.000000   0.000000   0.000000
     22       0.000000   0.000000   0.000000   0.000000   0.000000   0.000000
     23       0.000000   0.000000   0.000000   0.000000   0.000000   0.000000
     24       0.000000   0.000000   0.000000   0.000000   0.000000   0.000000
     25       0.000000   0.000000   0.000000   0.000000   0.000000   0.000000
     26       0.000000   0.000000   0.000000   0.000000   0.000000   0.000000
     27       0.000000   0.000000   0.000000   0.000000   0.000000   0.000000
     28       0.000000   0.000000   0.000000   0.000000   0.000000   0.000000
     29       0.000000   0.000000   0.000000   0.000000   0.000000   0.000000
     30       0.000000   0.000000   0.000000   0.000000   0.000000   0.000000
     31       0.000000   0.000000   0.000000   0.000000   0.000000   0.000000
     32       0.000000   0.000000   0.000000   0.000000   0.000000   0.000000
     33       0.000000   0.000000   0.000000   0.000000   0.000000   0.000000
     34       0.000000   0.000000   0.000000   0.000000   0.000000   0.000000
     35       0.000000   0.000000   0.000000   0.000000   0.000000   0.000000
     36       0.000000   0.000000   0.000000   0.000000   0.000000   0.000000
     37       0.000000   0.000000   0.000000   0.000000   0.000000   0.000000
     38       0.000000   0.000000   0.000000   0.000000   0.000000   0.000000
     39       0.000000   0.000000   0.000000   0.000000   0.000000   0.000000
     40       0.000000   0.000000   0.000000   0.000000   0.000000   0.000000
     41       0.000000   0.000000   0.000000   0.000000   0.000000   0.000000
     42       0.000000   0.000000   0.000000   0.000000   0.000000   0.000000
     43       0.000000   0.000000   0.000000   0.000000   0.000000   0.000000
     44       0.000000   0.000000   0.000000   0.000000   0.000000   0.000000
     45       0.000000   0.000000   0.000000   0.000000   0.000000   0.000000
     46       0.000000   0.000000   0.000000   0.000000   0.000000   0.000000
     47       0.000000   0.000000   0.000000   0.000000   0.000000   0.000000
                  6          7          8          9         10         11    
      0      -0.059251  -0.038738  -0.087234  -0.071661  -0.160895   0.031501
      1       0.011727  -0.051886  -0.115699   0.050652   0.136542  -0.031728
      2      -0.155478   0.011989   0.024264  -0.016037   0.071622  -0.038017
      3       0.070668  -0.001302   0.031174  -0.014991  -0.081314  -0.007735
      4       0.043009   0.049592  -0.234137   0.048024  -0.124036   0.036102
      5       0.073677   0.124416   0.049947   0.063026   0.046875  -0.027409
      6       0.019324   0.036855   0.255538   0.012545  -0.059076  -0.107040
      7      -0.030719  -0.018991   0.039201  -0.001795  -0.121491  -0.072174
      8       0.047740  -0.165202  -0.007547  -0.107882   0.041201   0.043669
      9      -0.059562  -0.038323   0.068441   0.111852   0.091062   0.062284
     10       0.023170  -0.051562   0.090986  -0.070196  -0.089385  -0.056222
     11      -0.102100   0.011491  -0.019097   0.067845  -0.098360  -0.044160
     12       0.043784   0.003131  -0.036629  -0.015806   0.104492   0.044729
     13       0.002553   0.072718   0.250568  -0.038847   0.094943   0.128716
     14       0.042831   0.153308  -0.052621  -0.100183  -0.004074   0.001623
     15      -0.004928   0.022500  -0.237908  -0.037408   0.101455  -0.041508
     16      -0.057585  -0.020720  -0.039719   0.018840   0.117850  -0.008490
     17       0.093081  -0.131652   0.006964   0.069206  -0.003677  -0.018012
     18      -0.016699  -0.009537   0.087682  -0.044374  -0.114781  -0.026032
     19      -0.075465  -0.012169   0.115971  -0.005704   0.041600   0.089703
     20      -0.420875   0.005797  -0.023807  -0.188497  -0.215978   0.334957
     21      -0.299150  -0.132845  -0.126938  -0.220628  -0.377105   0.332460
     22       0.192087  -0.180137  -0.168917   0.163167   0.299373  -0.258456
     23      -0.154116   0.038500   0.035323  -0.016368   0.068930  -0.035000
     24       0.214683  -0.056775   0.014143  -0.037827  -0.158376   0.095521
     25       0.229385   0.337463  -0.398027   0.261242  -0.329384   0.272003
     26       0.053887   0.133021   0.049704   0.066836   0.057002  -0.038477
     27       0.056453   0.041870  -0.135962   0.047115   0.048495   0.042147
     28      -0.010891  -0.033055  -0.155522  -0.017785  -0.083128  -0.045010
     29       0.267594   0.373039  -0.105411   0.242708  -0.190443   0.217902
     30       0.004282   0.265427   0.291594   0.171516  -0.109778  -0.316107
     31      -0.135347   0.008045   0.025122   0.071393  -0.215822  -0.170498
     32       0.057151  -0.210745  -0.008475  -0.143646   0.055839   0.088734
     33      -0.243830  -0.139185   0.110723   0.405278   0.069385   0.212613
     34       0.164306  -0.188141   0.148142  -0.297160  -0.072585  -0.172135
     35      -0.086880   0.039684  -0.030891   0.042609  -0.096655  -0.055395
     36      -0.039049  -0.019113  -0.064871   0.079936   0.094550   0.047233
     37      -0.038044  -0.025436  -0.085705   0.027464  -0.094815  -0.005368
     38      -0.321658   0.007880   0.017134   0.420532  -0.111791   0.145008
     39       0.138789  -0.030969  -0.060150  -0.044828   0.180831   0.084499
     40       0.046836   0.304456   0.281649  -0.214686   0.168692   0.359612
     41       0.021587   0.144964  -0.055177  -0.083942  -0.024590  -0.022112
     42      -0.137633   0.308370  -0.385219  -0.243132   0.272953  -0.234168
     43      -0.241811  -0.003452  -0.094405  -0.009757   0.241587  -0.164231
     44       0.149920  -0.204263   0.052625   0.123584  -0.062297   0.052739
     45       0.077610  -0.117243  -0.085624   0.077733   0.054833   0.096949
     46       0.018193  -0.065543  -0.137237   0.022740  -0.074823   0.027648
     47       0.257027  -0.356153   0.165357   0.234462  -0.192067   0.202681
                 12         13         14         15         16         17    
      0       0.186101   0.047487  -0.102210  -0.005826  -0.004440  -0.047700
      1      -0.153293   0.061362   0.073833  -0.007876   0.024996  -0.063090
      2      -0.060209  -0.013017  -0.018237   0.001151   0.104658   0.013192
      3      -0.028657   0.033192   0.027664   0.022615   0.163663   0.000129
      4      -0.167304  -0.057672  -0.028776  -0.101068   0.073212   0.034439
      5       0.088577   0.073829  -0.028760  -0.063529  -0.025044  -0.070509
      6      -0.163045  -0.132306  -0.045394  -0.030736  -0.069883   0.011960
      7      -0.036198  -0.030773  -0.085280  -0.016322  -0.038932  -0.035688
      8      -0.041115  -0.004708  -0.006826  -0.025530  -0.023186   0.055232
      9      -0.118884   0.074038  -0.025661   0.071691  -0.098376  -0.005931
     10       0.103663   0.098011   0.043258   0.093998   0.074160  -0.007650
     11       0.068886  -0.020813   0.111571  -0.019657  -0.006365   0.001826
     12      -0.021830   0.010181   0.065388  -0.001413   0.011398  -0.047629
     13       0.151477  -0.130184   0.060125  -0.026688   0.068126  -0.011625
     14      -0.080332   0.038345  -0.037059   0.034817  -0.045171  -0.045507
     15       0.165909  -0.077758   0.028774  -0.088408  -0.026750   0.046297
     16       0.089492  -0.001095  -0.026486   0.015203  -0.176739   0.026769
     17       0.035018  -0.061032  -0.029825   0.081499   0.028389   0.057595
     18       0.251735   0.170507  -0.151886   0.071180   0.030523  -0.277415
     19      -0.284318   0.223108   0.181031   0.094561  -0.049606  -0.367104
     20      -0.448633  -0.048892   0.308917  -0.019186  -0.130177   0.076719
     21      -0.101245  -0.016033   0.200600   0.162955  -0.216919   0.091601
     22       0.062935  -0.019163  -0.155638   0.213586   0.188308   0.121209
     23      -0.064223   0.004097  -0.017949  -0.045300   0.106035  -0.025353
     24      -0.092376  -0.031307   0.123979   0.173816   0.077402   0.194796
     25      -0.044238  -0.213726   0.071140   0.357095  -0.149337   0.134089
     26       0.095763   0.077971  -0.044361  -0.079658  -0.016704  -0.098039
     27      -0.109470   0.122999   0.190713   0.024365   0.337411  -0.040802
     28      -0.191764  -0.026363  -0.088924  -0.234908   0.111383  -0.000466
     29       0.215789  -0.100106   0.052161   0.389528  -0.273897   0.070241
     30       0.128744   0.484122   0.415655  -0.199270  -0.084653   0.476414
     31       0.076289   0.173785   0.178875  -0.014018  -0.110151   0.202444
     32      -0.116702  -0.159276  -0.128625   0.004669  -0.020872  -0.064453
     33       0.027844   0.073005  -0.245130   0.079033   0.223328   0.080859
     34      -0.010461   0.094598   0.211731   0.107153  -0.174139   0.107787
     35       0.053764  -0.020320   0.124771  -0.021986  -0.032143  -0.022234
     36      -0.139618   0.171777   0.001782   0.095273  -0.135352  -0.091854
     37       0.156115   0.227907  -0.035437   0.124404   0.183236  -0.121498
     38       0.247141  -0.046563  -0.170302  -0.028061   0.379217   0.025256
     39      -0.056967   0.052377  -0.070670   0.043446   0.074869   0.062242
     40      -0.172894   0.539667  -0.461760  -0.192111   0.098539   0.511003
     41      -0.065367   0.010663   0.006211   0.038818  -0.064322  -0.084746
     42       0.033893  -0.205959  -0.040717   0.297434   0.163006   0.086998
     43       0.121704  -0.098857  -0.145634   0.269023  -0.037135   0.239787
     44       0.061113  -0.012031   0.000616  -0.050764  -0.039997   0.020021
     45       0.190056  -0.041483   0.149015  -0.302345  -0.063204  -0.001332
     46       0.203303   0.136894  -0.142577  -0.130201  -0.414682  -0.056217
     47       0.132851   0.077656   0.064323  -0.310733  -0.168341  -0.057634
                 18         19         20         21         22         23    
      0       0.030136  -0.066704  -0.099370   0.079903   0.051044   0.001243
      1      -0.002415  -0.088387   0.071261   0.105728  -0.047444   0.001672
      2       0.098025   0.018244  -0.018394  -0.022121  -0.042215  -0.000324
      3       0.002322   0.070057  -0.000620  -0.192266  -0.118647   0.011797
      4      -0.007323   0.044519  -0.118001   0.061834   0.131790  -0.010158
      5      -0.069561  -0.023011   0.012278   0.006922  -0.015122  -0.033736
      6       0.008778  -0.002056   0.097618   0.089431   0.097949  -0.003426
      7      -0.023651  -0.075710   0.014686  -0.169199  -0.208515   0.006401
      8      -0.025554  -0.041787  -0.048483   0.005496  -0.000997   0.014080
      9       0.027069   0.086820  -0.135961   0.109182  -0.103807  -0.016305
     10       0.000536   0.114692   0.108288   0.144409   0.102785  -0.021645
     11       0.099139  -0.024219   0.025710  -0.030202   0.116231   0.004476
     12       0.019569  -0.062262   0.005189  -0.185581   0.223615   0.004102
     13      -0.009131  -0.008970  -0.107274   0.042048  -0.042210  -0.005298
     14      -0.028371   0.059694  -0.022836   0.021086  -0.035730  -0.014268
     15      -0.005989   0.025677   0.112764   0.112652  -0.161102  -0.006293
     16      -0.018259   0.082302   0.031884  -0.167114   0.075783   0.017320
     17      -0.067319  -0.003190  -0.019097   0.015192  -0.003328   0.032217
     18       0.076295  -0.302302  -0.136256   0.100282   0.050454   0.087834
     19      -0.101762  -0.399955   0.155872   0.132680  -0.054137   0.116236
     20      -0.208804   0.083783   0.253851  -0.027792  -0.076538  -0.024316
     21      -0.243578  -0.258603   0.132572   0.205380  -0.030393  -0.242791
     22       0.202992  -0.343298  -0.103338   0.271872   0.012145  -0.321338
     23       0.095873   0.071444  -0.012250  -0.056830  -0.048924   0.067186
     24      -0.180625  -0.004292   0.111694  -0.389054  -0.271148  -0.330093
     25       0.263973  -0.095981   0.053882   0.085125  -0.038298   0.146519
     26      -0.038945  -0.013700   0.002750   0.039699   0.006453   0.013635
     27       0.173785   0.315144   0.052664  -0.067050  -0.293950   0.216364
     28      -0.104119   0.031539  -0.183141   0.029035   0.189976  -0.070862
     29       0.136445  -0.172553   0.184420   0.014897  -0.106615   0.022698
     30      -0.343064  -0.170565  -0.378731   0.095577   0.087560  -0.051557
     31       0.088997  -0.208425  -0.211737  -0.257684  -0.370293   0.297352
     32       0.043620  -0.001786   0.081201   0.010147   0.018751   0.002081
     33      -0.266869   0.053348   0.118348   0.221033   0.004753   0.230727
     34       0.227758   0.069851  -0.087195   0.292571   0.020315   0.305288
     35       0.124841  -0.014900   0.010803  -0.061111   0.111650  -0.063849
     36       0.061048   0.139696  -0.169370  -0.093016  -0.103011  -0.196168
     37      -0.098539   0.184789   0.199233  -0.123268   0.113375  -0.259650
     38      -0.252408  -0.038480   0.340129   0.025674   0.170574   0.054291
     39      -0.175888  -0.144425   0.102726  -0.271163   0.376427   0.292954
     40       0.309558  -0.210684   0.424464   0.024695   0.011110   0.021937
     41      -0.002424   0.089146  -0.051866   0.038404  -0.061095  -0.068845
     42      -0.307973  -0.084860  -0.017307   0.186165  -0.041867   0.231181
     43       0.095224  -0.023531  -0.117472  -0.353943   0.264251  -0.277710
     44      -0.003731   0.038718   0.038501   0.016451  -0.056844   0.013779
     45       0.175007  -0.029807   0.222932   0.043523  -0.285115  -0.133951
     46      -0.101313   0.347801   0.042725  -0.060299   0.202792   0.179545
     47       0.136526   0.092889   0.137550  -0.008977  -0.109185  -0.045414
                 24         25         26         27         28         29    
      0      -0.009422  -0.041627  -0.008078  -0.029285   0.023910   0.115719
      1      -0.020134  -0.055075  -0.007555  -0.038719   0.031671   0.153160
      2      -0.130588   0.011464  -0.066367   0.007839  -0.006646  -0.032014
      3       0.027987   0.027032   0.003635   0.016422   0.063087  -0.027749
      4       0.035069   0.043162  -0.006241   0.025711  -0.012831  -0.041360
      5       0.118512  -0.063964  -0.002095   0.036423   0.004877  -0.002115
      6      -0.024292  -0.002037   0.023112  -0.028215   0.014655  -0.009906
      7       0.005250  -0.041663   0.007161  -0.010924  -0.025287   0.003571
      8      -0.083064   0.012890   0.050342  -0.060532  -0.005649  -0.014795
      9       0.058497   0.012757  -0.029656  -0.006931  -0.047191   0.014959
     10      -0.022834   0.016844   0.010362  -0.008990  -0.062472   0.019816
     11       0.102494  -0.003469  -0.057927   0.001642   0.013050  -0.004167
     12      -0.028170  -0.040940   0.009855   0.009949  -0.026864   0.009185
     13       0.000017  -0.015170  -0.010208  -0.013431   0.009156  -0.004578
     14      -0.081952  -0.001087   0.053460   0.066042   0.009037   0.015026
     15      -0.001538   0.045016   0.006428   0.012212  -0.031392  -0.030163
     16      -0.003918   0.052158  -0.002576   0.012025   0.054601  -0.035399
     17       0.126637   0.044136  -0.002520  -0.044375  -0.013634   0.018130
     18      -0.045995   0.370931  -0.017414   0.072141  -0.185121  -0.258103
     19       0.062292   0.490919   0.011028   0.095625  -0.244867  -0.341409
     20       0.134236  -0.102615  -0.008518  -0.020011   0.051301   0.071653
     21       0.200380  -0.277008   0.113746   0.110636   0.062099  -0.399910
     22      -0.177384  -0.366946  -0.101670   0.145375   0.082228  -0.528638
     23      -0.124903   0.076606  -0.070314  -0.030751  -0.017206   0.110587
     24      -0.137169   0.050567  -0.544277   0.271114  -0.283389   0.240196
     25      -0.276975   0.060523   0.108396  -0.135993  -0.005866   0.006297
     26       0.139221  -0.071385   0.072515  -0.003739   0.056530  -0.035429
     27       0.182397  -0.370017   0.341247  -0.156501  -0.318823  -0.251608
     28       0.091811   0.108456  -0.072078   0.094827   0.047702  -0.018896
     29      -0.195566   0.008680  -0.034957  -0.064358   0.074993   0.076062
     30      -0.346021   0.073440   0.088694  -0.131204  -0.043496  -0.002803
     31      -0.056286  -0.049051   0.124466   0.006529   0.073251  -0.051523
     32      -0.001505  -0.008964   0.026878  -0.040338   0.002473  -0.015384
     33      -0.237768  -0.058671   0.105207   0.414834   0.227147   0.013162
     34       0.206895  -0.077400  -0.097210   0.548139   0.300763   0.017325
     35       0.129415   0.016265  -0.067359  -0.114906  -0.062851  -0.003660
     36       0.086564   0.094992  -0.044159  -0.228991   0.340615  -0.136622
     37      -0.107217   0.125603   0.055265  -0.302548   0.450795  -0.180765
     38      -0.198049  -0.026356   0.096062   0.063829  -0.094164   0.037820
     39      -0.048676  -0.065627  -0.085726   0.051789   0.080776  -0.044631
     40       0.336635   0.059595  -0.104809  -0.111605  -0.023830  -0.011086
     41      -0.083697   0.006716   0.074511   0.062729  -0.012774   0.028502
     42       0.246384   0.056042  -0.245064  -0.208099   0.066252  -0.057658
     43       0.230780   0.080388   0.500775   0.226331  -0.280560   0.235646
     44       0.033074   0.042005  -0.009750  -0.014398   0.003445  -0.015158
     45      -0.071002   0.208070   0.159358   0.148437   0.123330   0.040948
     46      -0.242922  -0.322610  -0.310200  -0.109412  -0.306172  -0.259468
     47      -0.125561   0.036030   0.014542   0.067150  -0.020794  -0.017901
                 30         31         32         33         34         35    
      0       0.046201  -0.006738   0.049786  -0.003796   0.023828   0.007903
      1      -0.031688  -0.015576  -0.048096  -0.005240  -0.022493  -0.008288
      2       0.007430   0.003299  -0.049651   0.000986  -0.021533  -0.010951
      3      -0.129586   0.081845  -0.010787   0.016104  -0.006970  -0.002248
      4       0.020093   0.003107   0.014501  -0.050484  -0.027423  -0.037043
      5       0.009150  -0.000664  -0.007754   0.031814   0.016180   0.036969
      6       0.018687  -0.033418   0.002974  -0.008516  -0.000951   0.002813
      7       0.019421   0.004134  -0.003655   0.006753   0.003417  -0.012228
      8       0.003168   0.000571   0.003168   0.001905   0.001874  -0.001573
      9      -0.010183   0.059593  -0.014380   0.004386   0.035401  -0.033912
     10      -0.000612   0.079809   0.010751   0.005415  -0.034223   0.031395
     11       0.006516  -0.016234  -0.000543  -0.001366  -0.035694   0.028024
     12      -0.014062   0.011694   0.004943   0.008472  -0.003286   0.012080
     13      -0.016507  -0.033136  -0.001108  -0.006849   0.000653  -0.000129
     14       0.010869   0.006544   0.002624  -0.001871   0.002495  -0.004118
     15      -0.051299  -0.028540  -0.018310  -0.057742   0.027463   0.041369
     16       0.106034   0.093633   0.004663  -0.004990   0.017315   0.020614
     17      -0.008994  -0.017643  -0.005711  -0.020027   0.007036   0.025063
     18       0.083350  -0.095647  -0.063924  -0.027008  -0.022467  -0.006930
     19      -0.078643  -0.140113   0.173812  -0.035320   0.071572   0.026558
     20      -0.150702   0.017271   0.599549   0.008539   0.259411   0.101367
     21       0.023195   0.127970  -0.506564   0.029897  -0.216575  -0.067210
     22      -0.038509   0.164273   0.374927   0.041410   0.159562   0.049116
     23      -0.003146  -0.035164  -0.038244  -0.008588  -0.018291  -0.007700
     24       0.363546  -0.299451  -0.004485  -0.015807   0.026452   0.073121
     25      -0.015356  -0.079639  -0.182924   0.492187   0.267240   0.358811
     26      -0.061467   0.059667  -0.005447   0.028760   0.006483   0.025307
     27       0.568977  -0.236942   0.077219  -0.085057  -0.001477  -0.057875
     28      -0.097513   0.035996  -0.060703   0.127254   0.055719   0.105103
     29      -0.107658   0.104635   0.157825  -0.464860  -0.257546  -0.375984
     30       0.073582  -0.010713  -0.008720   0.039121   0.039237  -0.053029
     31      -0.122089  -0.052461   0.091452  -0.107450  -0.066880   0.100769
     32       0.009022  -0.009488  -0.002412  -0.002890  -0.001459   0.001249
     33       0.048498  -0.199150   0.130407   0.006062  -0.416046   0.345681
     34      -0.005200  -0.268590  -0.102248   0.012417   0.316707  -0.262277
     35      -0.005587   0.055651  -0.018475  -0.002195   0.013503  -0.007781
     36       0.027767  -0.357588  -0.000303  -0.035376  -0.024118   0.013637
     37       0.030381  -0.473660  -0.027093  -0.045972   0.124447  -0.095452
     38      -0.030560   0.097323  -0.130301   0.012363   0.505920  -0.407692
     39       0.143132  -0.024126  -0.089094  -0.111148   0.075750  -0.110533
     40      -0.034127  -0.025274  -0.014227   0.011608  -0.021359   0.026099
     41      -0.012306   0.023176   0.019771   0.022853  -0.011425   0.017094
     42       0.107461   0.017054   0.169586   0.455890  -0.246291  -0.310408
     43      -0.301419  -0.361392   0.046462   0.093806  -0.087860  -0.148106
     44       0.005422   0.023791  -0.053565  -0.150146   0.082124   0.131557
     45       0.222409   0.115487   0.110694   0.233166  -0.105532  -0.189644
     46      -0.496019  -0.314217  -0.016629   0.070318  -0.079445  -0.068486
     47      -0.006107  -0.063471   0.149354   0.419766  -0.234165  -0.340913
                 36         37         38         39         40         41    
      0       0.002319  -0.000001   0.031456  -0.000820  -0.009359  -0.000333
      1       0.003085  -0.001300  -0.030992  -0.000775   0.014830  -0.002263
      2      -0.000664  -0.006216  -0.034527   0.001263   0.036866  -0.012003
      3      -0.009483   0.026460   0.002147   0.001352   0.000911  -0.000089
      4       0.004831  -0.019372   0.025342   0.036028   0.021071  -0.009653
      5       0.041429  -0.029309  -0.010924  -0.034634  -0.030761   0.009641
      6       0.025012  -0.028644  -0.000231  -0.000211  -0.000326   0.000277
      7      -0.065889   0.065908   0.000215   0.000347   0.000245   0.000191
      8      -0.003249  -0.001366   0.000269   0.000664   0.000265  -0.001302
      9       0.029811   0.016579  -0.001021  -0.000921  -0.008193  -0.030490
     10       0.039532   0.001783   0.001434  -0.000899   0.009654   0.033171
     11      -0.007966   0.069294   0.003143   0.000502   0.016299   0.048510
     12      -0.068756  -0.069878  -0.000219   0.000240  -0.000286  -0.000350
     13       0.008615   0.010665   0.000237  -0.000257   0.000329  -0.000642
     14       0.015277   0.010067   0.000251  -0.000628   0.000276  -0.001124
     15      -0.000593   0.020105  -0.025756   0.038721  -0.028211   0.011454
     16      -0.018688  -0.027632  -0.011119   0.018073  -0.015114   0.005135
     17      -0.038714  -0.027328  -0.002758   0.020617  -0.023907   0.006252
     18      -0.021406  -0.016366  -0.437332   0.006841   0.159385  -0.011022
     19      -0.028067   0.029489   0.292902   0.005515  -0.106982   0.007325
     20       0.006298   0.081438  -0.179630  -0.000605   0.065925  -0.005015
     21       0.032826  -0.071781   0.068110  -0.001756  -0.053781   0.015456
     22       0.044137   0.052367   0.071374  -0.002230  -0.065474   0.018969
     23      -0.009205  -0.008042   0.587787  -0.013472  -0.507590   0.146516
     24       0.136779  -0.161969   0.034853   0.081649   0.062571  -0.022864
     25       0.014174   0.083536   0.004626   0.005366   0.002510   0.000639
     26       0.022865  -0.003967   0.228278   0.551097   0.446995  -0.147477
     27      -0.081423   0.003724  -0.063258  -0.092317  -0.057890   0.022700
     28       0.069218  -0.031142  -0.307254  -0.429503  -0.249511   0.108208
     29      -0.105544   0.012944  -0.097664  -0.138454  -0.080280   0.032690
     30      -0.256583   0.215647   0.001315  -0.001126  -0.000763   0.001201
     31       0.574358  -0.609137  -0.000003   0.000499   0.001631  -0.000505
     32       0.011874  -0.003877  -0.001959  -0.010916  -0.003223   0.017877
     33      -0.184177   0.061014  -0.008388   0.001162  -0.041376  -0.120341
     34      -0.245442  -0.030469  -0.003401   0.002212  -0.019870  -0.060674
     35       0.051372   0.069486  -0.046702  -0.004712  -0.244284  -0.725392
     36       0.028552   0.051721   0.022893   0.003580   0.140784   0.474382
     37       0.037037  -0.085034  -0.015530   0.000209  -0.096683  -0.327222
     38      -0.009377  -0.218148   0.008500   0.000440   0.046807   0.149401
     39       0.613810   0.628358  -0.000007   0.002753  -0.002582   0.004343
     40      -0.106482  -0.056776  -0.001698   0.001731  -0.000560   0.003604
     41      -0.110394  -0.118441  -0.001423   0.009762  -0.003192   0.016987
     42      -0.032475  -0.125919   0.049909  -0.117745   0.109134  -0.036181
     43       0.126322   0.129899   0.025072  -0.060186   0.059505  -0.016965
     44      -0.052009  -0.013616   0.221893  -0.501902   0.460802  -0.144419
     45       0.109160   0.032233   0.256827  -0.340195   0.227481  -0.094816
     46      -0.032085   0.007545   0.110364  -0.149579   0.104742  -0.041552
     47       0.097471   0.004559  -0.189314   0.254248  -0.171587   0.068172
                 42         43         44         45         46         47    
      0       0.043130   0.002810  -0.019216   0.031881   0.000126  -0.000110
      1      -0.024886  -0.002640   0.008750  -0.013883   0.000220   0.000051
      2       0.036330   0.003210  -0.027575   0.048827   0.000027   0.000232
      3      -0.009625  -0.014911  -0.004276   0.009421  -0.001350  -0.000744
      4      -0.032930  -0.044805  -0.008798   0.021732   0.001130   0.000517
      5      -0.026360  -0.051612  -0.015603   0.035758   0.003645   0.002122
      6      -0.000012   0.000294  -0.000340  -0.000542   0.015370   0.009344
      7       0.000262   0.000316  -0.000245  -0.000109   0.005373   0.003243
      8       0.000253   0.001718  -0.001283  -0.002748   0.059130   0.034151
      9       0.003353   0.000098   0.054566   0.026130  -0.001481   0.002383
     10      -0.001509   0.000130  -0.028915  -0.013239  -0.002686   0.000423
     11       0.004891   0.000294   0.058856   0.031150   0.001996   0.005444
     12      -0.000186  -0.000152  -0.000131  -0.000584  -0.006577   0.010918
     13       0.000032  -0.000106   0.000044  -0.000181  -0.000016  -0.000763
     14       0.000560  -0.001736  -0.001349  -0.002694  -0.035903   0.059749
     15       0.025905  -0.023287   0.003482  -0.009825   0.000492  -0.000596
     16       0.011245  -0.009426   0.001871  -0.004410  -0.001162   0.001925
     17      -0.044555   0.058771  -0.017212   0.040623  -0.002067   0.003412
     18      -0.492430  -0.037781   0.207505  -0.343326  -0.001458  -0.003294
     19       0.332918   0.026444  -0.140565   0.232643  -0.000176   0.002421
     20      -0.186733  -0.014563   0.077701  -0.128346  -0.000304  -0.001835
     21      -0.023265  -0.004206   0.023920  -0.042789   0.002045   0.000451
     22      -0.037479  -0.006053   0.034265  -0.061826   0.001944  -0.002438
     23      -0.264950  -0.022711   0.250504  -0.450568  -0.001974  -0.005214
     24       0.028803   0.063927   0.017174  -0.045825  -0.003489  -0.001964
     25      -0.003364  -0.003895   0.000466   0.004456  -0.002207  -0.000269
     26       0.210330   0.455605   0.145749  -0.344791  -0.026043  -0.014574
     27       0.085201   0.117627   0.025352  -0.059882   0.000572   0.000217
     28       0.384898   0.537055   0.113529  -0.264520  -0.012493  -0.006987
     29       0.114199   0.158027   0.032046  -0.078628  -0.003357  -0.002105
     30      -0.001405  -0.001090   0.007476   0.001371  -0.181866  -0.108605
     31      -0.002311  -0.004596  -0.005350   0.002125  -0.059879  -0.039519
     32      -0.007537  -0.023509   0.022721   0.034634  -0.836688  -0.492615
     33      -0.007129   0.001566  -0.080048  -0.042540  -0.002002  -0.008925
     34      -0.003172   0.002539  -0.049920  -0.029154  -0.000266  -0.002640
     35      -0.039264  -0.003630  -0.528398  -0.293221  -0.011551  -0.044105
     36      -0.038405  -0.000078  -0.564086  -0.263498  -0.001765  -0.018978
     37       0.026918   0.000573   0.391667   0.182575   0.007421   0.011744
     38      -0.009777  -0.000074  -0.165315  -0.079095  -0.002067  -0.004417
     39       0.000182   0.000617   0.011609   0.005117   0.096770  -0.157515
     40      -0.000685   0.004058   0.000195   0.007117   0.020155  -0.029943
     41      -0.011395   0.022564   0.021681   0.033064   0.496994  -0.842362
     42       0.070498  -0.106663   0.032233  -0.084636   0.002015  -0.004747
     43       0.037702  -0.056558   0.021079  -0.047242   0.001682  -0.003067
     44       0.274891  -0.424880   0.137964  -0.332790   0.015751  -0.024945
     45      -0.367147   0.384610  -0.086348   0.205227  -0.006650   0.010693
     46      -0.166599   0.173605  -0.039751   0.094635  -0.000855   0.001504
     47       0.262764  -0.273642   0.060197  -0.147753   0.003575  -0.006222
# -----------------------------------------------------------
$ THERMOCHEMISTRY_Energies
   description: The Thermochemistry energies
   geom. index: 1
   prop. index: 1
        Temperature (Kelvin)           :        298.1500000000
        Pressure (atm)                 :          1.0000000000
        Total Mass (AMU)               :         86.1380000000
        Spin Degeneracy                :          1.0000000000
        Electronic Energy (Hartree)    :       -268.0823068882
        Translational Energy (Hartree) :          0.0014162714
        Rotational Energy (Hartree)    :          0.0014162714
        Vibrational Energy (Hartree)   :          0.0021014276
        Number of frequencies          :     48      
        Scaling Factor for frequencies :          1.0000000000
        Vibrational frequencies        :     
                  0    
      0       0.000000
      1       0.000000
      2       0.000000
      3       0.000000
      4       0.000000
      5       0.000000
      6     332.750886
      7     339.920666
      8     472.093568
      9     500.995919
     10     512.894788
     11     681.836518
     12     869.954688
     13     886.927568
     14     921.874251
     15     925.927256
     16     932.597025
     17     993.061759
     18     1054.698047
     19     1062.353407
     20     1075.300962
     21     1130.225047
     22     1169.890209
     23     1196.220856
     24     1249.967356
     25     1282.140846
     26     1349.540576
     27     1352.211096
     28     1381.692654
     29     1418.305750
     30     1428.591873
     31     1429.030726
     32     1501.195777
     33     1512.730348
     34     1515.595458
     35     1530.277391
     36     1541.405196
     37     1567.124443
     38     2940.994274
     39     2945.449749
     40     2949.199672
     41     2959.507112
     42     2987.911750
     43     2991.634691
     44     3001.881126
     45     3004.628096
     46     3221.679184
     47     3223.325623
        Zero Point Energy (Hartree)    :          0.1488681035
        Inner Energy (Hartree)         :       -267.9285048143
        Enthalpy (Hartree)             :       -267.9275606052
        Electronic entropy             :          0.0000000000
        Rotational entropy             :          0.0124223946
        Vibrational entropy            :          0.0029401716
        Translational entropy          :          0.0124223946
        Entropy                        :          0.0340224730
        Gibbs Energy (Hartree)         :       -267.9615830782
        Is Linear                      :                 false
# -----------------------------------------------------------
$ PAL_Flags
   description: The PAL Flags
   geom. index: 2
   prop. index: 1
        Diskflag:     2
# -----------------------------------------------------------
$ SCF_Energy
   description: The SCF energy
   geom. index: 2
   prop. index: 1
        SCF Energy:     -268.0642235104
# -----------------------------------------------------------
$ DFT_Energy
   description: The DFT energy
   geom. index: 2
   prop. index: 1
   Number of Alpha Electrons                 24.0000323841 
   Number of Beta  Electrons                 24.0000323841 
   Total number of  Electrons                48.0000647683 
   Exchange energy                          -24.9649609310 
   Correlation energy                        -1.9573720716 
   Correlation energy NL                      0.0000000000 
   Exchange-Correlation energy              -26.9223330026 
   Embedding correction                       0.0000000000 
   Total DFT Energy (No VdW correction)    -268.0642235104 
# -----------------------------------------------------------
$ VdW_Correction
   description: The Van der Waals Correction
   geom. index: 2
   prop. index: 1
        Van der Waals Correction:       -0.0237930937
# -----------------------------------------------------------
$ PAL_Flags
   description: The PAL Flags
   geom. index: 3
   prop. index: 1
        Diskflag:     2
# -----------------------------------------------------------
$ SCF_Energy
   description: The SCF energy
   geom. index: 3
   prop. index: 1
        SCF Energy:     -268.0647008911
# -----------------------------------------------------------
$ DFT_Energy
   description: The DFT energy
   geom. index: 3
   prop. index: 1
   Number of Alpha Electrons                 24.0000431906 
   Number of Beta  Electrons                 24.0000431906 
   Total number of  Electrons                48.0000863813 
   Exchange energy                          -24.9631499666 
   Correlation energy                        -1.9571649544 
   Correlation energy NL                      0.0000000000 
   Exchange-Correlation energy              -26.9203149210 
   Embedding correction                       0.0000000000 
   Total DFT Energy (No VdW correction)    -268.0647008911 
# -----------------------------------------------------------
$ VdW_Correction
   description: The Van der Waals Correction
   geom. index: 3
   prop. index: 1
        Van der Waals Correction:       -0.0237130950
# -----------------------------------------------------------
$ PAL_Flags
   description: The PAL Flags
   geom. index: 4
   prop. index: 1
        Diskflag:     2
# -----------------------------------------------------------
$ SCF_Energy
   description: The SCF energy
   geom. index: 4
   prop. index: 1
        SCF Energy:     -268.0648457462
# -----------------------------------------------------------
$ DFT_Energy
   description: The DFT energy
   geom. index: 4
   prop. index: 1
   Number of Alpha Electrons                 24.0000568538 
   Number of Beta  Electrons                 24.0000568538 
   Total number of  Electrons                48.0001137076 
   Exchange energy                          -24.9621568496 
   Correlation energy                        -1.9570333967 
   Correlation energy NL                      0.0000000000 
   Exchange-Correlation energy              -26.9191902463 
   Embedding correction                       0.0000000000 
   Total DFT Energy (No VdW correction)    -268.0648457462 
# -----------------------------------------------------------
$ VdW_Correction
   description: The Van der Waals Correction
   geom. index: 4
   prop. index: 1
        Van der Waals Correction:       -0.0236622237
# -----------------------------------------------------------
$ PAL_Flags
   description: The PAL Flags
   geom. index: 5
   prop. index: 1
        Diskflag:     2
# -----------------------------------------------------------
$ SCF_Energy
   description: The SCF energy
   geom. index: 5
   prop. index: 1
        SCF Energy:     -268.0648523138
# -----------------------------------------------------------
$ DFT_Energy
   description: The DFT energy
   geom. index: 5
   prop. index: 1
   Number of Alpha Electrons                 24.0000592886 
   Number of Beta  Electrons                 24.0000592886 
   Total number of  Electrons                48.0001185771 
   Exchange energy                          -24.9622191247 
   Correlation energy                        -1.9570359114 
   Correlation energy NL                      0.0000000000 
   Exchange-Correlation energy              -26.9192550361 
   Embedding correction                       0.0000000000 
   Total DFT Energy (No VdW correction)    -268.0648523138 
# -----------------------------------------------------------
$ VdW_Correction
   description: The Van der Waals Correction
   geom. index: 5
   prop. index: 1
        Van der Waals Correction:       -0.0236585818
# -----------------------------------------------------------
$ PAL_Flags
   description: The PAL Flags
   geom. index: 6
   prop. index: 1
        Diskflag:     2
# -----------------------------------------------------------
$ SCF_Energy
   description: The SCF energy
   geom. index: 6
   prop. index: 1
        SCF Energy:     -268.0648518395
# -----------------------------------------------------------
$ DFT_Energy
   description: The DFT energy
   geom. index: 6
   prop. index: 1
   Number of Alpha Electrons                 24.0000595927 
   Number of Beta  Electrons                 24.0000595927 
   Total number of  Electrons                48.0001191854 
   Exchange energy                          -24.9622724272 
   Correlation energy                        -1.9570402182 
   Correlation energy NL                      0.0000000000 
   Exchange-Correlation energy              -26.9193126454 
   Embedding correction                       0.0000000000 
   Total DFT Energy (No VdW correction)    -268.0648518395 
# -----------------------------------------------------------
$ Mayer_Pop
   description: The Mayer population analysis
   geom. index: 6
   prop. index: 1
     Number of atoms                     : 16
     Threshold for printing              : 0.1000000
     Number of bond orders printed       : 16
  NA   - Mulliken gross atomic population
  ZA   - Total nuclear charge
  QA   - Mulliken gross atomic charge
  VA   - Mayer's total valence
  BVA  - Mayer's bonded valence
  FA   - Mayer's free valence
  ATOM       NA         ZA         QA         VA         BVA        FA
  0   0     6.3238     6.0000    -0.3238     3.7000     3.7000    -0.0000
  1   0     6.2681     6.0000    -0.2681     3.7127     3.7127    -0.0000
  2   0     7.3542     7.0000    -0.3542     2.4646     2.4646     0.0000
  3   0     6.2766     6.0000    -0.2766     3.8394     3.8394     0.0000
  4   0     7.3542     7.0000    -0.3542     2.4649     2.4649    -0.0000
  5   0     6.2681     6.0000    -0.2681     3.7137     3.7137    -0.0000
  6   0     0.8606     1.0000     0.1394     0.9690     0.9690    -0.0000
  7   0     0.8597     1.0000     0.1403     0.9513     0.9513    -0.0000
  8   0     0.8346     1.0000     0.1654     0.9260     0.9260    -0.0000
  9   0     0.8466     1.0000     0.1534     0.9492     0.9492    -0.0000
 10   0     0.6962     1.0000     0.3038     0.8478     0.8478     0.0000
 11   0     0.8344     1.0000     0.1656     0.9270     0.9270    -0.0000
 12   0     0.8455     1.0000     0.1545     0.9493     0.9493    -0.0000
 13   0     0.6964     1.0000     0.3036     0.8479     0.8479     0.0000
 14   0     0.8345     1.0000     0.1655     0.9259     0.9259     0.0000
 15   0     0.8464     1.0000     0.1536     0.9489     0.9489    -0.0000
      Bond orders larger than 0.1000000
           Atom A     A.N. of A          Atom B    A.N. of B              Bond order
                0             6               1            6                0.922574
                0             6               5            6                0.923434
                0             6               6            1                0.959091
                0             6               7            1                0.986877
                1             6               2            7                0.872236
                1             6               8            1                0.984561
                1             6               9            1                0.997683
                2             7               3            6                0.927343
                2             7              10            1                0.884468
                3             6               4            7                0.926889
                3             6              11            1                0.989342
                3             6              12            1                1.007255
                4             7               5            6                0.872732
                4             7              13            1                0.884587
                5             6              14            1                0.984544
                5             6              15            1                0.997139
# -----------------------------------------------------------
$ VdW_Correction
   description: The Van der Waals Correction
   geom. index: 6
   prop. index: 1
        Van der Waals Correction:       -0.0236591904
# -----------------------------------------------------------
$ SCF_Electric_Properties
   description: The SCF Calculated Electric Properties
   geom. index: 6
   prop. index: 1
       Filename                          : file.scfp 
       Do Dipole Moment Calculation      : true 
       Do Quadrupole Moment Calculation  : false 
       Do Polarizability Calculation     : false 
** Dipole moment part of electric properties **
        Magnitude of dipole moment (Debye) :        1.8081726998
        Electronic Contribution:
                  0    
      0       1.421159
      1      -1.018155
      2       0.263531
        Nuclear Contribution:
                  0    
      0      -1.740618
      1       1.369699
      2       0.266013
        Total Dipole moment:
                  0    
      0      -0.319459
      1       0.351545
      2       0.529544
# -------------------------------------------------------------
----------------------- !GEOMETRIES! ------------------------
# -------------------------------------------------------------
------------------------ !GEOMETRY! -------------------------
    Number of atoms:    16 
    Geometry Index:     1 
    Coordinates:
               0 C     -0.972400000000    0.804000000000    0.331600000000
               1 C      0.290300000000    1.292700000000   -0.383300000000
               2 N      1.442500000000    0.441500000000   -0.062200000000
               3 C      1.163000000000   -0.962500000000   -0.400500000000
               4 N     -0.003100000000   -1.471600000000    0.337700000000
               5 C     -1.199900000000   -0.679400000000    0.028900000000
               6 H     -1.849100000000    1.395100000000   -0.009900000000
               7 H     -0.859000000000    0.947600000000    1.428400000000
               8 H      0.124400000000    1.300800000000   -1.483400000000
               9 H      0.506900000000    2.337000000000   -0.070900000000
              10 H      1.638600000000    0.509800000000    0.964500000000
              11 H      0.999800000000   -1.068200000000   -1.496400000000
              12 H      2.050800000000   -1.579800000000   -0.144400000000
              13 H      0.191300000000   -1.405600000000    1.364800000000
              14 H     -1.471200000000   -0.811000000000   -1.042000000000
              15 H     -2.052800000000   -1.050600000000    0.637200000000
------------------------ !GEOMETRY! -------------------------
    Number of atoms:    16 
    Geometry Index:     2 
    Coordinates:
               0 C     -0.983733656719    0.812920843138    0.333571915046
               1 C      0.292401451856    1.297659795298   -0.373759686044
               2 N      1.455570685974    0.452543461636   -0.082223758612
               3 C      1.154673187335   -0.948930593077   -0.366929487456
               4 N     -0.013443722212   -1.491053711825    0.324183131380
               5 C     -1.202380561074   -0.680175489272    0.039636579554
               6 H     -1.851195061318    1.399912646391    0.004337252427
               7 H     -0.878120615732    0.959680372646    1.418637328327
               8 H      0.136242624640    1.285983953845   -1.461313723712
               9 H      0.527107893082    2.330299548648   -0.093624583430
              10 H      1.687018976696    0.540002439045    0.902492990512
              11 H      0.977308512968   -1.040397697469   -1.445880983379
              12 H      2.029143412870   -1.557971936370   -0.117813375439
              13 H      0.164850366620   -1.473687103268    1.323581028325
              14 H     -1.450061838707   -0.812972941365   -1.022635665402
              15 H     -2.045281656281   -1.074013588001    0.617841037903
------------------------ !GEOMETRY! -------------------------
    Number of atoms:    16 
    Geometry Index:     3 
    Coordinates:
               0 C     -0.985769759168    0.814970392696    0.336170906851
               1 C      0.288186732444    1.300861291219   -0.373143023376
               2 N      1.454805071265    0.457516405692   -0.094245871068
               3 C      1.156386896344   -0.948238418204   -0.357970699360
               4 N     -0.020533754839   -1.494482675729    0.313801559871
               5 C     -1.206565789382   -0.676890309804    0.040218684611
               6 H     -1.854269335494    1.404619734108    0.015101293425
               7 H     -0.876552603423    0.958885962219    1.421133039538
               8 H      0.128753145564    1.287425999437   -1.460584906997
               9 H      0.525724707828    2.334387431795   -0.098983621454
              10 H      1.723390849315    0.564457096553    0.880910002147
              11 H      0.993878306978   -1.051366924025   -1.438960319075
              12 H      2.028696827631   -1.552062798232   -0.090477887143
              13 H      0.148325931091   -1.519011466293    1.316446423338
              14 H     -1.453786856504   -0.806133059936   -1.022996572793
              15 H     -2.050570369648   -1.075138661496    0.613680991486
------------------------ !GEOMETRY! -------------------------
    Number of atoms:    16 
    Geometry Index:     4 
    Coordinates:
               0 C     -0.986172880999    0.816187871269    0.340650871398
               1 C      0.284094270216    1.302133621733   -0.374309563047
               2 N      1.452475880171    0.460319209703   -0.101605073068
               3 C      1.159128285254   -0.949141278642   -0.352054477186
               4 N     -0.025244922925   -1.494978756674    0.307115731958
               5 C     -1.209168657750   -0.673708189208    0.038545613797
               6 H     -1.855834107078    1.408005876955    0.025551631070
               7 H     -0.871383423959    0.955897596125    1.425785570112
               8 H      0.117253402999    1.287441975947   -1.461120989592
               9 H      0.522672956959    2.336647019892   -0.103435794239
              10 H      1.747650989307    0.583076172160    0.863352913924
              11 H      1.012083512167   -1.064217741810   -1.434537624746
              12 H      2.029693515472   -1.547925899534   -0.066810912070
              13 H      0.134612174786   -1.550414661050    1.309424762561
              14 H     -1.457314810334   -0.795569673029   -1.025826521429
              15 H     -2.054446184286   -1.073953143837    0.609373860559
------------------------ !GEOMETRY! -------------------------
    Number of atoms:    16 
    Geometry Index:     5 
    Coordinates:
               0 C     -0.985924691548    0.816241253611    0.341827495826
               1 C      0.283163526259    1.302106659876   -0.375099327719
               2 N      1.451577542427    0.460521848101   -0.102828645000
               3 C      1.159758108255   -0.949536239674   -0.351392315752
               4 N     -0.025962053674   -1.494531856213    0.305926648682
               5 C     -1.209553518209   -0.673043021827    0.037595815855
               6 H     -1.855858616447    1.408661634642    0.028708739772
               7 H     -0.868847000560    0.954221991734    1.426921467745
               8 H      0.114387416829    1.287214625918   -1.461596216324
               9 H      0.521949876264    2.336594058432   -0.104434981616
              10 H      1.750007532111    0.586004547347    0.860906548284
              11 H      1.016197567640   -1.067272174944   -1.434020459831
              12 H      2.029823753583   -1.547014624537   -0.062073971926
              13 H      0.132122938816   -1.553888676199    1.308422769177
              14 H     -1.457900586069   -0.792958465010   -1.026936184871
              15 H     -2.054841795679   -1.073521561258    0.608172617700
------------------------ !GEOMETRY! -------------------------
    Number of atoms:    16 
    Geometry Index:     6 
    Coordinates:
               0 C     -0.985823971397    0.816201121025    0.342021987451
               1 C      0.282994176746    1.302075579467   -0.375333329406
               2 N      1.451397943223    0.460536462257   -0.102977679025
               3 C      1.159855026850   -0.949616066345   -0.351342976880
               4 N     -0.026059939585   -1.494397871514    0.305793955985
               5 C     -1.209614379842   -0.672941479967    0.037329333062
               6 H     -1.855871177186    1.408854566868    0.029630618242
               7 H     -0.868027391395    0.953639683625    1.427114205485
               8 H      0.113939029166    1.287122518465   -1.461784054619
               9 H      0.521846298160    2.336559397388   -0.104669993269
              10 H      1.749824691792    0.586324311753    0.860657344533
              11 H      1.016894579088   -1.067828937324   -1.433990186899
              12 H      2.029839822519   -1.546856842248   -0.061249329948
              13 H      0.131735183885   -1.553818743937    1.308272154440
              14 H     -1.457921983171   -0.792565887024   -1.027243039590
              15 H     -2.054907908854   -1.073487812490    0.607870990438
