    23
     1   -0.216485   -3.032142    0.007054      1
     2   -4.045402   -2.528330    0.007722      1
     3    3.645626   -3.077064    0.005359      1
     4   -2.274359   -1.563749    0.004668      1
     5    2.029276   -1.871138    0.003349      1
     6   -2.193054    1.072236   -0.001397      1
     7    2.323161    0.749686   -0.002787      1
     8   -3.899576    2.137654   -0.003035      1
     9    4.163319    1.562757   -0.005520      1
    10    0.160970    2.253651   -0.005228      1
    11    0.304257    4.262166   -0.009917      1
    12   -3.413159   -2.181055    0.006625      2
    13    3.068993   -2.643689    0.004635      2
    14   -1.545997   -2.038626    0.005410      2
    15    1.240762   -2.237711    0.004556      2
    16   -2.231628   -0.239226    0.001621      2
    17   -0.025890   -0.363413    0.000861      3
    18    2.175092   -0.554005    0.000267      2
    19   -3.281855    1.751818   -0.002442      2
    20   -1.029598    1.665249   -0.003312      2
    21    1.255839    1.501957   -0.004015      2
    22    3.497213    1.268217   -0.004530      2
    23    0.252587    3.537686   -0.008226      2
