-------------------------------------------------------------
----------------------- !PROPERTIES! ------------------------
-------------------------------------------------------------
# -----------------------------------------------------------
$ PAL_Flags
   description: The PAL Flags
   geom. index: 1
   prop. index: 1
        Diskflag:     2
# -----------------------------------------------------------
$ SCF_Energy
   description: The SCF energy
   geom. index: 1
   prop. index: 1
        SCF Energy:     -248.3803963025
# -----------------------------------------------------------
$ DFT_Energy
   description: The DFT energy
   geom. index: 1
   prop. index: 1
   Number of Alpha Electrons                 21.0000251301 
   Number of Beta  Electrons                 21.0000251301 
   Total number of  Electrons                42.0000502602 
   Exchange energy                          -23.0263658504 
   Correlation energy                        -1.7274238381 
   Correlation energy NL                      0.0000000000 
   Exchange-Correlation energy              -24.7537896885 
   Embedding correction                       0.0000000000 
   Total DFT Energy (No VdW correction)    -248.3803963025 
# -----------------------------------------------------------
$ Mayer_Pop
   description: The Mayer population analysis
   geom. index: 1
   prop. index: 1
     Number of atoms                     : 11
     Threshold for printing              : 0.1000000
     Number of bond orders printed       : 14
  NA   - Mulliken gross atomic population
  ZA   - Total nuclear charge
  QA   - Mulliken gross atomic charge
  VA   - Mayer's total valence
  BVA  - Mayer's bonded valence
  FA   - Mayer's free valence
  ATOM       NA         ZA         QA         VA         BVA        FA
  0   0     6.2866     6.0000    -0.2866     4.5362     4.5362    -0.0000
  1   0     5.9101     6.0000     0.0899     3.7854     3.7854    -0.0000
  2   0     6.2460     6.0000    -0.2460     4.1097     4.1097    -0.0000
  3   0     7.1949     7.0000    -0.1949     2.5916     2.5916    -0.0000
  4   0     6.2446     6.0000    -0.2446     4.1075     4.1075    -0.0000
  5   0     5.9089     6.0000     0.0911     3.7841     3.7841    -0.0000
  6   0     0.8462     1.0000     0.1538     0.9500     0.9500     0.0000
  7   0     0.8419     1.0000     0.1581     0.9379     0.9379    -0.0000
  8   0     0.8394     1.0000     0.1606     0.9217     0.9217    -0.0000
  9   0     0.8394     1.0000     0.1606     0.9217     0.9217    -0.0000
 10   0     0.8421     1.0000     0.1579     0.9381     0.9381    -0.0000
      Bond orders larger than 0.1000000
           Atom A     A.N. of A          Atom B    A.N. of B              Bond order
                0             6               1            6                1.559613
                0             6               2            6                0.195233
                0             6               4            6                0.194351
                0             6               5            6                1.559128
                0             6               6            1                0.847444
                1             6               2            6                1.422479
                1             6               7            1                0.841984
                2             6               3            7                1.313634
                2             6               4            6                0.172326
                2             6               8            1                0.955440
                3             7               4            6                1.312203
                4             6               5            6                1.422483
                4             6               9            1                0.955440
                5             6              10            1                0.841773
# -----------------------------------------------------------
$ VdW_Correction
   description: The Van der Waals Correction
   geom. index: 1
   prop. index: 1
        Van der Waals Correction:       -0.0201721782
# -----------------------------------------------------------
$ Hessian
   description: Details about the Hessian
   geom. index: 1
   prop. index: 1
Normal modes:
Number of Rows: 33 Number of Columns: 33
                  0          1          2          3          4          5    
      0       0.000000   0.000000   0.000000   0.000000   0.000000   0.000000
      1       0.000000   0.000000   0.000000   0.000000   0.000000   0.000000
      2       0.000000   0.000000   0.000000   0.000000   0.000000   0.000000
      3       0.000000   0.000000   0.000000   0.000000   0.000000   0.000000
      4       0.000000   0.000000   0.000000   0.000000   0.000000   0.000000
      5       0.000000   0.000000   0.000000   0.000000   0.000000   0.000000
      6       0.000000   0.000000   0.000000   0.000000   0.000000   0.000000
      7       0.000000   0.000000   0.000000   0.000000   0.000000   0.000000
      8       0.000000   0.000000   0.000000   0.000000   0.000000   0.000000
      9       0.000000   0.000000   0.000000   0.000000   0.000000   0.000000
     10       0.000000   0.000000   0.000000   0.000000   0.000000   0.000000
     11       0.000000   0.000000   0.000000   0.000000   0.000000   0.000000
     12       0.000000   0.000000   0.000000   0.000000   0.000000   0.000000
     13       0.000000   0.000000   0.000000   0.000000   0.000000   0.000000
     14       0.000000   0.000000   0.000000   0.000000   0.000000   0.000000
     15       0.000000   0.000000   0.000000   0.000000   0.000000   0.000000
     16       0.000000   0.000000   0.000000   0.000000   0.000000   0.000000
     17       0.000000   0.000000   0.000000   0.000000   0.000000   0.000000
     18       0.000000   0.000000   0.000000   0.000000   0.000000   0.000000
     19       0.000000   0.000000   0.000000   0.000000   0.000000   0.000000
     20       0.000000   0.000000   0.000000   0.000000   0.000000   0.000000
     21       0.000000   0.000000   0.000000   0.000000   0.000000   0.000000
     22       0.000000   0.000000   0.000000   0.000000   0.000000   0.000000
     23       0.000000   0.000000   0.000000   0.000000   0.000000   0.000000
     24       0.000000   0.000000   0.000000   0.000000   0.000000   0.000000
     25       0.000000   0.000000   0.000000   0.000000   0.000000   0.000000
     26       0.000000   0.000000   0.000000   0.000000   0.000000   0.000000
     27       0.000000   0.000000   0.000000   0.000000   0.000000   0.000000
     28       0.000000   0.000000   0.000000   0.000000   0.000000   0.000000
     29       0.000000   0.000000   0.000000   0.000000   0.000000   0.000000
     30       0.000000   0.000000   0.000000   0.000000   0.000000   0.000000
     31       0.000000   0.000000   0.000000   0.000000   0.000000   0.000000
     32       0.000000   0.000000   0.000000   0.000000   0.000000   0.000000
                  6          7          8          9         10         11    
      0      -0.000006   0.000136  -0.028056  -0.159477  -0.000023   0.000095
      1       0.000002   0.000630  -0.393945   0.011318  -0.000066   0.000431
      2      -0.000504   0.276933   0.000926   0.000065  -0.026480   0.187858
      3      -0.000084  -0.000078  -0.239350  -0.219264  -0.000055  -0.000053
      4      -0.000418  -0.000394  -0.019014   0.259751  -0.000141  -0.000298
      5      -0.182057  -0.171516   0.000162  -0.000475  -0.068082  -0.129571
      6       0.000077  -0.000050  -0.211548   0.239088   0.000020   0.000090
      7       0.000396  -0.000253   0.035501   0.205733   0.000020   0.000460
      8       0.172642  -0.109989   0.000022  -0.000578   0.004423   0.202147
      9      -0.000005   0.000123   0.028061   0.146380  -0.000001  -0.000109
     10      -0.000004   0.000611   0.393317  -0.010369  -0.000051  -0.000548
     11      -0.000501   0.266909  -0.000915  -0.000041  -0.027747  -0.236609
     12      -0.000077  -0.000053   0.214347   0.207462   0.000008   0.000092
     13      -0.000405  -0.000253   0.005181  -0.237592  -0.000005   0.000477
     14      -0.172300  -0.110937  -0.000108   0.000445   0.004711   0.202220
     15       0.000094  -0.000089   0.234282  -0.253851  -0.000039  -0.000071
     16       0.000429  -0.000384  -0.052717  -0.226022  -0.000175  -0.000301
     17       0.182560  -0.170431   0.000012   0.000663  -0.068359  -0.129387
     18      -0.000013   0.000342  -0.028141   0.282681   0.000270  -0.000010
     19       0.000001   0.001606  -0.394250  -0.020236   0.001133  -0.000035
     20      -0.000945   0.706117   0.000858  -0.000253   0.499425  -0.017068
     21      -0.000185  -0.000137  -0.039320  -0.340112   0.000140  -0.000243
     22      -0.000967  -0.000726   0.282734   0.077020   0.000952  -0.001331
     23      -0.417109  -0.317462  -0.000694  -0.000187   0.411313  -0.578928
     24       0.000246  -0.000089  -0.052115   0.302017   0.000242   0.000110
     25       0.001181  -0.000424  -0.279904   0.091907   0.001029   0.000569
     26       0.513009  -0.186002   0.000628  -0.000520   0.448015   0.246763
     27      -0.000238  -0.000086   0.011790   0.285792   0.000228   0.000112
     28      -0.001187  -0.000430  -0.284255  -0.134013   0.001023   0.000582
     29      -0.511122  -0.188931   0.000593   0.000010   0.447942   0.246116
     30       0.000204  -0.000152   0.079192  -0.347644   0.000175  -0.000273
     31       0.000970  -0.000719   0.274309  -0.027729   0.000933  -0.001337
     32       0.419076  -0.315465  -0.000738   0.000075   0.411340  -0.580103
                 12         13         14         15         16         17    
      0       0.000002  -0.000039  -0.000011  -0.005058  -0.000054   0.028429
      1      -0.000010  -0.000196  -0.000011  -0.068361  -0.000266   0.399648
      2      -0.000021  -0.081162  -0.000044   0.000120  -0.121656  -0.000922
      3       0.000022  -0.000015   0.000028  -0.244075   0.000054  -0.040597
      4       0.000178  -0.000078   0.000247   0.217801   0.000180  -0.001160
      5       0.075499  -0.034883   0.098858  -0.000406   0.085514   0.000023
      6       0.000041   0.000054  -0.000060  -0.098785  -0.000011  -0.297214
      7       0.000169   0.000231  -0.000255   0.046405  -0.000062  -0.183131
      8       0.071051   0.099728  -0.117184  -0.000025  -0.023160   0.000570
      9       0.000003  -0.000014  -0.000015  -0.031353   0.000002   0.003283
     10      -0.000009  -0.000058  -0.000050  -0.433617   0.000017   0.048461
     11      -0.000116  -0.023559  -0.000027   0.001007  -0.007300  -0.000116
     12      -0.000045   0.000043   0.000077   0.104889  -0.000019   0.268436
     13      -0.000157   0.000238   0.000269   0.032154  -0.000061  -0.223087
     14      -0.070379   0.099674   0.117604  -0.000174  -0.023182   0.000397
     15      -0.000026  -0.000014  -0.000016   0.272692   0.000019   0.040024
     16      -0.000168  -0.000077  -0.000202   0.180724   0.000185  -0.007235
     17      -0.075934  -0.034079  -0.099022  -0.000473   0.085293  -0.000033
     18       0.000005   0.000265  -0.000033  -0.004374   0.000359   0.030289
     19      -0.000007   0.001192  -0.000008  -0.057986   0.001553   0.421775
     20       0.000857   0.528311   0.000318   0.000371   0.677717  -0.000952
     21      -0.000252   0.000071  -0.000180  -0.092174  -0.000200  -0.103654
     22      -0.001288   0.000395  -0.000937   0.471478  -0.001131  -0.057654
     23      -0.559065   0.171279  -0.424740  -0.000933  -0.476113   0.000170
     24      -0.000198  -0.000273   0.000249  -0.164516   0.000095  -0.217152
     25      -0.000966  -0.001287   0.001293   0.156561   0.000361  -0.380186
     26      -0.421075  -0.562817   0.542434  -0.000390   0.170430   0.000870
     27       0.000194  -0.000278  -0.000240   0.185169   0.000070   0.161318
     28       0.000973  -0.001292  -0.001262   0.131301   0.000380  -0.406597
     29       0.418037  -0.563490  -0.545360  -0.000080   0.170637   0.000856
     30       0.000269   0.000072   0.000198   0.158114  -0.000226   0.094562
     31       0.001275   0.000391   0.001054   0.453913  -0.001113  -0.072420
     32       0.560280   0.166915   0.425203  -0.001538  -0.474691   0.000243
                 18         19         20         21         22         23    
      0      -0.005405  -0.083122   0.125455   0.000685  -0.048838   0.067783
      1      -0.069124   0.006272  -0.008864   0.007623   0.003525  -0.004832
      2       0.000153   0.000023  -0.000036  -0.000016   0.000020  -0.000022
      3       0.151734   0.060598  -0.056130   0.014067   0.042724   0.017669
      4      -0.016522  -0.066997  -0.083280   0.041149   0.065505   0.005323
      5      -0.000036   0.000122   0.000215  -0.000102  -0.000168  -0.000021
      6      -0.114093   0.069809  -0.064972   0.053635   0.080626  -0.013172
      7       0.013711   0.090307   0.072498  -0.049707  -0.131417   0.068207
      8       0.000027  -0.000231  -0.000138   0.000090   0.000264  -0.000149
      9      -0.002616  -0.078339   0.098855   0.001276  -0.196928  -0.067495
     10      -0.028463   0.005782  -0.007163   0.004745   0.014260   0.004789
     11       0.000066   0.000021  -0.000030  -0.000012   0.000059   0.000020
     12       0.115654   0.055515  -0.074499  -0.061074   0.096894  -0.022633
     13      -0.003235  -0.099289  -0.062801  -0.042815   0.117997  -0.065557
     14      -0.000054   0.000198   0.000185   0.000127  -0.000323   0.000163
     15      -0.151827   0.070625  -0.043691  -0.008267   0.032853   0.016705
     16       0.005479   0.057543   0.090593   0.043329  -0.070199  -0.007817
     17       0.000060  -0.000166  -0.000188  -0.000097   0.000148   0.000009
     18      -0.007854  -0.525386   0.654061  -0.004026   0.714891  -0.284500
     19      -0.080047   0.037848  -0.046547   0.008790  -0.050941   0.020290
     20       0.000212   0.000192  -0.000239  -0.000030  -0.000240   0.000093
     21       0.426288  -0.124766  -0.264639   0.244897  -0.241881  -0.143510
     22       0.384284  -0.360466  -0.395316   0.388541  -0.361482  -0.241727
     23      -0.001063   0.000904   0.001036  -0.000997   0.000930   0.000624
     24      -0.245392  -0.098729  -0.091177   0.271836   0.012691   0.305574
     25       0.259092   0.423098   0.130078  -0.458260  -0.022049  -0.526511
     26      -0.000497  -0.000964  -0.000245   0.000919   0.000040   0.001058
     27       0.278393  -0.159748  -0.108903  -0.334047   0.008023   0.377331
     28       0.218089  -0.406375  -0.116516  -0.414975   0.011152   0.477836
     29      -0.000565   0.001083   0.000296   0.001118  -0.000003  -0.001278
     30      -0.368163  -0.069280  -0.206570  -0.185026  -0.191141  -0.107610
     31       0.444503   0.370491   0.430780   0.414983   0.398998   0.259288
     32      -0.000796  -0.000868  -0.000879  -0.000865  -0.000823  -0.000547
                 24         25         26         27         28         29    
      0      -0.091803   0.004642   0.433910   0.012120   0.003638   0.003599
      1       0.006264   0.071931  -0.030483   0.182756   0.051272   0.000062
      2       0.000029  -0.000163  -0.000143  -0.000424  -0.000118  -0.000002
      3      -0.026672  -0.102134  -0.238438  -0.131374   0.036541  -0.043254
      4      -0.167875  -0.037298  -0.067503  -0.308294  -0.025584   0.027650
      5       0.000394   0.000135   0.000266   0.000766   0.000043  -0.000045
      6       0.072165   0.102969   0.159059  -0.019582  -0.015382   0.028116
      7       0.094249  -0.123653  -0.095249   0.248309  -0.007081   0.014342
      8      -0.000245   0.000237   0.000146  -0.000559   0.000024  -0.000047
      9      -0.125189   0.005375  -0.193699  -0.005613   0.000005   0.000126
     10       0.008552   0.083510   0.013727  -0.086217   0.000122  -0.000007
     11       0.000038  -0.000195   0.000057   0.000204  -0.000000   0.000000
     12       0.059135  -0.118992   0.170984   0.053793   0.014160   0.026223
     13      -0.102477  -0.108572   0.072724   0.242834  -0.009175  -0.018523
     14       0.000212   0.000308  -0.000249  -0.000592   0.000014   0.000030
     15      -0.003432   0.095944  -0.225971   0.087252  -0.039252  -0.046879
     16       0.170289  -0.050184   0.099041  -0.324431  -0.019863  -0.021287
     17      -0.000393   0.000068  -0.000113   0.000706   0.000063   0.000070
     18       0.591179   0.008853  -0.570971   0.016303  -0.043117  -0.004020
     19      -0.042517   0.090599   0.041324   0.213967  -0.604957  -0.003371
     20      -0.000198  -0.000230   0.000183  -0.000472   0.001398   0.000010
     21       0.318056   0.150198  -0.084248   0.314396  -0.435631   0.493690
     22       0.318903   0.365465   0.215713   0.342962   0.290812  -0.327062
     23      -0.000857  -0.000920  -0.000453  -0.000931  -0.000483   0.000543
     24       0.216847  -0.224431  -0.034028   0.217591   0.181725  -0.333996
     25      -0.138482   0.495537   0.269197  -0.133913   0.094710  -0.174784
     26       0.000200  -0.001040  -0.000586   0.000209  -0.000307   0.000565
     27       0.231446   0.294708  -0.072980  -0.234509  -0.165710  -0.310747
     28       0.101890   0.459889  -0.261804  -0.100653   0.119077   0.224085
     29      -0.000321  -0.001233   0.000646   0.000340  -0.000194  -0.000367
     30       0.270173  -0.094636  -0.115448  -0.262098   0.466190   0.536942
     31      -0.363993   0.380484  -0.199348   0.385091   0.222968   0.254478
     32       0.000689  -0.000846   0.000527  -0.000751  -0.000720  -0.000825
                 30         31         32    
      0      -0.004396   0.002867  -0.002578
      1      -0.061032  -0.001109  -0.036024
      2       0.000141   0.000001   0.000084
      3       0.018903  -0.026885   0.032195
      4      -0.007927   0.020662  -0.021820
      5       0.000010  -0.000036   0.000036
      6      -0.035318  -0.045079   0.038777
      7      -0.018513  -0.027644   0.023508
      8       0.000060   0.000085  -0.000073
      9       0.000028   0.001169  -0.000047
     10       0.000574  -0.000080  -0.000558
     11      -0.000001  -0.000001   0.000001
     12       0.033307  -0.040273  -0.034307
     13      -0.024165   0.033514   0.028189
     14       0.000040  -0.000058  -0.000048
     15      -0.019003  -0.030677  -0.034904
     16      -0.004703  -0.017078  -0.016959
     17       0.000020   0.000053   0.000055
     18       0.048808  -0.003287   0.027925
     19       0.683622   0.010207   0.391384
     20      -0.001582  -0.000022  -0.000908
     21      -0.189039   0.307589  -0.350110
     22       0.119552  -0.208691   0.234444
     23      -0.000195   0.000351  -0.000391
     24       0.402179   0.526058  -0.437473
     25       0.212354   0.281976  -0.235688
     26      -0.000686  -0.000909   0.000755
     27      -0.379499   0.475847   0.390840
     28       0.275841  -0.350391  -0.289040
     29      -0.000454   0.000580   0.000475
     30       0.194703   0.346289   0.379204
     31       0.086927   0.168574   0.181979
     32      -0.000287  -0.000545  -0.000589
# -----------------------------------------------------------
$ THERMOCHEMISTRY_Energies
   description: The Thermochemistry energies
   geom. index: 1
   prop. index: 1
        Temperature (Kelvin)           :        298.1500000000
        Pressure (atm)                 :          1.0000000000
        Total Mass (AMU)               :         79.1020000000
        Spin Degeneracy                :          1.0000000000
        Electronic Energy (Hartree)    :       -248.4005684808
        Translational Energy (Hartree) :          0.0014162714
        Rotational Energy (Hartree)    :          0.0014162714
        Vibrational Energy (Hartree)   :          0.0014508207
        Number of frequencies          :     33      
        Scaling Factor for frequencies :          1.0000000000
        Vibrational frequencies        :     
                  0    
      0       0.000000
      1       0.000000
      2       0.000000
      3       0.000000
      4       0.000000
      5       0.000000
      6     387.745716
      7     437.853493
      8     610.895806
      9     665.164865
     10     697.612378
     11     763.800669
     12     892.712440
     13     938.690729
     14     993.890402
     15     1003.432238
     16     1022.184409
     17     1047.307994
     18     1077.629271
     19     1093.376703
     20     1158.107742
     21     1206.566284
     22     1212.437508
     23     1353.148978
     24     1480.228478
     25     1492.948011
     26     1642.207150
     27     1655.150706
     28     3261.477553
     29     3269.671299
     30     3280.495643
     31     3286.519936
     32     3292.629440
        Zero Point Energy (Hartree)    :          0.0893585870
        Inner Energy (Hartree)         :       -248.3069265301
        Enthalpy (Hartree)             :       -248.3059823211
        Electronic entropy             :          0.0000000000
        Rotational entropy             :          0.0121517061
        Vibrational entropy            :          0.0019535770
        Translational entropy          :          0.0121517061
        Entropy                        :          0.0326445059
        Gibbs Energy (Hartree)         :       -248.3386268270
        Is Linear                      :                 false
# -----------------------------------------------------------
$ PAL_Flags
   description: The PAL Flags
   geom. index: 2
   prop. index: 1
        Diskflag:     2
# -----------------------------------------------------------
$ SCF_Energy
   description: The SCF energy
   geom. index: 2
   prop. index: 1
        SCF Energy:     -248.3847800112
# -----------------------------------------------------------
$ DFT_Energy
   description: The DFT energy
   geom. index: 2
   prop. index: 1
   Number of Alpha Electrons                 21.0000208418 
   Number of Beta  Electrons                 21.0000208418 
   Total number of  Electrons                42.0000416836 
   Exchange energy                          -23.0503556606 
   Correlation energy                        -1.7296773503 
   Correlation energy NL                      0.0000000000 
   Exchange-Correlation energy              -24.7800330109 
   Embedding correction                       0.0000000000 
   Total DFT Energy (No VdW correction)    -248.3847800112 
# -----------------------------------------------------------
$ VdW_Correction
   description: The Van der Waals Correction
   geom. index: 2
   prop. index: 1
        Van der Waals Correction:       -0.0202620504
# -----------------------------------------------------------
$ PAL_Flags
   description: The PAL Flags
   geom. index: 3
   prop. index: 1
        Diskflag:     2
# -----------------------------------------------------------
$ SCF_Energy
   description: The SCF energy
   geom. index: 3
   prop. index: 1
        SCF Energy:     -248.3848146097
# -----------------------------------------------------------
$ DFT_Energy
   description: The DFT energy
   geom. index: 3
   prop. index: 1
   Number of Alpha Electrons                 21.0000208656 
   Number of Beta  Electrons                 21.0000208656 
   Total number of  Electrons                42.0000417311 
   Exchange energy                          -23.0463033861 
   Correlation energy                        -1.7293444550 
   Correlation energy NL                      0.0000000000 
   Exchange-Correlation energy              -24.7756478411 
   Embedding correction                       0.0000000000 
   Total DFT Energy (No VdW correction)    -248.3848146097 
# -----------------------------------------------------------
$ VdW_Correction
   description: The Van der Waals Correction
   geom. index: 3
   prop. index: 1
        Van der Waals Correction:       -0.0202513770
# -----------------------------------------------------------
$ PAL_Flags
   description: The PAL Flags
   geom. index: 4
   prop. index: 1
        Diskflag:     2
# -----------------------------------------------------------
$ SCF_Energy
   description: The SCF energy
   geom. index: 4
   prop. index: 1
        SCF Energy:     -248.3848143330
# -----------------------------------------------------------
$ DFT_Energy
   description: The DFT energy
   geom. index: 4
   prop. index: 1
   Number of Alpha Electrons                 21.0000208474 
   Number of Beta  Electrons                 21.0000208474 
   Total number of  Electrons                42.0000416948 
   Exchange energy                          -23.0464933685 
   Correlation energy                        -1.7293607907 
   Correlation energy NL                      0.0000000000 
   Exchange-Correlation energy              -24.7758541592 
   Embedding correction                       0.0000000000 
   Total DFT Energy (No VdW correction)    -248.3848143330 
# -----------------------------------------------------------
$ Mayer_Pop
   description: The Mayer population analysis
   geom. index: 4
   prop. index: 1
     Number of atoms                     : 11
     Threshold for printing              : 0.1000000
     Number of bond orders printed       : 14
  NA   - Mulliken gross atomic population
  ZA   - Total nuclear charge
  QA   - Mulliken gross atomic charge
  VA   - Mayer's total valence
  BVA  - Mayer's bonded valence
  FA   - Mayer's free valence
  ATOM       NA         ZA         QA         VA         BVA        FA
  0   0     6.3195     6.0000    -0.3195     4.5700     4.5700    -0.0000
  1   0     5.8810     6.0000     0.1190     3.7519     3.7519    -0.0000
  2   0     6.2810     6.0000    -0.2810     4.1278     4.1278    -0.0000
  3   0     7.1548     7.0000    -0.1548     2.5516     2.5516    -0.0000
  4   0     6.2793     6.0000    -0.2793     4.1253     4.1253    -0.0000
  5   0     5.8804     6.0000     0.1196     3.7509     3.7509    -0.0000
  6   0     0.8435     1.0000     0.1565     0.9509     0.9509    -0.0000
  7   0     0.8384     1.0000     0.1616     0.9368     0.9368    -0.0000
  8   0     0.8418     1.0000     0.1582     0.9208     0.9208    -0.0000
  9   0     0.8418     1.0000     0.1582     0.9208     0.9208    -0.0000
 10   0     0.8386     1.0000     0.1614     0.9370     0.9370    -0.0000
      Bond orders larger than 0.1000000
           Atom A     A.N. of A          Atom B    A.N. of B              Bond order
                0             6               1            6                1.553382
                0             6               2            6                0.230750
                0             6               4            6                0.229608
                0             6               5            6                1.552948
                0             6               6            1                0.831952
                1             6               2            6                1.412128
                1             6               7            1                0.848031
                2             6               3            7                1.289102
                2             6               4            6                0.218055
                2             6               8            1                0.956296
                3             7               4            6                1.287635
                4             6               5            6                1.412170
                4             6               9            1                0.956310
                5             6              10            1                0.848083
# -----------------------------------------------------------
$ VdW_Correction
   description: The Van der Waals Correction
   geom. index: 4
   prop. index: 1
        Van der Waals Correction:       -0.0202518181
# -----------------------------------------------------------
$ SCF_Electric_Properties
   description: The SCF Calculated Electric Properties
   geom. index: 4
   prop. index: 1
       Filename                          : file.scfp 
       Do Dipole Moment Calculation      : true 
       Do Quadrupole Moment Calculation  : false 
       Do Polarizability Calculation     : false 
** Dipole moment part of electric properties **
        Magnitude of dipole moment (Debye) :        2.3906343851
        Electronic Contribution:
                  0    
      0      -0.089669
      1      -1.257241
      2       0.002922
        Nuclear Contribution:
                  0    
      0       0.156613
      1       2.195382
      2      -0.005101
        Total Dipole moment:
                  0    
      0       0.066944
      1       0.938141
      2      -0.002178
# -------------------------------------------------------------
----------------------- !GEOMETRIES! ------------------------
# -------------------------------------------------------------
------------------------ !GEOMETRY! -------------------------
    Number of atoms:    11 
    Geometry Index:     1 
    Coordinates:
               0 C      0.083600000000    1.171600000000   -0.002700000000
               1 C     -1.171500000000    0.558800000000   -0.000700000000
               2 C     -1.250300000000   -0.836600000000    0.002500000000
               3 N     -0.113000000000   -1.583100000000    0.003700000000
               4 C      1.118900000000   -1.005600000000    0.001800000000
               5 C      1.239000000000    0.386800000000   -0.001500000000
               6 H      0.160600000000    2.251200000000   -0.005200000000
               7 H     -2.073000000000    1.157800000000   -0.001700000000
               8 H     -2.215200000000   -1.325700000000    0.004100000000
               9 H      2.004600000000   -1.626800000000    0.002800000000
              10 H      2.216400000000    0.851700000000   -0.003000000000
------------------------ !GEOMETRY! -------------------------
    Number of atoms:    11 
    Geometry Index:     2 
    Coordinates:
               0 C      0.085147374150    1.192417799859   -0.002763622049
               1 C     -1.160328052355    0.567260694143   -0.000733429535
               2 C     -1.202300777208   -0.827614578051    0.002466433988
               3 N     -0.114213152744   -1.600321818994    0.003726544635
               4 C      1.072599325455   -0.990064774579    0.001774214774
               5 C      1.229145294518    0.396635690732   -0.001486833349
               6 H      0.162514519229    2.276889263776   -0.005288643706
               7 H     -2.081810662977    1.142475784941   -0.001630739460
               8 H     -2.156625758342   -1.350279040110    0.004122823642
               9 H      1.943147644925   -1.642778536300    0.002866676665
              10 H      2.222824245350    0.835479514583   -0.002953425606
------------------------ !GEOMETRY! -------------------------
    Number of atoms:    11 
    Geometry Index:     3 
    Coordinates:
               0 C      0.085175095438    1.192511089503   -0.002766149588
               1 C     -1.160537079035    0.567416149719   -0.000738182072
               2 C     -1.203736029735   -0.827427133882    0.002470292426
               3 N     -0.114572381249   -1.604687033878    0.003733418212
               4 C      1.074053445194   -0.990111218555    0.001773056772
               5 C      1.229389889311    0.396726186243   -0.001474672489
               6 H      0.162556377823    2.277178472890   -0.005299754624
               7 H     -2.082097496629    1.142842072306   -0.001622853691
               8 H     -2.159899249257   -1.348621398539    0.004118107991
               9 H      1.946640450650   -1.641604509948    0.002858686638
              10 H      2.223126977489    0.835877324139   -0.002951949575
------------------------ !GEOMETRY! -------------------------
    Number of atoms:    11 
    Geometry Index:     4 
    Coordinates:
               0 C      0.085181550029    1.192580423733   -0.002766516245
               1 C     -1.160514107584    0.567402452449   -0.000739204691
               2 C     -1.203539713806   -0.827499863552    0.002470430259
               3 N     -0.114559389734   -1.604546670226    0.003732670752
               4 C      1.073847248427   -0.990163187361    0.001772348106
               5 C      1.229363967425    0.396716249474   -0.001474599517
               6 H      0.162559974439    2.277231968399   -0.005298932435
               7 H     -2.082109935797    1.142747574135   -0.001623841891
               8 H     -2.159786158438   -1.348592409756    0.004120064786
               9 H      1.946532812275   -1.641562648021    0.002858341294
              10 H      2.223123752764    0.835786110727   -0.002950760418
