    35
     1    1.331656   -4.300161   -0.605897      1
     2   -3.198580   -3.084117    0.151021      1
     3   -1.250077   -2.161926    2.612706      1
     4   -1.676514   -1.827959    0.644910      1
     5    0.679564   -2.401110   -0.944481      1
     6    0.207814   -2.275224   -2.926397      1
     7    3.408000   -0.766592    1.578548      1
     8    2.791349   -0.501682   -0.347734      1
     9    4.409534   -0.820681   -1.535210      1
    10   -4.049845    1.384619    1.522793      1
    11   -2.480034    0.937044    0.305702      1
    12   -3.108432    1.230441   -1.613946      1
    13    0.246820    2.571749    2.830950      1
    14   -0.252141    2.713350    0.858112      1
    15    2.021677    2.143093   -0.612195      1
    16    1.709677    2.524000   -2.414247      1
    17   -0.767910    4.649410    0.517003      1
    18    1.090653   -3.593164   -0.727015      2
    19   -2.633532   -2.616109    0.329920      2
    20   -1.404624   -2.033600    1.880226      2
    21   -0.498471   -2.112599   -0.149661      2
    22    0.383124   -2.316427   -2.186310      2
    23    1.733030   -1.447524   -0.646574      2
    24   -2.076529   -0.445423    0.474672      2
    25    3.174180   -0.669624    0.873575      2
    26    3.811561   -0.703338   -1.105726      2
    27    0.155972    0.162560   -0.039606      3
    28   -3.463506    1.217846    1.074557      2
    29    2.454186    0.547821   -0.462706      2
    30   -2.868491    1.120191   -0.899535      2
    31   -1.362977    1.823203    0.579278      2
    32    0.063251    2.615977    2.106101      2
    33    0.642893    2.461221    0.254939      2
    34    1.778194    2.424411   -1.976050      2
    35   -0.581039    3.937394    0.635208      2
