-------------------------------------------------------------
----------------------- !PROPERTIES! ------------------------
-------------------------------------------------------------
# -----------------------------------------------------------
$ PAL_Flags
   description: The PAL Flags
   geom. index: 1
   prop. index: 1
        Diskflag:     2
# -----------------------------------------------------------
$ SCF_Energy
   description: The SCF energy
   geom. index: 1
   prop. index: 1
        SCF Energy:     -252.0348348330
# -----------------------------------------------------------
$ DFT_Energy
   description: The DFT energy
   geom. index: 1
   prop. index: 1
   Number of Alpha Electrons                 24.0000518809 
   Number of Beta  Electrons                 24.0000518809 
   Total number of  Electrons                48.0001037619 
   Exchange energy                          -24.0317189343 
   Correlation energy                        -1.9309461513 
   Correlation energy NL                      0.0000000000 
   Exchange-Correlation energy              -25.9626650856 
   Embedding correction                       0.0000000000 
   Total DFT Energy (No VdW correction)    -252.0348348330 
# -----------------------------------------------------------
$ Mayer_Pop
   description: The Mayer population analysis
   geom. index: 1
   prop. index: 1
     Number of atoms                     : 17
     Threshold for printing              : 0.1000000
     Number of bond orders printed       : 17
  NA   - Mulliken gross atomic population
  ZA   - Total nuclear charge
  QA   - Mulliken gross atomic charge
  VA   - Mayer's total valence
  BVA  - Mayer's bonded valence
  FA   - Mayer's free valence
  ATOM       NA         ZA         QA         VA         BVA        FA
  0   0     6.2840     6.0000    -0.2840     3.7124     3.7124    -0.0000
  1   0     6.2978     6.0000    -0.2978     3.6549     3.6549    -0.0000
  2   0     6.2837     6.0000    -0.2837     3.7522     3.7522    -0.0000
  3   0     7.3530     7.0000    -0.3530     2.5474     2.5474    -0.0000
  4   0     6.2843     6.0000    -0.2843     3.7525     3.7525    -0.0000
  5   0     6.2992     6.0000    -0.2992     3.6568     3.6568    -0.0000
  6   0     0.8491     1.0000     0.1509     0.9444     0.9444    -0.0000
  7   0     0.8545     1.0000     0.1455     0.9498     0.9498    -0.0000
  8   0     0.8554     1.0000     0.1446     0.9453     0.9453    -0.0000
  9   0     0.8582     1.0000     0.1418     0.9578     0.9578    -0.0000
 10   0     0.8368     1.0000     0.1632     0.9315     0.9315    -0.0000
 11   0     0.8459     1.0000     0.1541     0.9340     0.9340    -0.0000
 12   0     0.7017     1.0000     0.2983     0.8519     0.8519    -0.0000
 13   0     0.8367     1.0000     0.1633     0.9315     0.9315    -0.0000
 14   0     0.8457     1.0000     0.1543     0.9339     0.9339    -0.0000
 15   0     0.8583     1.0000     0.1417     0.9578     0.9578    -0.0000
 16   0     0.8556     1.0000     0.1444     0.9456     0.9456    -0.0000
      Bond orders larger than 0.1000000
           Atom A     A.N. of A          Atom B    A.N. of B              Bond order
                0             6               1            6                0.919070
                0             6               5            6                0.919661
                0             6               6            1                0.979886
                0             6               7            1                0.962832
                1             6               2            6                0.930699
                1             6               8            1                0.980444
                1             6               9            1                0.957127
                2             6               3            7                0.909431
                2             6              10            1                0.986173
                2             6              11            1                0.974673
                3             7               4            6                0.909885
                3             7              12            1                0.882201
                4             6               5            6                0.930142
                4             6              13            1                0.986265
                4             6              14            1                0.974666
                5             6              15            1                0.957381
                5             6              16            1                0.981118
# -----------------------------------------------------------
$ VdW_Correction
   description: The Van der Waals Correction
   geom. index: 1
   prop. index: 1
        Van der Waals Correction:       -0.0254772063
# -----------------------------------------------------------
$ Hessian
   description: Details about the Hessian
   geom. index: 1
   prop. index: 1
Normal modes:
Number of Rows: 51 Number of Columns: 51
                  0          1          2          3          4          5    
      0       0.000000   0.000000   0.000000   0.000000   0.000000   0.000000
      1       0.000000   0.000000   0.000000   0.000000   0.000000   0.000000
      2       0.000000   0.000000   0.000000   0.000000   0.000000   0.000000
      3       0.000000   0.000000   0.000000   0.000000   0.000000   0.000000
      4       0.000000   0.000000   0.000000   0.000000   0.000000   0.000000
      5       0.000000   0.000000   0.000000   0.000000   0.000000   0.000000
      6       0.000000   0.000000   0.000000   0.000000   0.000000   0.000000
      7       0.000000   0.000000   0.000000   0.000000   0.000000   0.000000
      8       0.000000   0.000000   0.000000   0.000000   0.000000   0.000000
      9       0.000000   0.000000   0.000000   0.000000   0.000000   0.000000
     10       0.000000   0.000000   0.000000   0.000000   0.000000   0.000000
     11       0.000000   0.000000   0.000000   0.000000   0.000000   0.000000
     12       0.000000   0.000000   0.000000   0.000000   0.000000   0.000000
     13       0.000000   0.000000   0.000000   0.000000   0.000000   0.000000
     14       0.000000   0.000000   0.000000   0.000000   0.000000   0.000000
     15       0.000000   0.000000   0.000000   0.000000   0.000000   0.000000
     16       0.000000   0.000000   0.000000   0.000000   0.000000   0.000000
     17       0.000000   0.000000   0.000000   0.000000   0.000000   0.000000
     18       0.000000   0.000000   0.000000   0.000000   0.000000   0.000000
     19       0.000000   0.000000   0.000000   0.000000   0.000000   0.000000
     20       0.000000   0.000000   0.000000   0.000000   0.000000   0.000000
     21       0.000000   0.000000   0.000000   0.000000   0.000000   0.000000
     22       0.000000   0.000000   0.000000   0.000000   0.000000   0.000000
     23       0.000000   0.000000   0.000000   0.000000   0.000000   0.000000
     24       0.000000   0.000000   0.000000   0.000000   0.000000   0.000000
     25       0.000000   0.000000   0.000000   0.000000   0.000000   0.000000
     26       0.000000   0.000000   0.000000   0.000000   0.000000   0.000000
     27       0.000000   0.000000   0.000000   0.000000   0.000000   0.000000
     28       0.000000   0.000000   0.000000   0.000000   0.000000   0.000000
     29       0.000000   0.000000   0.000000   0.000000   0.000000   0.000000
     30       0.000000   0.000000   0.000000   0.000000   0.000000   0.000000
     31       0.000000   0.000000   0.000000   0.000000   0.000000   0.000000
     32       0.000000   0.000000   0.000000   0.000000   0.000000   0.000000
     33       0.000000   0.000000   0.000000   0.000000   0.000000   0.000000
     34       0.000000   0.000000   0.000000   0.000000   0.000000   0.000000
     35       0.000000   0.000000   0.000000   0.000000   0.000000   0.000000
     36       0.000000   0.000000   0.000000   0.000000   0.000000   0.000000
     37       0.000000   0.000000   0.000000   0.000000   0.000000   0.000000
     38       0.000000   0.000000   0.000000   0.000000   0.000000   0.000000
     39       0.000000   0.000000   0.000000   0.000000   0.000000   0.000000
     40       0.000000   0.000000   0.000000   0.000000   0.000000   0.000000
     41       0.000000   0.000000   0.000000   0.000000   0.000000   0.000000
     42       0.000000   0.000000   0.000000   0.000000   0.000000   0.000000
     43       0.000000   0.000000   0.000000   0.000000   0.000000   0.000000
     44       0.000000   0.000000   0.000000   0.000000   0.000000   0.000000
     45       0.000000   0.000000   0.000000   0.000000   0.000000   0.000000
     46       0.000000   0.000000   0.000000   0.000000   0.000000   0.000000
     47       0.000000   0.000000   0.000000   0.000000   0.000000   0.000000
     48       0.000000   0.000000   0.000000   0.000000   0.000000   0.000000
     49       0.000000   0.000000   0.000000   0.000000   0.000000   0.000000
     50       0.000000   0.000000   0.000000   0.000000   0.000000   0.000000
                  6          7          8          9         10         11    
      0      -0.025563   0.078892   0.184843   0.002267  -0.065495   0.027370
      1       0.040705   0.006498   0.185612   0.025861   0.069168   0.035742
      2       0.037239   0.146484  -0.028467  -0.062889   0.026045  -0.026281
      3       0.003664  -0.001978  -0.064616  -0.062830  -0.208985  -0.074392
      4       0.022027  -0.052230   0.125052   0.034446  -0.001530   0.006977
      5      -0.138869  -0.084722  -0.032050   0.066518   0.013279  -0.005477
      6       0.002350  -0.059890  -0.067555  -0.077654  -0.023997   0.013244
      7      -0.072458   0.016670   0.021184   0.093088  -0.181054  -0.068186
      8       0.104677  -0.055248   0.084748  -0.044297  -0.079125  -0.036521
      9      -0.019179   0.076082  -0.186811   0.024834   0.065955   0.084908
     10       0.034590   0.013712  -0.173872  -0.023186  -0.069632   0.079091
     11       0.031477   0.126628  -0.007959   0.124281  -0.026304   0.003575
     12       0.025820  -0.020449   0.041097   0.062155   0.198503  -0.074545
     13       0.025322  -0.045636  -0.093614  -0.054234  -0.003395   0.024546
     14      -0.133995  -0.032281   0.041733  -0.099503   0.010219  -0.001792
     15       0.002805  -0.083405   0.097327   0.047698   0.021706  -0.004373
     16      -0.043688   0.044993  -0.045999  -0.081931   0.199451  -0.067137
     17       0.104000  -0.093297  -0.096161   0.022936   0.060720  -0.033159
     18      -0.083801   0.322162   0.400455  -0.070956  -0.099684   0.229528
     19       0.171727   0.205392   0.388490  -0.043558   0.105623   0.226250
     20       0.074050   0.140338  -0.025349  -0.062196   0.039640  -0.023942
     21      -0.001560   0.060620   0.170539   0.005934   0.081637   0.014299
     22      -0.004356  -0.103461   0.061417   0.055988  -0.086363  -0.077700
     23       0.068195   0.419143   0.266929  -0.134812  -0.032059   0.243700
     24       0.241107   0.093602  -0.035875  -0.251415  -0.408457  -0.352909
     25       0.008339  -0.220467   0.171845   0.079452   0.004384   0.077951
     26      -0.220358  -0.145035  -0.032253   0.137767   0.083674   0.102758
     27      -0.132538  -0.071855  -0.113572   0.035638  -0.037594   0.120272
     28       0.067357   0.012295  -0.053295  -0.063272   0.063444  -0.039131
     29      -0.322933  -0.193120  -0.032689   0.222357   0.203789   0.253044
     30       0.057319  -0.065253   0.114230  -0.061000   0.085341   0.042405
     31      -0.019645  -0.007805   0.085776   0.049913  -0.125408  -0.021001
     32       0.318074  -0.185153   0.148987  -0.324353   0.067361   0.196691
     33      -0.021667  -0.205428  -0.062727  -0.193034  -0.041535   0.015651
     34      -0.317778   0.118067  -0.105117   0.353875  -0.340439  -0.299950
     35       0.092304  -0.008653   0.072220   0.006627  -0.085965  -0.052499
     36      -0.068100   0.223827  -0.289148   0.178211   0.112984   0.202808
     37       0.128673   0.136542  -0.276955   0.128369  -0.119661   0.196977
     38       0.056416   0.104800   0.008610   0.106923  -0.044978  -0.013204
     39      -0.118152  -0.043009   0.145316  -0.073832   0.083135   0.053977
     40       0.063180  -0.014010   0.052828   0.063585  -0.052480  -0.033364
     41      -0.339675  -0.071642   0.136617  -0.319610  -0.132851   0.191933
     42       0.277032  -0.009232  -0.080054   0.308924   0.350289  -0.295186
     43       0.001580  -0.196045  -0.086742  -0.175604   0.013623   0.028553
     44      -0.215965  -0.054384   0.079104  -0.191949  -0.036098   0.070532
     45       0.043329  -0.082888  -0.074539   0.022748  -0.125499   0.066311
     46       0.004312   0.003260  -0.094456  -0.049669   0.109027   0.017860
     47       0.273379  -0.300674  -0.048226   0.227088  -0.139807   0.274369
     48      -0.034611  -0.245129   0.144231   0.091660   0.015502   0.065823
     49      -0.249306   0.229648  -0.018310  -0.282193   0.411144  -0.364515
     50       0.100216  -0.046481  -0.103533   0.002104   0.071764  -0.063004
                 12         13         14         15         16         17    
      0       0.112035   0.035870  -0.019347  -0.120895  -0.092647  -0.000999
      1       0.136439  -0.038003   0.019913  -0.109348   0.098229  -0.026325
      2      -0.081193  -0.014153  -0.101248  -0.013561   0.036886   0.067844
      3       0.197087   0.062678   0.025680  -0.012428   0.147713   0.021762
      4      -0.075482   0.029192  -0.079594   0.045918   0.001925   0.046026
      5      -0.002892  -0.079388  -0.019682  -0.027733   0.031963  -0.042089
      6       0.011478  -0.008702  -0.009849   0.122843  -0.075304  -0.011041
      7      -0.164560   0.052173   0.006344  -0.029978  -0.146214  -0.011177
      8      -0.086713  -0.050233   0.071270  -0.024250  -0.046142  -0.027325
      9      -0.091626  -0.035473   0.069293  -0.067520  -0.054983   0.036082
     10      -0.116585   0.037484   0.079155  -0.088588   0.057718   0.016587
     11       0.079753   0.014011  -0.035893   0.066029   0.021748   0.046984
     12      -0.182073  -0.029810   0.029907  -0.021362   0.160971  -0.021110
     13       0.039528  -0.011358  -0.035128   0.122672   0.055793  -0.000347
     14      -0.010130   0.065546   0.055689   0.032991   0.012013  -0.023182
     15      -0.047342  -0.006990  -0.077795   0.031387  -0.030635   0.030667
     16       0.182898  -0.088049   0.029356  -0.000650  -0.125714   0.036470
     17       0.094106   0.057272   0.021121  -0.045202  -0.078245  -0.045758
     18       0.028416  -0.060539   0.267289   0.245792  -0.100379  -0.143506
     19       0.058276   0.063732   0.290336   0.235616   0.104759  -0.160008
     20      -0.083052   0.024006  -0.098418  -0.008322   0.039602   0.064078
     21       0.123528  -0.030460  -0.036294  -0.143960  -0.304720   0.008770
     22       0.197288   0.032121  -0.127801  -0.301370   0.322757   0.054554
     23      -0.214679   0.012024   0.251407   0.441109   0.119885  -0.122339
     24       0.001453  -0.346919  -0.032306  -0.020284   0.095154  -0.196629
     25      -0.010681   0.088120   0.111212   0.217564   0.033917  -0.071869
     26       0.076735   0.070942   0.031231   0.003208   0.056911   0.011102
     27       0.354133   0.297105   0.047867   0.082676   0.252733   0.178460
     28      -0.123135  -0.099906  -0.209989   0.233826   0.189954   0.209698
     29       0.199035   0.258353   0.050408   0.030144   0.099677   0.098877
     30      -0.088709   0.046824  -0.201313   0.171016  -0.303286   0.070929
     31      -0.225468   0.123800  -0.079932  -0.053047  -0.230977   0.017706
     32      -0.245605   0.263474  -0.109230  -0.244513  -0.159212  -0.003283
     33      -0.062054  -0.040651  -0.016226   0.094631  -0.137777  -0.210854
     34      -0.002811  -0.290308   0.230202   0.184568   0.020311  -0.107276
     35      -0.052437  -0.065419   0.084543   0.000409  -0.017666   0.014837
     36       0.149537   0.008242  -0.422892   0.006052  -0.054077  -0.506725
     37       0.118339  -0.008703  -0.402217  -0.020062   0.059398  -0.514313
     38       0.061838  -0.003308   0.005596   0.068803   0.021793   0.092231
     39      -0.306418  -0.212196  -0.135766  -0.113702   0.307143   0.023863
     40       0.003851   0.051361  -0.147756   0.248305   0.227915   0.067746
     41      -0.160009  -0.197701  -0.134461  -0.131579   0.158400   0.015286
     42      -0.028008   0.297583   0.241507   0.183276   0.002881  -0.119545
     43      -0.038628   0.018957  -0.041796   0.091255   0.121645  -0.203479
     44      -0.065978  -0.036235  -0.017336  -0.034555   0.070882  -0.021168
     45      -0.002183  -0.033016  -0.172333   0.237356  -0.241905   0.250529
     46       0.253618  -0.179463   0.021635   0.069726  -0.201901   0.133148
     47       0.339707  -0.363274   0.136884  -0.031279  -0.104424   0.070330
     48       0.016982  -0.065121   0.110075   0.200808  -0.063619  -0.086403
     49      -0.026475   0.347240  -0.039503  -0.016311  -0.067826  -0.188412
     50       0.070753   0.092138  -0.025363  -0.084449  -0.069419  -0.032647
                 18         19         20         21         22         23    
      0       0.004900   0.008094  -0.094256   0.085942  -0.064828  -0.017919
      1      -0.005283   0.005471  -0.093611  -0.090667   0.068422   0.018917
      2      -0.001863   0.005827   0.011739  -0.034045   0.025654   0.007079
      3      -0.011599  -0.011625   0.125200  -0.011510  -0.033569  -0.008131
      4      -0.004698   0.104468   0.020501   0.092698  -0.097257  -0.010310
      5      -0.071355   0.069583  -0.035003  -0.003986  -0.003285  -0.024688
      6       0.030100  -0.083809  -0.109854   0.016156   0.158180   0.052546
      7      -0.027523  -0.117277   0.086154  -0.043276   0.004377  -0.004473
      8       0.078549  -0.002075   0.030318  -0.034068  -0.084536   0.021865
      9       0.011094   0.054770  -0.050685  -0.054972  -0.151247  -0.022740
     10      -0.011742   0.067551  -0.031986   0.058055   0.159728   0.024020
     11      -0.004369  -0.041172  -0.042343   0.021779   0.059895   0.009035
     12      -0.005396  -0.119673   0.077601   0.050214   0.006552  -0.009734
     13       0.001387  -0.079449  -0.111771  -0.026723  -0.178106  -0.040699
     14      -0.088376   0.012245  -0.043792   0.007828   0.019369  -0.038835
     15       0.030725   0.119954   0.021817  -0.083561   0.095467   0.019126
     16      -0.015322  -0.034597   0.129599   0.007610   0.031713  -0.001337
     17       0.063715   0.017451   0.005842   0.041605  -0.021312   0.020322
     18      -0.254376   0.034233   0.104444   0.217993  -0.262449   0.186570
     19       0.268570   0.029632   0.092720  -0.230351   0.277340  -0.197120
     20       0.100778   0.007399   0.015634  -0.086364   0.103905  -0.073884
     21       0.119310   0.009085  -0.102446   0.380113   0.126450  -0.097264
     22      -0.126131  -0.004791  -0.179820  -0.401384  -0.133740   0.102716
     23      -0.047253   0.035212   0.221462  -0.150670  -0.049991   0.038551
     24      -0.180574   0.270709  -0.063707   0.070826  -0.014196  -0.176413
     25       0.307006   0.253445   0.164093   0.201496  -0.115263  -0.390931
     26       0.042144  -0.000528   0.058450  -0.014899  -0.016223  -0.032543
     27       0.110492  -0.072054   0.288018   0.079082  -0.007192   0.077674
     28      -0.167221   0.378962   0.114041   0.431483   0.010115   0.135906
     29       0.137446  -0.098842   0.145248  -0.007170  -0.007855   0.034960
     30      -0.020015  -0.310189  -0.237509  -0.029628  -0.077294   0.221607
     31      -0.100392  -0.202349   0.093359  -0.058742  -0.038258   0.018361
     32      -0.260180  -0.118281   0.268337  -0.071308   0.025496  -0.130153
     33      -0.075302  -0.041832  -0.144482  -0.017573   0.496775  -0.294080
     34       0.305552   0.083303  -0.139290   0.028027   0.082050   0.035103
     35       0.128835  -0.002032   0.025478  -0.020724  -0.165267   0.118354
     36      -0.117125   0.004500   0.245318  -0.085593  -0.154417  -0.240896
     37       0.123490   0.022255   0.257274   0.090269   0.162890   0.254293
     38       0.046371  -0.047001  -0.066766   0.033882   0.061100   0.095391
     39       0.186428  -0.266289   0.151880   0.083099   0.036467   0.001765
     40      -0.075386  -0.248184  -0.317680   0.002559   0.082742  -0.254078
     41       0.194329  -0.135387   0.114191   0.050174  -0.008863   0.041757
     42      -0.320072   0.071858  -0.137793  -0.016763  -0.078444  -0.038557
     43       0.111736  -0.036848  -0.146258   0.008204  -0.524129   0.316435
     44       0.027608  -0.046931   0.022951   0.034360  -0.000295   0.013342
     45       0.094733   0.308248   0.190793  -0.408668  -0.006205  -0.147905
     46      -0.048918  -0.024197   0.216210  -0.083907   0.003516  -0.061772
     47      -0.218489  -0.249751   0.183874   0.137780   0.013110  -0.007098
     48      -0.278316   0.268034   0.165423  -0.191075   0.114223   0.395854
     49       0.177773   0.256466  -0.078037  -0.075174   0.008991   0.158939
     50       0.139461   0.000565  -0.032336   0.062384  -0.023489  -0.054343
                 24         25         26         27         28         29    
      0      -0.051707   0.042798  -0.003671  -0.002541   0.024254   0.045784
      1      -0.001989  -0.045274  -0.035816   0.002700   0.018780  -0.048331
      2      -0.125127  -0.017015   0.086378   0.001069   0.011184  -0.018097
      3       0.038383  -0.008945   0.018948   0.026640  -0.024664  -0.016267
      4      -0.014123   0.061048   0.016631  -0.029845  -0.032861  -0.057134
      5       0.122841   0.010644  -0.020937   0.067729  -0.025706  -0.013439
      6      -0.037123   0.006867  -0.034706  -0.008660  -0.006618  -0.072429
      7       0.038712  -0.055214  -0.011656   0.015014   0.032372  -0.009504
      8      -0.111198  -0.053109  -0.040597  -0.034559  -0.027202   0.031388
      9       0.024390  -0.059477   0.021101  -0.002787  -0.000987  -0.009427
     10      -0.007920   0.062874   0.009565   0.002930  -0.032350   0.009956
     11       0.082381   0.023599   0.027651   0.001197   0.083954   0.003743
     12      -0.007301   0.068943  -0.029169  -0.000874   0.019821   0.006621
     13       0.007206  -0.024960  -0.017552  -0.004991   0.004355   0.079066
     14      -0.123070   0.022922  -0.042837   0.038230  -0.037710  -0.005361
     15       0.034364  -0.059266   0.010423   0.000875  -0.042424   0.059619
     16      -0.009842   0.011171   0.025628   0.000718  -0.014036   0.011170
     17       0.124440   0.016555  -0.017526  -0.078712  -0.018500  -0.003756
     18       0.211935   0.107540  -0.091192  -0.378556  -0.019838  -0.134029
     19       0.245613  -0.113419  -0.120298   0.399903  -0.021543   0.141475
     20      -0.119111  -0.042573   0.089654   0.149910   0.004628   0.053053
     21      -0.064042  -0.269668   0.001075   0.241911   0.028318  -0.221388
     22      -0.134249   0.284810   0.002104  -0.255494   0.055637   0.233973
     23       0.195136   0.106868  -0.002769  -0.095887  -0.075430   0.087651
     24       0.280680   0.086315   0.098692   0.184179  -0.047582  -0.007156
     25      -0.131641   0.192898   0.489618   0.037117   0.066942   0.042632
     26       0.015403  -0.001980   0.036013   0.028575  -0.004215   0.001506
     27      -0.137707  -0.181334  -0.075268  -0.017835   0.049883   0.126105
     28       0.021336  -0.399548  -0.409269   0.021757   0.181341   0.355782
     29      -0.117132  -0.057574   0.001786  -0.006048  -0.004090   0.028376
     30       0.155183   0.332000   0.134411   0.276287  -0.334930   0.390006
     31       0.135458   0.021056   0.037380   0.097275  -0.022253   0.109821
     32       0.144917  -0.152441  -0.031156  -0.018467   0.177593  -0.051888
     33      -0.023128   0.002885   0.112991  -0.324664   0.505785   0.277951
     34      -0.302221  -0.014486  -0.060237  -0.150441   0.047018   0.117811
     35      -0.139540  -0.052118  -0.086898   0.041044  -0.160510  -0.048641
     36      -0.224334  -0.100208  -0.077257  -0.092172  -0.092457   0.072507
     37      -0.248928   0.105521  -0.083918   0.097138  -0.123119  -0.076636
     38       0.096897   0.039650   0.028308   0.036550   0.094712  -0.028706
     39       0.195054  -0.006218   0.040260  -0.117088   0.001145  -0.130751
     40       0.093991  -0.364908   0.137855  -0.265835  -0.376624  -0.383550
     41       0.129095   0.023519   0.006272  -0.044425   0.044613  -0.050634
     42      -0.332456   0.030896  -0.072793   0.164674   0.048322  -0.125930
     43       0.024588  -0.021734   0.135894   0.320801   0.529552  -0.278378
     44      -0.017176   0.038550  -0.013411   0.022386   0.020492  -0.011603
     45      -0.038208   0.412699  -0.389014  -0.015931   0.173406  -0.355680
     46      -0.084848   0.154301  -0.077993   0.014056   0.051200  -0.113100
     47      -0.156807  -0.034268   0.125959   0.019429  -0.052866   0.062545
     48      -0.083262  -0.188958   0.479771  -0.066057   0.054731  -0.038620
     49       0.253070  -0.083914   0.087217  -0.161512  -0.041204   0.006544
     50       0.159478   0.042793  -0.114761  -0.075320  -0.044579   0.016736
                 30         31         32         33         34         35    
      0       0.025897   0.050306   0.125077   0.003884  -0.000029   0.023034
      1      -0.027392   0.047132  -0.131294  -0.000572   0.000139   0.035605
      2      -0.010295   0.007084  -0.049309   0.011616  -0.000018  -0.036881
      3      -0.051951  -0.053646  -0.023969  -0.013345  -0.056842  -0.034690
      4      -0.087652  -0.136354   0.078935   0.030958   0.008814   0.017714
      5      -0.001483   0.004239   0.027822   0.012198  -0.018643  -0.015083
      6       0.063955   0.029647   0.032072   0.105716   0.012469  -0.008643
      7       0.040211   0.043214  -0.013625   0.033252  -0.011930   0.004758
      8      -0.026761  -0.007494  -0.004555  -0.036604  -0.011744   0.006671
      9       0.008507  -0.010722   0.009074  -0.021506  -0.006567   0.002787
     10      -0.008929  -0.003578  -0.009747  -0.027022   0.006932   0.001478
     11      -0.003404  -0.017190  -0.003747   0.017727   0.002596   0.003052
     12      -0.035786   0.040930   0.011136   0.030750   0.013710   0.005609
     13      -0.070249   0.031480  -0.030588   0.112234  -0.015675  -0.010363
     14       0.015644  -0.011789  -0.012455  -0.006900   0.001379   0.000974
     15       0.088227  -0.130454  -0.082338   0.031721   0.005054   0.007048
     16       0.049384  -0.054388   0.030210  -0.016276   0.045766  -0.026392
     17      -0.012861   0.034917   0.013990  -0.005593   0.039126  -0.031648
     18       0.071025  -0.046259  -0.426773  -0.077859   0.023500  -0.354756
     19      -0.074949  -0.051657   0.450039  -0.081469  -0.025634  -0.325372
     20      -0.028136   0.000625   0.168795   0.019551  -0.009489  -0.027322
     21      -0.327868   0.059850  -0.246400  -0.003788  -0.035793  -0.013722
     22       0.346342   0.078315   0.261566  -0.031196   0.037637  -0.184934
     23       0.129863  -0.069618   0.097186   0.074369   0.014673   0.458664
     24       0.070780   0.200447  -0.063000  -0.001651   0.403904   0.298568
     25       0.407635   0.432519  -0.303056   0.049897  -0.076186  -0.116921
     26       0.032743   0.018656  -0.030680   0.005672  -0.176741  -0.143389
     27      -0.019187   0.108360  -0.084661  -0.130283   0.240779   0.198516
     28       0.210127   0.353962   0.067427  -0.200056  -0.095640  -0.071909
     29      -0.051055   0.042325  -0.039049  -0.051140   0.369577   0.287977
     30      -0.183605   0.092514  -0.256595  -0.512702   0.010658  -0.008449
     31      -0.012490   0.064320  -0.079422  -0.133393   0.028830  -0.002890
     32       0.060047   0.000438   0.072549   0.044431   0.187930  -0.045070
     33      -0.264049  -0.266315  -0.030373  -0.299931  -0.093616   0.057922
     34      -0.114384  -0.108736   0.053199  -0.190230   0.182141  -0.031457
     35       0.050948   0.062654   0.019127   0.047672   0.037143  -0.015856
     36      -0.101214   0.008686  -0.055955  -0.027502   0.096274  -0.014277
     37       0.107085   0.014587   0.059225  -0.036262  -0.101697  -0.014183
     38       0.040041  -0.018190   0.022055   0.028472  -0.038127   0.002340
     39       0.013058   0.069807   0.080208  -0.170254  -0.093516  -0.018947
     40       0.194301   0.082929   0.267259  -0.495359   0.058659   0.008496
     41       0.007710   0.008981  -0.002448  -0.091187  -0.155003  -0.039938
     42       0.120625  -0.110147  -0.054595  -0.195783  -0.170986  -0.026928
     43       0.266705  -0.272770   0.029835  -0.299319   0.097288   0.058801
     44       0.006031   0.001046   0.013771   0.006543   0.067564   0.017742
     45      -0.175042   0.357914  -0.033359  -0.219862  -0.068473   0.057268
     46      -0.004618   0.090708   0.064484  -0.105952  -0.085920   0.077251
     47       0.127950  -0.057104   0.087081  -0.015621  -0.437587   0.344221
     48      -0.399209   0.427405   0.306888   0.047131   0.084008  -0.122875
     49      -0.061376   0.186715   0.055641  -0.002869  -0.438884   0.328504
     50       0.097219  -0.072147  -0.064318  -0.013829  -0.016371   0.023408
                 36         37         38         39         40         41    
      0      -0.009132   0.020039  -0.028187   0.006244   0.024714  -0.002568
      1       0.009575   0.028530  -0.037916  -0.006595   0.032641  -0.002304
      2       0.003637  -0.025322   0.030075  -0.002465  -0.024382   0.003142
      3       0.026215   0.033017  -0.029788   0.003737  -0.028546   0.037902
      4      -0.009278  -0.014742   0.013990  -0.002856   0.008972  -0.012755
      5       0.006619   0.006200  -0.009137   0.003758  -0.003857   0.013887
      6       0.001570  -0.017546  -0.002874   0.048937   0.001648  -0.001818
      7      -0.041385   0.026697   0.031297  -0.006129  -0.008254   0.020785
      8      -0.038145   0.040194   0.031071   0.032966  -0.002032   0.014673
      9       0.001504   0.003276   0.002531  -0.068920   0.000047  -0.000270
     10      -0.001606   0.004520   0.002259   0.072806   0.000047   0.000264
     11      -0.000586  -0.003808   0.000288   0.027286   0.000047   0.000091
     12       0.051324   0.037026   0.039627  -0.011616  -0.009966  -0.023078
     13      -0.014595  -0.030675  -0.013561  -0.033209   0.002670   0.006462
     14       0.017000   0.018807   0.014306  -0.047708   0.002257  -0.003926
     15       0.003265  -0.007592   0.006307   0.000863   0.003712   0.001842
     16      -0.021927   0.027983  -0.024045  -0.002071  -0.029019  -0.027262
     17      -0.018418   0.022170  -0.023396  -0.005599  -0.021444  -0.029652
     18       0.021593  -0.209945   0.297881  -0.022637   0.091803  -0.009537
     19      -0.022481  -0.191739   0.272467   0.023984  -0.082056   0.008919
     20      -0.008460  -0.019015   0.025037   0.008980   0.450617  -0.048457
     21       0.025503   0.002508  -0.002015  -0.017504  -0.384587   0.035630
     22      -0.026901  -0.102661   0.142848   0.018539  -0.303738   0.022425
     23      -0.010342   0.279421  -0.386142   0.006868  -0.162305   0.012585
     24      -0.163411  -0.238557   0.193051  -0.078696   0.080390  -0.134798
     25       0.059607   0.042079  -0.073502  -0.013306  -0.042769   0.069629
     26       0.078312   0.104004  -0.095013   0.031063   0.260895  -0.428281
     27      -0.104742  -0.114011   0.121554  -0.040435   0.257578  -0.310629
     28       0.018173   0.105259  -0.051972   0.028470  -0.065727   0.082099
     29      -0.163014  -0.206845   0.200394  -0.056192  -0.215754   0.263893
     30       0.086258   0.006176  -0.064627   0.040328  -0.031668   0.082712
     31       0.076873  -0.048752  -0.054588  -0.038730   0.104682  -0.273214
     32       0.448164  -0.375952  -0.325340  -0.100438  -0.019404   0.053993
     33      -0.129103   0.134893   0.097435  -0.196491   0.012242  -0.061545
     34       0.434376  -0.330202  -0.309914  -0.033736  -0.004973   0.023412
     35       0.042722  -0.031989  -0.023731   0.098981   0.045253  -0.229351
     36       0.019657   0.021837  -0.000908   0.603823  -0.000528   0.000655
     37      -0.020941   0.023233  -0.000208  -0.637988  -0.001050  -0.000559
     38      -0.007799  -0.007240  -0.001379  -0.239111   0.001052  -0.000040
     39      -0.237014  -0.176994  -0.172320   0.066068   0.105934   0.215535
     40       0.082525   0.143586   0.058812  -0.073846  -0.025075  -0.050019
     41      -0.386172  -0.306138  -0.283397   0.058092  -0.081270  -0.168653
     42      -0.401230  -0.304214  -0.285190   0.020265   0.015185   0.061560
     43       0.127212   0.131858   0.093866   0.219549  -0.006614  -0.026117
     44       0.167053   0.141834   0.127723  -0.029254   0.055158   0.214982
     45       0.052359   0.012532   0.036004  -0.001963  -0.123131  -0.120383
     46       0.037216  -0.027695   0.038195   0.016405   0.370290   0.351627
     47       0.185494  -0.255676   0.234039   0.073115  -0.084246  -0.081598
     48      -0.063509   0.046405  -0.078310   0.011042   0.076666   0.098229
     49       0.181425  -0.258105   0.212867   0.084992  -0.027150  -0.032242
     50       0.011417  -0.008858   0.012396  -0.004277   0.338668   0.432025
                 42         43         44         45         46         47    
      0       0.011336   0.001321   0.001694  -0.045083  -0.002424   0.025562
      1       0.023288   0.005880   0.010546  -0.027476  -0.001475   0.011052
      2      -0.034539  -0.007603  -0.023844  -0.040512  -0.002666   0.035058
      3       0.014252   0.023436   0.018391  -0.022999  -0.022482  -0.008781
      4      -0.006351  -0.008186  -0.007155   0.005167   0.004353   0.002284
      5       0.007014   0.019897   0.023313   0.032778   0.042720   0.017978
      6      -0.000431  -0.004689  -0.003333  -0.002693  -0.014133  -0.018752
      7       0.028087  -0.017217  -0.019933   0.010904   0.034108   0.040698
      8       0.028404  -0.029567  -0.030340  -0.000981  -0.023851  -0.034730
      9      -0.000482   0.000264   0.000721  -0.000234   0.000216   0.000516
     10       0.000006  -0.000386   0.000346  -0.000039  -0.000248  -0.000375
     11      -0.000716  -0.000299   0.000942  -0.000435  -0.000186   0.002272
     12       0.019234   0.039742  -0.031526   0.011121  -0.021968   0.022073
     13      -0.006216  -0.010066   0.008225  -0.002231   0.003743  -0.003637
     14       0.002998   0.023776  -0.020157  -0.008854   0.040484  -0.049874
     15      -0.000467  -0.002763   0.003886   0.014666  -0.015619   0.006235
     16       0.014158  -0.007181   0.007235  -0.036053   0.034833  -0.012354
     17       0.022953  -0.018511   0.028451   0.020347  -0.026623   0.009605
     18       0.098778   0.023845   0.060056   0.054374   0.003367  -0.058562
     19      -0.096419  -0.023633  -0.063392  -0.064584  -0.003887   0.063687
     20       0.508988   0.114193   0.320940   0.309566   0.021880  -0.317663
     21      -0.225687  -0.043008  -0.074397   0.480861   0.025773  -0.251396
     22      -0.175739  -0.039549  -0.058456   0.384851   0.021215  -0.201817
     23      -0.097194  -0.021350  -0.032073   0.187425   0.010232  -0.096349
     24      -0.058337  -0.120558  -0.118959  -0.052524  -0.082663  -0.036089
     25       0.030751   0.061922   0.062286   0.025018   0.041577   0.021269
     26      -0.180896  -0.370393  -0.361975  -0.145876  -0.237548  -0.105494
     27      -0.109202  -0.152644  -0.095295   0.317853   0.350507   0.141070
     28       0.035858   0.037300   0.023580  -0.083723  -0.091755  -0.037873
     29       0.094997   0.129305   0.080949  -0.255466  -0.280542  -0.113738
     30       0.111189  -0.065992  -0.075738   0.033899   0.109903   0.129526
     31      -0.368591   0.233933   0.263245  -0.122129  -0.389546  -0.457884
     32       0.072910  -0.049006  -0.051421   0.022667   0.068421   0.081677
     33      -0.107837   0.110555   0.109835  -0.000184   0.058522   0.088062
     34       0.038598  -0.035343  -0.035182   0.001697  -0.014585  -0.023079
     35      -0.410859   0.406213   0.414645  -0.000254   0.218824   0.339936
     36       0.004210   0.002793  -0.006240   0.001516  -0.001658  -0.010053
     37       0.000644  -0.001836   0.000856   0.001482   0.002108   0.003035
     38       0.011250   0.001555  -0.017900  -0.000586   0.001870  -0.033407
     39      -0.177397  -0.307923   0.236889  -0.126829   0.335633  -0.363305
     40       0.043084   0.066278  -0.051047   0.026431  -0.072351   0.078201
     41       0.138022   0.241353  -0.182555   0.095016  -0.248423   0.270420
     42      -0.050291  -0.158654   0.129815   0.007255  -0.076335   0.105729
     43       0.023917   0.063820  -0.053204  -0.002243   0.029147  -0.042949
     44      -0.174201  -0.527803   0.425776   0.016928  -0.235458   0.326881
     45       0.067802  -0.027267   0.033601  -0.139105   0.134448  -0.048758
     46      -0.184329   0.096523  -0.103383   0.419641  -0.407612   0.144533
     47       0.042330  -0.023491   0.024558  -0.085005   0.081934  -0.029402
     48      -0.069917   0.055450  -0.079849  -0.037798   0.052554  -0.017226
     49       0.021014  -0.015916   0.022786   0.006175  -0.011243   0.004780
     50      -0.315087   0.246678  -0.365036  -0.171471   0.243167  -0.092736
                 48         49         50    
      0      -0.000992   0.024649   0.000046
      1       0.000468   0.008611   0.000038
      2      -0.000427   0.039322   0.000013
      3      -0.011972  -0.009360  -0.000015
      4       0.000369   0.000165   0.000176
      5       0.043733   0.046064  -0.000097
      6       0.015680   0.010874  -0.003336
      7      -0.030936  -0.020230   0.000479
      8       0.034782   0.026688  -0.003158
      9       0.000061  -0.000788  -0.013763
     10      -0.000056   0.000248   0.012602
     11       0.000006  -0.002660  -0.068366
     12       0.014314  -0.007750  -0.001050
     13      -0.001076  -0.000145  -0.001935
     14      -0.047114   0.033471  -0.004073
     15      -0.014536   0.014717   0.000130
     16       0.028010  -0.025036   0.000026
     17      -0.034128   0.035448  -0.000146
     18      -0.001695  -0.067441  -0.000534
     19       0.001702   0.077783  -0.000408
     20       0.007369  -0.377756  -0.000236
     21       0.005176  -0.228057   0.000081
     22       0.001709  -0.182854   0.000070
     23       0.000971  -0.088149   0.000026
     24      -0.108889  -0.122865   0.003255
     25       0.052503   0.063580   0.001190
     26      -0.317696  -0.356967   0.003398
     27       0.256011   0.240052  -0.003180
     28      -0.067176  -0.064096  -0.000122
     29      -0.203271  -0.191614   0.002965
     30      -0.097286  -0.061559   0.006958
     31       0.347713   0.222673  -0.012357
     32      -0.060583  -0.040708   0.000700
     33      -0.094937  -0.074176   0.008732
     34       0.024310   0.016866  -0.004312
     35      -0.344028  -0.274275   0.029744
     36       0.005670   0.012121   0.226122
     37      -0.006126   0.000677  -0.145502
     38      -0.002533   0.028496   0.959258
     39      -0.287118   0.178587  -0.010491
     40       0.061166  -0.036812   0.006008
     41       0.211588  -0.133408   0.007623
     42       0.110504  -0.087453   0.007442
     43      -0.039483   0.031862  -0.002924
     44       0.344401  -0.264514   0.030390
     45       0.105582  -0.095217   0.000545
     46      -0.320845   0.285604  -0.004068
     47       0.063168  -0.056623   0.001497
     48       0.076399  -0.077803   0.002660
     49      -0.016982   0.017803   0.001798
     50       0.338121  -0.364165   0.003547
# -----------------------------------------------------------
$ THERMOCHEMISTRY_Energies
   description: The Thermochemistry energies
   geom. index: 1
   prop. index: 1
        Temperature (Kelvin)           :        298.1500000000
        Pressure (atm)                 :          1.0000000000
        Total Mass (AMU)               :         85.1500000000
        Spin Degeneracy                :          1.0000000000
        Electronic Energy (Hartree)    :       -252.0603120393
        Translational Energy (Hartree) :          0.0014162714
        Rotational Energy (Hartree)    :          0.0014162714
        Vibrational Energy (Hartree)   :          0.0023195029
        Number of frequencies          :     51      
        Scaling Factor for frequencies :          1.0000000000
        Vibrational frequencies        :     
                  0    
      0       0.000000
      1       0.000000
      2       0.000000
      3       0.000000
      4       0.000000
      5       0.000000
      6     308.289059
      7     308.446272
      8     451.378758
      9     463.340299
     10     484.273472
     11     624.089988
     12     850.755643
     13     871.841895
     14     894.062883
     15     909.135727
     16     912.855095
     17     992.112017
     18     1003.900405
     19     1047.612917
     20     1076.526964
     21     1102.497058
     22     1150.056061
     23     1163.844445
     24     1224.851287
     25     1250.265942
     26     1315.712178
     27     1325.890387
     28     1350.869957
     29     1384.847140
     30     1411.033730
     31     1424.741286
     32     1429.269283
     33     1429.829961
     34     1500.980594
     35     1505.557345
     36     1512.075037
     37     1515.895005
     38     1529.862252
     39     1555.674503
     40     2939.113288
     41     2941.613871
     42     2945.353582
     43     2946.209449
     44     2952.121727
     45     2986.147727
     46     2987.661402
     47     2991.741172
     48     2997.811026
     49     3005.234338
     50     3222.137032
        Zero Point Energy (Hartree)    :          0.1599217165
        Inner Energy (Hartree)         :       -251.8952382771
        Enthalpy (Hartree)             :       -251.8942940680
        Electronic entropy             :          0.0000000000
        Rotational entropy             :          0.0124755732
        Vibrational entropy            :          0.0032953392
        Translational entropy          :          0.0124755732
        Entropy                        :          0.0344144808
        Gibbs Energy (Hartree)         :       -251.9287085488
        Is Linear                      :                 false
# -----------------------------------------------------------
$ PAL_Flags
   description: The PAL Flags
   geom. index: 2
   prop. index: 1
        Diskflag:     2
# -----------------------------------------------------------
$ SCF_Energy
   description: The SCF energy
   geom. index: 2
   prop. index: 1
        SCF Energy:     -252.0382874963
# -----------------------------------------------------------
$ DFT_Energy
   description: The DFT energy
   geom. index: 2
   prop. index: 1
   Number of Alpha Electrons                 24.0000573906 
   Number of Beta  Electrons                 24.0000573906 
   Total number of  Electrons                48.0001147811 
   Exchange energy                          -24.0769356056 
   Correlation energy                        -1.9338164536 
   Correlation energy NL                      0.0000000000 
   Exchange-Correlation energy              -26.0107520592 
   Embedding correction                       0.0000000000 
   Total DFT Energy (No VdW correction)    -252.0382874963 
# -----------------------------------------------------------
$ VdW_Correction
   description: The Van der Waals Correction
   geom. index: 2
   prop. index: 1
        Van der Waals Correction:       -0.0254737316
# -----------------------------------------------------------
$ PAL_Flags
   description: The PAL Flags
   geom. index: 3
   prop. index: 1
        Diskflag:     2
# -----------------------------------------------------------
$ SCF_Energy
   description: The SCF energy
   geom. index: 3
   prop. index: 1
        SCF Energy:     -252.0384497370
# -----------------------------------------------------------
$ DFT_Energy
   description: The DFT energy
   geom. index: 3
   prop. index: 1
   Number of Alpha Electrons                 24.0000502982 
   Number of Beta  Electrons                 24.0000502982 
   Total number of  Electrons                48.0001005964 
   Exchange energy                          -24.0752803109 
   Correlation energy                        -1.9336858017 
   Correlation energy NL                      0.0000000000 
   Exchange-Correlation energy              -26.0089661126 
   Embedding correction                       0.0000000000 
   Total DFT Energy (No VdW correction)    -252.0384497370 
# -----------------------------------------------------------
$ VdW_Correction
   description: The Van der Waals Correction
   geom. index: 3
   prop. index: 1
        Van der Waals Correction:       -0.0254486311
# -----------------------------------------------------------
$ PAL_Flags
   description: The PAL Flags
   geom. index: 4
   prop. index: 1
        Diskflag:     2
# -----------------------------------------------------------
$ SCF_Energy
   description: The SCF energy
   geom. index: 4
   prop. index: 1
        SCF Energy:     -252.0385008048
# -----------------------------------------------------------
$ DFT_Energy
   description: The DFT energy
   geom. index: 4
   prop. index: 1
   Number of Alpha Electrons                 24.0000377432 
   Number of Beta  Electrons                 24.0000377432 
   Total number of  Electrons                48.0000754865 
   Exchange energy                          -24.0746638041 
   Correlation energy                        -1.9336332047 
   Correlation energy NL                      0.0000000000 
   Exchange-Correlation energy              -26.0082970088 
   Embedding correction                       0.0000000000 
   Total DFT Energy (No VdW correction)    -252.0385008048 
# -----------------------------------------------------------
$ VdW_Correction
   description: The Van der Waals Correction
   geom. index: 4
   prop. index: 1
        Van der Waals Correction:       -0.0254351997
# -----------------------------------------------------------
$ PAL_Flags
   description: The PAL Flags
   geom. index: 5
   prop. index: 1
        Diskflag:     2
# -----------------------------------------------------------
$ SCF_Energy
   description: The SCF energy
   geom. index: 5
   prop. index: 1
        SCF Energy:     -252.0385050754
# -----------------------------------------------------------
$ DFT_Energy
   description: The DFT energy
   geom. index: 5
   prop. index: 1
   Number of Alpha Electrons                 24.0000355200 
   Number of Beta  Electrons                 24.0000355200 
   Total number of  Electrons                48.0000710401 
   Exchange energy                          -24.0747927118 
   Correlation energy                        -1.9336389665 
   Correlation energy NL                      0.0000000000 
   Exchange-Correlation energy              -26.0084316783 
   Embedding correction                       0.0000000000 
   Total DFT Energy (No VdW correction)    -252.0385050754 
# -----------------------------------------------------------
$ Mayer_Pop
   description: The Mayer population analysis
   geom. index: 5
   prop. index: 1
     Number of atoms                     : 17
     Threshold for printing              : 0.1000000
     Number of bond orders printed       : 17
  NA   - Mulliken gross atomic population
  ZA   - Total nuclear charge
  QA   - Mulliken gross atomic charge
  VA   - Mayer's total valence
  BVA  - Mayer's bonded valence
  FA   - Mayer's free valence
  ATOM       NA         ZA         QA         VA         BVA        FA
  0   0     6.2825     6.0000    -0.2825     3.7109     3.7109     0.0000
  1   0     6.2907     6.0000    -0.2907     3.6457     3.6457    -0.0000
  2   0     6.2977     6.0000    -0.2977     3.7575     3.7575    -0.0000
  3   0     7.3539     7.0000    -0.3539     2.5266     2.5266    -0.0000
  4   0     6.2980     6.0000    -0.2980     3.7575     3.7575    -0.0000
  5   0     6.2923     6.0000    -0.2923     3.6477     3.6477     0.0000
  6   0     0.8500     1.0000     0.1500     0.9443     0.9443    -0.0000
  7   0     0.8507     1.0000     0.1493     0.9428     0.9428    -0.0000
  8   0     0.8577     1.0000     0.1423     0.9480     0.9480    -0.0000
  9   0     0.8546     1.0000     0.1454     0.9536     0.9536    -0.0000
 10   0     0.8407     1.0000     0.1593     0.9362     0.9362     0.0000
 11   0     0.8415     1.0000     0.1585     0.9295     0.9295    -0.0000
 12   0     0.6951     1.0000     0.3049     0.8475     0.8475    -0.0000
 13   0     0.8407     1.0000     0.1593     0.9363     0.9363    -0.0000
 14   0     0.8413     1.0000     0.1587     0.9292     0.9292    -0.0000
 15   0     0.8546     1.0000     0.1454     0.9536     0.9536     0.0000
 16   0     0.8579     1.0000     0.1421     0.9483     0.9483     0.0000
      Bond orders larger than 0.1000000
           Atom A     A.N. of A          Atom B    A.N. of B              Bond order
                0             6               1            6                0.917396
                0             6               5            6                0.918189
                0             6               6            1                0.984250
                0             6               7            1                0.962125
                1             6               2            6                0.930477
                1             6               8            1                0.982415
                1             6               9            1                0.955992
                2             6               3            7                0.908032
                2             6              10            1                0.990657
                2             6              11            1                0.979482
                3             7               4            6                0.908311
                3             7              12            1                0.883455
                4             6               5            6                0.929865
                4             6              13            1                0.990791
                4             6              14            1                0.979451
                5             6              15            1                0.956231
                5             6              16            1                0.983104
# -----------------------------------------------------------
$ VdW_Correction
   description: The Van der Waals Correction
   geom. index: 5
   prop. index: 1
        Van der Waals Correction:       -0.0254325343
# -----------------------------------------------------------
$ SCF_Electric_Properties
   description: The SCF Calculated Electric Properties
   geom. index: 5
   prop. index: 1
       Filename                          : file.scfp 
       Do Dipole Moment Calculation      : true 
       Do Quadrupole Moment Calculation  : false 
       Do Polarizability Calculation     : false 
** Dipole moment part of electric properties **
        Magnitude of dipole moment (Debye) :        1.3491411934
        Electronic Contribution:
                  0    
      0       1.162313
      1       1.241149
      2      -0.374039
        Nuclear Contribution:
                  0    
      0      -1.556707
      1      -1.546043
      2       0.191767
        Total Dipole moment:
                  0    
      0      -0.394393
      1      -0.304894
      2      -0.182272
# -------------------------------------------------------------
----------------------- !GEOMETRIES! ------------------------
# -------------------------------------------------------------
------------------------ !GEOMETRY! -------------------------
    Number of atoms:    17 
    Geometry Index:     1 
    Coordinates:
               0 C     -0.880500000000   -0.956500000000    0.328400000000
               1 C     -1.296900000000    0.507200000000    0.163200000000
               2 C     -0.118400000000    1.440400000000    0.475300000000
               3 N      1.049200000000    1.128900000000   -0.362400000000
               4 C      1.490400000000   -0.259300000000   -0.161700000000
               5 C      0.372500000000   -1.256600000000   -0.497900000000
               6 H     -0.678100000000   -1.167100000000    1.401700000000
               7 H     -1.710100000000   -1.617900000000   -0.001900000000
               8 H     -1.644500000000    0.681600000000   -0.878700000000
               9 H     -2.140100000000    0.732000000000    0.851100000000
              10 H     -0.429000000000    2.491200000000    0.290100000000
              11 H      0.156100000000    1.359700000000    1.550500000000
              12 H      0.791000000000    1.261800000000   -1.368900000000
              13 H      2.365400000000   -0.461100000000   -0.816400000000
              14 H      1.822900000000   -0.401300000000    0.890500000000
              15 H      0.719900000000   -2.289700000000   -0.281400000000
              16 H      0.129900000000   -1.193100000000   -1.581400000000
------------------------ !GEOMETRY! -------------------------
    Number of atoms:    17 
    Geometry Index:     2 
    Coordinates:
               0 C     -0.889614196941   -0.965819479694    0.330456432997
               1 C     -1.308094210917    0.502293815004    0.167920848767
               2 C     -0.124108472528    1.436741814989    0.457298624389
               3 N      1.062894253097    1.135760701635   -0.346335340514
               4 C      1.480221018491   -0.258092307330   -0.177833559327
               5 C      0.368275779559   -1.268657529519   -0.495693387511
               6 H     -0.682205558405   -1.167401892631    1.391344930186
               7 H     -1.709478514112   -1.630297417744    0.032639717481
               8 H     -1.656385099654    0.673257382019   -0.861273960191
               9 H     -2.146199611232    0.736986510854    0.836508467873
              10 H     -0.405306921688    2.481506027666    0.283842906769
              11 H      0.160788921755    1.351632538021    1.515391423737
              12 H      0.842631704942    1.293779781419   -1.323992682919
              13 H      2.357146374090   -0.436946822405   -0.809961906174
              14 H      1.803837553812   -0.384230684117    0.864879846363
              15 H      0.718728768329   -2.289740825084   -0.297896655307
              16 H      0.126568211402   -1.210571613082   -1.567195706618
------------------------ !GEOMETRY! -------------------------
    Number of atoms:    17 
    Geometry Index:     3 
    Coordinates:
               0 C     -0.888957321780   -0.967102441389    0.335780114779
               1 C     -1.310461608643    0.498676914305    0.165329706919
               2 C     -0.128986712852    1.436107456599    0.454978784603
               3 N      1.067362176766    1.135699629456   -0.334887909964
               4 C      1.478202908590   -0.261756568964   -0.181481215182
               5 C      0.363693171701   -1.269990370399   -0.497296741160
               6 H     -0.670478828205   -1.158201468019    1.396675476254
               7 H     -1.709326374773   -1.638666728027    0.055252033895
               8 H     -1.654120019344    0.663514352328   -0.866555988233
               9 H     -2.153483259585    0.737748331022    0.826299433287
              10 H     -0.407687759243    2.481288465252    0.278703888771
              11 H      0.150329753206    1.354667097269    1.515383195322
              12 H      0.872300552008    1.318987511450   -1.316037455036
              13 H      2.354779095268   -0.437196968530   -0.815426787242
              14 H      1.805498267913   -0.393852755831    0.859904469109
              15 H      0.715108852526   -2.292692792942   -0.309241587934
              16 H      0.115927106447   -1.207029663579   -1.567279418187
------------------------ !GEOMETRY! -------------------------
    Number of atoms:    17 
    Geometry Index:     4 
    Coordinates:
               0 C     -0.887374300955   -0.967326608236    0.340674404882
               1 C     -1.312170251907    0.496101936215    0.162189186115
               2 C     -0.132872989030    1.435810471593    0.453938327389
               3 N      1.069688545544    1.134534635070   -0.325735689867
               4 C      1.477082934940   -0.264956557199   -0.183828015822
               5 C      0.359987843315   -1.270517209448   -0.499550961887
               6 H     -0.658676509590   -1.148595282340    1.401465804327
               7 H     -1.708076838412   -1.644315347197    0.073496489169
               8 H     -1.651559339345    0.654976633504   -0.872236376594
               9 H     -2.158582640027    0.737472204840    0.818385694098
              10 H     -0.410814050679    2.480523189602    0.272379282851
              11 H      0.138225804822    1.358421291051    1.517106780765
              12 H      0.897124069629    1.339026778089   -1.306234795554
              13 H      2.351337076124   -0.437688223170   -0.822100413940
              14 H      1.808397090359   -0.405659735257    0.855507458282
              15 H      0.711582266302   -2.294486349730   -0.317292679817
              16 H      0.106401288908   -1.203121827385   -1.568064494395
------------------------ !GEOMETRY! -------------------------
    Number of atoms:    17 
    Geometry Index:     5 
    Coordinates:
               0 C     -0.887172947226   -0.967314254565    0.341271967838
               1 C     -1.312377635124    0.495862568292    0.161770420403
               2 C     -0.133428319625    1.435843446988    0.454093911886
               3 N      1.069829361301    1.134078970681   -0.323958009931
               4 C      1.477118848818   -0.265479625565   -0.184012867662
               5 C      0.359609763586   -1.270612785673   -0.499797998806
               6 H     -0.657449803386   -1.147480540128    1.402009377890
               7 H     -1.707853573940   -1.644666301304    0.075094360698
               8 H     -1.651283985147    0.654027386757   -0.872879447599
               9 H     -2.158853314705    0.737175822743    0.817852252623
              10 H     -0.411465596358    2.480109767886    0.270414556023
              11 H      0.135678361020    1.359835170868    1.517817594566
              12 H      0.900872534788    1.342075533438   -1.304412981622
              13 H      2.350059543274   -0.437507730511   -0.824192447476
              14 H      1.809931822825   -0.408240101871    0.854509411777
              15 H      0.711135394835   -2.294545933128   -0.317389038049
              16 H      0.105349545067   -1.202961394907   -1.568091062559
