    43
     1   -2.002940   -3.897927    0.874556      1
     2    2.257871   -4.051953    0.209184      1
     3   -1.053612   -2.140007    0.520142      1
     4    1.372731   -2.693854   -0.711749      1
     5   -2.440053   -0.787199    4.138242      1
     6    0.839522   -1.014247    4.013922      1
     7   -0.815350   -0.510351    2.941648      1
     8   -4.451882   -0.129074   -0.564116      1
     9   -2.533017   -0.983884   -3.136003      1
    10   -2.534847   -0.352393   -1.210326      1
    11    3.021627   -0.462733   -0.883975      1
    12    4.628672   -0.942335   -2.030236      1
    13    3.719312    0.120862    0.946983      1
    14   -0.653948    2.136739    2.032358      1
    15   -0.996474    2.065858   -0.747391      1
    16   -1.994106    3.168383    2.806215      1
    17    1.587394    1.773218   -2.040491      1
    18    1.306863    1.476762   -4.034335      1
    19   -1.919376    3.763946   -1.370574      1
    20    2.685206    3.464549   -1.792733      1
    21   -1.652075   -3.254402    0.747474      2
    22    2.044174   -3.718061   -0.005409      2
    23   -0.057719   -2.346745    0.047660      2
    24   -0.926301   -1.342513    1.721465      2
    25   -1.843727   -0.679657    3.691948      2
    26    0.234263   -0.830618    3.617010      2
    27   -1.809296   -1.253035   -0.359863      2
    28    2.357032   -1.348386   -0.791120      2
    29   -3.734309   -0.210092   -0.798694      2
    30   -2.531079   -0.750826   -2.431158      2
    31   -0.768361    0.570861    2.560271      2
    32   -1.213148    0.246052    0.727810      3
    33    0.303236   -0.284273   -0.740723      3
    34    4.037802   -0.768375   -1.611179      2
    35    3.459299   -0.097250    0.279607      2
    36   -1.777594    0.863564   -0.998130      2
    37    2.286913    0.658012   -1.470156      2
    38   -0.876602    2.082953    0.382441      2
    39   -1.679882    2.913907    2.616656      2
    40    0.305400    1.916398   -1.392703      2
    41    1.407274    1.583398   -3.294402      2
    42   -1.580367    3.140252   -1.138332      2
    43    2.280157    2.839782   -1.881496      2
