-------------------------------------------------------------
----------------------- !PROPERTIES! ------------------------
-------------------------------------------------------------
# -----------------------------------------------------------
$ PAL_Flags
   description: The PAL Flags
   geom. index: 1
   prop. index: 1
        Diskflag:     2
# -----------------------------------------------------------
$ SCF_Energy
   description: The SCF energy
   geom. index: 1
   prop. index: 1
        SCF Energy:     -345.5113723582
# -----------------------------------------------------------
$ DFT_Energy
   description: The DFT energy
   geom. index: 1
   prop. index: 1
   Number of Alpha Electrons                 31.0000453433 
   Number of Beta  Electrons                 31.0000453433 
   Total number of  Electrons                62.0000906866 
   Exchange energy                          -32.3347890052 
   Correlation energy                        -2.5407142482 
   Correlation energy NL                      0.0000000000 
   Exchange-Correlation energy              -34.8755032534 
   Embedding correction                       0.0000000000 
   Total DFT Energy (No VdW correction)    -345.5113723582 
# -----------------------------------------------------------
$ Mayer_Pop
   description: The Mayer population analysis
   geom. index: 1
   prop. index: 1
     Number of atoms                     : 20
     Threshold for printing              : 0.1000000
     Number of bond orders printed       : 26
  NA   - Mulliken gross atomic population
  ZA   - Total nuclear charge
  QA   - Mulliken gross atomic charge
  VA   - Mayer's total valence
  BVA  - Mayer's bonded valence
  FA   - Mayer's free valence
  ATOM       NA         ZA         QA         VA         BVA        FA
  0   0     6.2355     6.0000    -0.2355     3.6923     3.6923    -0.0000
  1   0     6.5463     6.0000    -0.5463     3.9365     3.9365     0.0000
  2   0     5.7583     6.0000     0.2417     3.4022     3.4022    -0.0000
  3   0     6.6063     6.0000    -0.6063     3.8924     3.8924    -0.0000
  4   0     5.8289     6.0000     0.1711     3.3820     3.3820    -0.0000
  5   0     6.4424     6.0000    -0.4424     3.7961     3.7961    -0.0000
  6   0     7.3954     7.0000    -0.3954     2.8158     2.8158    -0.0000
  7   0     7.4151     7.0000    -0.4151     2.8322     2.8322    -0.0000
  8   0     0.8542     1.0000     0.1458     0.9296     0.9296    -0.0000
  9   0     0.8507     1.0000     0.1493     0.9425     0.9425    -0.0000
 10   0     0.8419     1.0000     0.1581     0.9584     0.9584     0.0000
 11   0     0.8495     1.0000     0.1505     0.9317     0.9317    -0.0000
 12   0     0.8234     1.0000     0.1766     0.9080     0.9080     0.0000
 13   0     0.8411     1.0000     0.1589     0.9485     0.9485    -0.0000
 14   0     0.8148     1.0000     0.1852     0.9315     0.9315    -0.0000
 15   0     0.8151     1.0000     0.1849     0.9086     0.9086    -0.0000
 16   0     0.8335     1.0000     0.1665     0.9299     0.9299    -0.0000
 17   0     0.8680     1.0000     0.1320     0.9528     0.9528     0.0000
 18   0     0.6821     1.0000     0.3179     0.8302     0.8302    -0.0000
 19   0     0.6976     1.0000     0.3024     0.8446     0.8446     0.0000
      Bond orders larger than 0.1000000
           Atom A     A.N. of A          Atom B    A.N. of B              Bond order
                0             6               1            6                0.933003
                0             6               7            7                0.884558
                0             6               8            1                0.992082
                0             6               9            1                0.978007
                1             6               2            6                0.943457
                1             6               4            6                0.113813
                1             6               6            7               -0.138149
                1             6              10            1                0.987594
                1             6              11            1                1.001945
                2             6               3            6                0.863166
                2             6               4            6               -0.117374
                2             6               6            7                1.238998
                2             6              12            1                0.844936
                3             6               4            6                0.921234
                3             6               5            6                0.112207
                3             6              13            1                0.981666
                3             6              14            1                1.016594
                4             6               5            6                0.712626
                4             6               7            7                1.187927
                4             6              15            1                0.864625
                4             6              16            1               -0.138595
                5             6               6            7                0.911652
                5             6              16            1                1.042257
                5             6              17            1                0.982527
                6             7              18            1                0.851450
                7             7              19            1                0.860203
# -----------------------------------------------------------
$ VdW_Correction
   description: The Van der Waals Correction
   geom. index: 1
   prop. index: 1
        Van der Waals Correction:       -0.0361724501
# -----------------------------------------------------------
$ Hessian
   description: Details about the Hessian
   geom. index: 1
   prop. index: 1
Normal modes:
Number of Rows: 60 Number of Columns: 60
                  0          1          2          3          4          5    
      0       0.000000   0.000000   0.000000   0.000000   0.000000   0.000000
      1       0.000000   0.000000   0.000000   0.000000   0.000000   0.000000
      2       0.000000   0.000000   0.000000   0.000000   0.000000   0.000000
      3       0.000000   0.000000   0.000000   0.000000   0.000000   0.000000
      4       0.000000   0.000000   0.000000   0.000000   0.000000   0.000000
      5       0.000000   0.000000   0.000000   0.000000   0.000000   0.000000
      6       0.000000   0.000000   0.000000   0.000000   0.000000   0.000000
      7       0.000000   0.000000   0.000000   0.000000   0.000000   0.000000
      8       0.000000   0.000000   0.000000   0.000000   0.000000   0.000000
      9       0.000000   0.000000   0.000000   0.000000   0.000000   0.000000
     10       0.000000   0.000000   0.000000   0.000000   0.000000   0.000000
     11       0.000000   0.000000   0.000000   0.000000   0.000000   0.000000
     12       0.000000   0.000000   0.000000   0.000000   0.000000   0.000000
     13       0.000000   0.000000   0.000000   0.000000   0.000000   0.000000
     14       0.000000   0.000000   0.000000   0.000000   0.000000   0.000000
     15       0.000000   0.000000   0.000000   0.000000   0.000000   0.000000
     16       0.000000   0.000000   0.000000   0.000000   0.000000   0.000000
     17       0.000000   0.000000   0.000000   0.000000   0.000000   0.000000
     18       0.000000   0.000000   0.000000   0.000000   0.000000   0.000000
     19       0.000000   0.000000   0.000000   0.000000   0.000000   0.000000
     20       0.000000   0.000000   0.000000   0.000000   0.000000   0.000000
     21       0.000000   0.000000   0.000000   0.000000   0.000000   0.000000
     22       0.000000   0.000000   0.000000   0.000000   0.000000   0.000000
     23       0.000000   0.000000   0.000000   0.000000   0.000000   0.000000
     24       0.000000   0.000000   0.000000   0.000000   0.000000   0.000000
     25       0.000000   0.000000   0.000000   0.000000   0.000000   0.000000
     26       0.000000   0.000000   0.000000   0.000000   0.000000   0.000000
     27       0.000000   0.000000   0.000000   0.000000   0.000000   0.000000
     28       0.000000   0.000000   0.000000   0.000000   0.000000   0.000000
     29       0.000000   0.000000   0.000000   0.000000   0.000000   0.000000
     30       0.000000   0.000000   0.000000   0.000000   0.000000   0.000000
     31       0.000000   0.000000   0.000000   0.000000   0.000000   0.000000
     32       0.000000   0.000000   0.000000   0.000000   0.000000   0.000000
     33       0.000000   0.000000   0.000000   0.000000   0.000000   0.000000
     34       0.000000   0.000000   0.000000   0.000000   0.000000   0.000000
     35       0.000000   0.000000   0.000000   0.000000   0.000000   0.000000
     36       0.000000   0.000000   0.000000   0.000000   0.000000   0.000000
     37       0.000000   0.000000   0.000000   0.000000   0.000000   0.000000
     38       0.000000   0.000000   0.000000   0.000000   0.000000   0.000000
     39       0.000000   0.000000   0.000000   0.000000   0.000000   0.000000
     40       0.000000   0.000000   0.000000   0.000000   0.000000   0.000000
     41       0.000000   0.000000   0.000000   0.000000   0.000000   0.000000
     42       0.000000   0.000000   0.000000   0.000000   0.000000   0.000000
     43       0.000000   0.000000   0.000000   0.000000   0.000000   0.000000
     44       0.000000   0.000000   0.000000   0.000000   0.000000   0.000000
     45       0.000000   0.000000   0.000000   0.000000   0.000000   0.000000
     46       0.000000   0.000000   0.000000   0.000000   0.000000   0.000000
     47       0.000000   0.000000   0.000000   0.000000   0.000000   0.000000
     48       0.000000   0.000000   0.000000   0.000000   0.000000   0.000000
     49       0.000000   0.000000   0.000000   0.000000   0.000000   0.000000
     50       0.000000   0.000000   0.000000   0.000000   0.000000   0.000000
     51       0.000000   0.000000   0.000000   0.000000   0.000000   0.000000
     52       0.000000   0.000000   0.000000   0.000000   0.000000   0.000000
     53       0.000000   0.000000   0.000000   0.000000   0.000000   0.000000
     54       0.000000   0.000000   0.000000   0.000000   0.000000   0.000000
     55       0.000000   0.000000   0.000000   0.000000   0.000000   0.000000
     56       0.000000   0.000000   0.000000   0.000000   0.000000   0.000000
     57       0.000000   0.000000   0.000000   0.000000   0.000000   0.000000
     58       0.000000   0.000000   0.000000   0.000000   0.000000   0.000000
     59       0.000000   0.000000   0.000000   0.000000   0.000000   0.000000
                  6          7          8          9         10         11    
      0       0.001979   0.035907  -0.111282   0.097248   0.084157   0.035548
      1      -0.095689  -0.074344   0.031061  -0.004146   0.047342  -0.060524
      2       0.009398  -0.237512   0.011487  -0.017676  -0.017301   0.024843
      3       0.046452   0.021952   0.012122   0.094168   0.108570  -0.085892
      4       0.000273   0.054612   0.167609   0.008451   0.039197  -0.021406
      5       0.137144   0.031760   0.085068   0.063532  -0.017630   0.157767
      6      -0.030658   0.018825  -0.035696   0.016002   0.053350  -0.141787
      7       0.015033   0.009863  -0.045578  -0.081299  -0.069863   0.041782
      8      -0.007272   0.035915  -0.059710  -0.047372  -0.078242  -0.008088
      9       0.006431   0.072172   0.050974  -0.099469  -0.140370  -0.144744
     10      -0.008094  -0.008736  -0.118058  -0.060399   0.028358   0.041275
     11      -0.006015  -0.026610  -0.068460   0.137732   0.022118   0.016056
     12       0.028849   0.014283  -0.057260   0.043621  -0.134611   0.049102
     13       0.017139   0.009186  -0.040099  -0.011199   0.006577  -0.000915
     14       0.005557   0.034479   0.074335   0.045717   0.000839  -0.138509
     15       0.190178  -0.105725   0.044010  -0.118440   0.076773   0.021416
     16       0.075170   0.014070   0.023194   0.049274  -0.092549   0.021117
     17      -0.024987   0.044490   0.013652   0.030600  -0.005340  -0.159637
     18      -0.207757  -0.080315   0.155111   0.002947  -0.041310   0.115984
     19       0.094195   0.008943  -0.022415   0.026326  -0.118105   0.055994
     20      -0.007346   0.044388  -0.080606  -0.049209  -0.064609  -0.059698
     21      -0.041514   0.026327  -0.096958  -0.010107  -0.028922   0.130996
     22      -0.078765  -0.017742  -0.014540   0.062710   0.148123  -0.101061
     23      -0.096573   0.097887   0.005836  -0.159418   0.144355   0.116216
     24       0.039617   0.380440  -0.087593   0.100243   0.241465   0.197430
     25      -0.217165  -0.140831  -0.046479  -0.124909   0.057302  -0.102204
     26       0.024733  -0.406889   0.017059   0.015658  -0.104486  -0.054279
     27      -0.019772  -0.224628  -0.129238   0.084207  -0.037483  -0.077504
     28      -0.048009  -0.141257   0.021375   0.006161  -0.111376   0.054308
     29      -0.030678  -0.496320  -0.000732  -0.036952  -0.092069  -0.141004
     30       0.054706   0.057755  -0.043808  -0.009077   0.010785  -0.135006
     31      -0.035957   0.004154   0.122360   0.038836   0.078909  -0.035360
     32       0.275960   0.155084   0.460135   0.232051   0.091018   0.363225
     33       0.127453  -0.021253   0.244931   0.219415   0.196477   0.083256
     34       0.122822   0.257967   0.438736   0.114214   0.103680   0.128116
     35       0.117519   0.021756   0.035819   0.038922  -0.033886   0.124552
     36       0.006933   0.011384  -0.146655   0.029120   0.098119  -0.089555
     37      -0.004037  -0.002050  -0.093744  -0.103631  -0.030095   0.067757
     38      -0.106909   0.016923  -0.016773  -0.122151  -0.047641  -0.023418
     39       0.002072   0.046696  -0.007902  -0.026405  -0.077730  -0.084740
     40      -0.014123  -0.032385  -0.118275   0.045539   0.222761  -0.080071
     41      -0.017122  -0.108021  -0.278520   0.358000   0.174616   0.274782
     42       0.022924   0.156698   0.256080  -0.329033  -0.335729  -0.370792
     43      -0.032725  -0.008878  -0.201467  -0.119609  -0.042757   0.196084
     44       0.002109  -0.022651  -0.034165   0.146170   0.033787  -0.044573
     45       0.000847   0.003421  -0.064318   0.145639  -0.071540   0.032326
     46       0.053012   0.009721  -0.023681  -0.065862  -0.046484   0.018379
     47       0.089639   0.010067   0.136375   0.085215  -0.064655  -0.095747
     48       0.376717  -0.147822   0.038769  -0.254721   0.261722  -0.037472
     49       0.233584   0.025024  -0.028029   0.069909  -0.095409  -0.039390
     50      -0.245046   0.116163   0.000597   0.252150  -0.295907  -0.100021
     51       0.387444  -0.160183   0.053459  -0.281669   0.290940  -0.036903
     52      -0.072625   0.003363   0.140250   0.083902  -0.065783   0.035695
     53       0.197847  -0.028515   0.054381  -0.175214   0.282594  -0.232685
     54      -0.375675  -0.096289   0.267449   0.032024  -0.096968   0.215953
     55      -0.107177   0.017400   0.076236   0.102826  -0.172531   0.092647
     56      -0.076548   0.000760   0.010232  -0.088661  -0.110590   0.096881
     57      -0.057703   0.059852  -0.031858  -0.005027  -0.074511   0.044849
     58      -0.137669   0.074623   0.010221  -0.101161   0.172462   0.036126
     59      -0.143762   0.164445  -0.017130  -0.338628   0.197707   0.328664
                 12         13         14         15         16         17    
      0       0.148310   0.003799   0.085959   0.186501   0.012771  -0.004718
      1      -0.015246   0.100829  -0.011145   0.017843  -0.104450  -0.044559
      2       0.011743  -0.028719  -0.062624   0.065784   0.037398  -0.004139
      3      -0.050751   0.044498   0.073735   0.015226   0.122853  -0.022350
      4      -0.142861   0.042137   0.041224   0.141130   0.073526  -0.073277
      5       0.097115   0.023341  -0.131178  -0.023640  -0.126622  -0.048198
      6      -0.079879   0.164341  -0.040467  -0.093830  -0.118789  -0.069625
      7      -0.079767  -0.112823  -0.040856   0.118638   0.106758   0.034299
      8       0.062225   0.150624   0.030034  -0.023365   0.004009  -0.045428
      9      -0.074283   0.000818  -0.169670   0.013174  -0.020584   0.075176
     10      -0.060604  -0.153721  -0.018252   0.017528  -0.114077   0.030612
     11      -0.141670   0.041465  -0.083352   0.034826   0.038544   0.039821
     12      -0.049378  -0.183372  -0.052898  -0.105189   0.089697  -0.031842
     13       0.097751  -0.231398   0.034717  -0.093689   0.040939  -0.102589
     14      -0.007579  -0.081261  -0.011881   0.060048  -0.022420  -0.048620
     15       0.018769  -0.046025  -0.006801  -0.033597   0.027277  -0.064883
     16       0.046901   0.062439   0.045991  -0.015925  -0.055014  -0.039459
     17       0.033756  -0.208687   0.104082   0.026968  -0.131961   0.086678
     18       0.067417   0.063764   0.001609  -0.008349   0.000233   0.018862
     19       0.020686   0.262752   0.031085  -0.014415   0.049022   0.088957
     20       0.046524   0.133931   0.110574  -0.052607   0.105908   0.014875
     21      -0.023954  -0.021403   0.079853   0.012213  -0.101490   0.042811
     22       0.158708  -0.002425  -0.128936  -0.129480   0.097174   0.080492
     23      -0.040785   0.002713  -0.040046  -0.034482   0.073273   0.025893
     24       0.339215   0.032718  -0.316717   0.402060   0.030559  -0.043205
     25      -0.114242   0.074908   0.173316  -0.197191  -0.091415   0.111535
     26      -0.060626  -0.040917   0.103082  -0.000194   0.030343  -0.019109
     27      -0.009967  -0.026430   0.403209  -0.001603  -0.004614   0.040435
     28      -0.021798   0.040759  -0.019398   0.022715  -0.363025  -0.079907
     29      -0.162795  -0.036565   0.282349  -0.143469   0.111788   0.053097
     30      -0.158068   0.018938   0.020519  -0.034447   0.225215  -0.005734
     31      -0.039692   0.115463   0.011600   0.269250   0.012389  -0.160218
     32      -0.071656  -0.240248   0.193884  -0.445764  -0.135438   0.303049
     33      -0.103376  -0.237527   0.180634  -0.061515   0.202975   0.201161
     34      -0.300828  -0.104419   0.362610  -0.293449   0.024091   0.206019
     35       0.115412   0.071087  -0.168966   0.013386  -0.135958  -0.095602
     36       0.029390   0.096815   0.014347  -0.243259  -0.258337  -0.129590
     37      -0.026315  -0.245190   0.027315   0.055481   0.045465  -0.044413
     38       0.036306  -0.068820   0.110281   0.025626   0.052813  -0.157172
     39      -0.181925   0.016753  -0.212550  -0.019268  -0.044367   0.071906
     40      -0.189655  -0.005175  -0.077660   0.019849  -0.372500  -0.064555
     41      -0.477002   0.046944  -0.205759  -0.067465   0.048624   0.065613
     42       0.314902  -0.066186  -0.037443   0.072105   0.046032   0.063785
     43      -0.056804   0.051049   0.028105  -0.015855  -0.184391   0.175625
     44      -0.123727  -0.025831  -0.095689   0.046740   0.062122  -0.006660
     45       0.073602  -0.099995  -0.009111  -0.206631   0.166369  -0.064754
     46       0.031157  -0.260473   0.024572  -0.045997   0.013432  -0.148269
     47       0.033717   0.054007   0.083775   0.006381   0.076981  -0.365599
     48       0.048789   0.029008   0.026101   0.041951  -0.051987   0.128340
     49      -0.042232  -0.058305   0.009947   0.011827  -0.133585   0.006603
     50      -0.053338  -0.400134   0.043530  -0.080031  -0.049378  -0.200279
     51       0.059897   0.095680   0.041206   0.061573  -0.073162   0.154044
     52       0.065330   0.150605   0.018715   0.086415  -0.215495   0.029073
     53       0.094924  -0.012144   0.166467   0.180034  -0.303650   0.390374
     54       0.142572  -0.296556   0.017518   0.157325  -0.012082   0.075844
     55       0.081636  -0.038355   0.074074   0.103999  -0.056539   0.167878
     56       0.120180  -0.134505   0.095019   0.108073   0.233160   0.042854
     57      -0.119796   0.038090   0.052705  -0.010908  -0.168710   0.059699
     58      -0.046442   0.147460   0.110756  -0.228157  -0.086534  -0.230782
     59      -0.193533   0.118477   0.257934  -0.108749  -0.085599  -0.340098
                 18         19         20         21         22         23    
      0      -0.113177  -0.103608  -0.002255  -0.001379   0.012017  -0.035511
      1       0.006296   0.042724  -0.025708   0.045319   0.024724   0.060300
      2       0.035885  -0.030164  -0.036183  -0.032352  -0.012014   0.031732
      3       0.067699   0.091382   0.038587   0.040086  -0.050719   0.039201
      4       0.050405  -0.086779  -0.003666  -0.059745  -0.018975  -0.026346
      5       0.035646   0.042695   0.012972   0.043735   0.020211  -0.047191
      6       0.019972  -0.002118   0.003801  -0.046061   0.047132  -0.028553
      7       0.015857   0.168299  -0.001326   0.014402   0.043168  -0.099897
      8      -0.044043  -0.008941   0.131039  -0.063734  -0.079125  -0.024972
      9      -0.039049  -0.127353   0.036075   0.062598   0.017836   0.006846
     10      -0.081294   0.002496  -0.039468  -0.022373  -0.047663   0.072906
     11      -0.144965   0.011763   0.023745   0.085106  -0.055348  -0.011465
     12       0.059735  -0.033265  -0.000529  -0.036843  -0.018462   0.011735
     13      -0.019158  -0.121674  -0.003537   0.073333   0.100478  -0.028416
     14      -0.090978   0.100727  -0.022099  -0.019053   0.085541   0.034486
     15      -0.011224   0.005333  -0.060705  -0.027070  -0.077014   0.029417
     16       0.029066  -0.031166   0.118394  -0.057828  -0.022424   0.010994
     17       0.147300  -0.032391  -0.074918   0.010324  -0.075324  -0.042709
     18       0.004499  -0.009492  -0.073711   0.001057   0.008025  -0.044649
     19       0.016863  -0.004971  -0.120681   0.027656  -0.004495   0.000069
     20       0.054863  -0.030756  -0.076868   0.026095   0.084545   0.065802
     21       0.005829   0.091280   0.000372  -0.017274   0.040758  -0.000784
     22      -0.001777   0.032861   0.033400  -0.019099  -0.041401  -0.021084
     23      -0.000389  -0.023159  -0.001336  -0.079091   0.016990   0.004102
     24       0.103429  -0.030766  -0.177910  -0.041076  -0.029224   0.155925
     25      -0.168621   0.057608   0.060349  -0.075469   0.143627  -0.008914
     26      -0.036023  -0.070926   0.039987   0.014939  -0.022075  -0.058919
     27      -0.273342  -0.125194   0.141184   0.028372   0.050112  -0.192269
     28       0.046163   0.169063  -0.069039   0.137032   0.176425   0.039831
     29      -0.151134  -0.104156   0.133440  -0.033753  -0.026978  -0.127450
     30       0.216547   0.380956   0.154432   0.048859  -0.007628  -0.054560
     31       0.023168  -0.264433  -0.065864  -0.054448  -0.060181   0.010438
     32      -0.297360  -0.005331  -0.039564  -0.017110   0.084348   0.057046
     33      -0.003923   0.140845  -0.128338   0.125897  -0.077869   0.268815
     34      -0.289338  -0.119558   0.047690  -0.159535   0.086220  -0.075681
     35       0.065904   0.038789   0.028994   0.038651   0.016738  -0.072451
     36      -0.007285   0.191291  -0.025935  -0.091193   0.129268  -0.179795
     37       0.015325   0.299981  -0.001401  -0.081386   0.077900  -0.261794
     38      -0.012153   0.025439   0.187767  -0.227173  -0.114780  -0.194365
     39       0.086973  -0.244308   0.062410   0.045691   0.095725   0.007516
     40      -0.029955  -0.061485  -0.093274  -0.098519   0.123833   0.344133
     41       0.288463  -0.364802   0.131283   0.038461   0.163246  -0.115240
     42      -0.489357   0.196038  -0.018094   0.140196  -0.226234   0.038068
     43      -0.054199  -0.096515   0.083643  -0.214003  -0.394697   0.345408
     44      -0.177266   0.047940  -0.012016   0.148862   0.042714  -0.093032
     45       0.108546   0.132217   0.063719  -0.115841  -0.063516   0.051742
     46      -0.061500  -0.201583  -0.019351   0.091195   0.169287  -0.000910
     47      -0.131638   0.217576   0.071188  -0.171593   0.267535   0.286313
     48       0.061199  -0.019660   0.120060   0.042543   0.061415  -0.003703
     49       0.071207   0.030722   0.159566  -0.083511  -0.215710   0.014870
     50       0.066816   0.034624  -0.325280  -0.107607  -0.385163   0.015434
     51       0.062278  -0.017355   0.132016   0.047170   0.086653  -0.040826
     52      -0.007570   0.033047   0.073825  -0.147187  -0.155411  -0.213931
     53       0.242466  -0.046418   0.172565   0.087974   0.107115  -0.181253
     54       0.140060   0.028718   0.501869   0.130813   0.070833   0.251258
     55       0.187584  -0.021429   0.434488   0.134564   0.057290   0.263103
     56       0.099230   0.059929   0.262217   0.147440   0.134010   0.288409
     57       0.042551   0.251947   0.015263  -0.032814   0.057257   0.053492
     58       0.044136   0.098033   0.069705   0.514484  -0.315841  -0.039915
     59       0.014433  -0.080660   0.024373   0.531044  -0.294713  -0.059508
                 24         25         26         27         28         29    
      0      -0.047620  -0.066925   0.023273   0.061359   0.041301   0.006997
      1       0.057746  -0.063774   0.105975  -0.003161   0.119148   0.000287
      2       0.069296   0.064646   0.011684   0.068614  -0.081224   0.083344
      3       0.029940  -0.021857  -0.002289  -0.097227   0.061142  -0.023990
      4      -0.037559   0.085784  -0.032835  -0.043411  -0.039479  -0.022799
      5      -0.079048  -0.025812  -0.029098  -0.061969   0.043981  -0.073711
      6      -0.014243   0.085134   0.065744   0.043161  -0.047012   0.021175
      7      -0.025059  -0.055796   0.010330   0.092786   0.003829  -0.001144
      8       0.036928  -0.005861   0.017111  -0.031843   0.025148   0.174425
      9       0.015520  -0.096141  -0.035382   0.034864  -0.000232   0.018704
     10      -0.013958   0.032543  -0.029507  -0.016191   0.009881  -0.040004
     11       0.041615   0.078091   0.033329  -0.047413  -0.028396  -0.072082
     12      -0.012239   0.093682   0.008657   0.027799   0.108374  -0.038819
     13       0.065428   0.056737  -0.015765  -0.093858   0.004746   0.065914
     14      -0.026179  -0.016076  -0.076785   0.030043   0.044024   0.052091
     15      -0.047900  -0.103678   0.063683  -0.024956  -0.069302   0.013249
     16       0.096052  -0.053336  -0.008802   0.028966  -0.078049  -0.168679
     17      -0.027513   0.000023   0.024098  -0.012308   0.019930   0.035202
     18       0.022967   0.011520  -0.055411  -0.003326   0.032705  -0.028707
     19      -0.069816   0.034114   0.015357  -0.025552   0.038683   0.136874
     20       0.028609  -0.024676  -0.010482   0.044520  -0.062320  -0.153668
     21       0.032436   0.041175  -0.061995  -0.063253  -0.133185   0.032732
     22      -0.037809  -0.017065  -0.052471   0.019343  -0.062714   0.003208
     23      -0.027842  -0.011402   0.046012  -0.058620   0.043188  -0.050495
     24       0.265745   0.083737   0.125565   0.201198  -0.128053   0.235200
     25      -0.059617  -0.191182   0.172335  -0.131286   0.112235   0.004606
     26      -0.074807   0.018059  -0.071177   0.023432   0.001338  -0.039056
     27      -0.281203  -0.177160  -0.092808  -0.081851   0.133975  -0.150351
     28       0.159367  -0.106145   0.084776  -0.169296   0.134968   0.004056
     29      -0.219705  -0.036225  -0.098461  -0.022612   0.020861  -0.090516
     30       0.050663  -0.177357  -0.123323  -0.339375  -0.027219   0.248098
     31      -0.096530   0.199242   0.016361   0.049203   0.037788  -0.247051
     32       0.131602  -0.086840   0.119831   0.249442  -0.044054   0.160063
     33       0.402209  -0.088406   0.031908   0.131572   0.115761   0.024955
     34      -0.042262   0.001981   0.104258   0.172229  -0.154451   0.213412
     35      -0.121940  -0.012058  -0.040691  -0.102306   0.045265  -0.092815
     36      -0.079485   0.199498   0.376893   0.270304   0.133409  -0.224027
     37       0.039927  -0.009915   0.166555   0.273155   0.092414  -0.059417
     38       0.300018  -0.061237  -0.047849   0.069661  -0.025448   0.394493
     39      -0.000748  -0.208256  -0.073552   0.074645  -0.001558   0.088961
     40      -0.294374  -0.057570  -0.290394   0.013361  -0.370050   0.150268
     41       0.088378  -0.308127  -0.017108   0.089288   0.114762   0.122821
     42       0.071983   0.348548   0.114538  -0.145806  -0.040717  -0.203489
     43       0.059693  -0.010170  -0.240383   0.038226   0.562088  -0.103517
     44       0.025734   0.108002   0.101684  -0.075699  -0.199032  -0.058908
     45      -0.149697   0.281627  -0.215071   0.264813   0.147298  -0.050596
     46       0.149527  -0.056718   0.076276  -0.202755   0.027327   0.096223
     47      -0.054527  -0.040384  -0.275017   0.232925   0.279163   0.169273
     48       0.003766   0.137390  -0.006864   0.026826   0.061628   0.000719
     49      -0.012028   0.046539   0.127793   0.126036  -0.087906  -0.170878
     50      -0.159314  -0.335031   0.196816  -0.036018  -0.194438   0.037259
     51       0.054208   0.124254  -0.069350   0.043146   0.070053  -0.045793
     52       0.221853  -0.263180  -0.118347  -0.018351  -0.112078  -0.231718
     53       0.132377   0.248392  -0.171128   0.069064   0.191744  -0.062295
     54      -0.222328   0.050063   0.232515   0.019534  -0.103243   0.055976
     55      -0.267750   0.197343   0.309541   0.012394  -0.055711   0.280273
     56      -0.192649  -0.151382   0.146404   0.037050  -0.183961  -0.174006
     57       0.027072   0.001964  -0.142800  -0.076056  -0.088382  -0.003608
     58      -0.062018  -0.012846  -0.243304   0.338869  -0.091922   0.100268
     59      -0.045739   0.026058  -0.102761   0.315577  -0.019928   0.096291
                 30         31         32         33         34         35    
      0      -0.048753  -0.010941  -0.011965  -0.008750   0.013424   0.015138
      1      -0.030511   0.013487  -0.033386   0.064528  -0.002187  -0.016578
      2       0.002188  -0.044417  -0.049729   0.003788   0.031520   0.004997
      3       0.030945   0.026912  -0.016892   0.039514   0.004534  -0.023568
      4       0.012756  -0.010027   0.008622  -0.024555   0.010473   0.025017
      5       0.003042   0.013275  -0.016646   0.017567  -0.043678   0.030197
      6      -0.009843  -0.052880   0.022435  -0.050023  -0.035323  -0.027875
      7      -0.018687  -0.039090   0.001812  -0.016396  -0.062368  -0.047280
      8       0.001957   0.028175   0.017412   0.022335   0.002759  -0.100870
      9       0.016539   0.007257   0.010825  -0.002273  -0.016271   0.018754
     10       0.003325   0.040794  -0.000750   0.026974   0.014542  -0.041406
     11      -0.016243  -0.043594   0.005391  -0.007030  -0.034816   0.045206
     12      -0.046696   0.030735  -0.010056   0.073448   0.063722  -0.017080
     13       0.013856  -0.030757  -0.002745  -0.003648  -0.010152  -0.023582
     14       0.054220   0.058573  -0.023375  -0.005860   0.140092   0.001309
     15       0.028009  -0.035609   0.030920  -0.005502   0.002232   0.017103
     16      -0.022343  -0.005604  -0.006074   0.001813   0.002252   0.090177
     17      -0.004516  -0.040741   0.008165  -0.003511  -0.053901   0.041580
     18      -0.026200   0.037070  -0.042631  -0.018307  -0.011666  -0.004958
     19       0.016542   0.020395   0.026750   0.016754   0.014533   0.013968
     20      -0.011414   0.007079  -0.013151  -0.011789   0.008865   0.001669
     21       0.064330  -0.007679  -0.000722  -0.022742  -0.031784   0.000722
     22       0.025328   0.003388   0.014402  -0.045824   0.002304   0.005050
     23      -0.027985   0.012621   0.040467  -0.017202   0.001117  -0.010437
     24      -0.009765  -0.088049  -0.174337   0.069573   0.044177   0.013082
     25      -0.050922  -0.057116  -0.324951   0.302931  -0.334895   0.194558
     26      -0.007770   0.017159   0.115032  -0.109382   0.106233  -0.050026
     27      -0.068068   0.052538   0.150452  -0.134326   0.033941  -0.003589
     28      -0.347480  -0.115013   0.394967  -0.470648   0.323346  -0.042563
     29       0.097932   0.072106  -0.039733   0.078306  -0.072924  -0.005079
     30      -0.322386  -0.192622  -0.259605  -0.065809   0.219494   0.202822
     31       0.247499   0.133302   0.155887   0.042159  -0.128607  -0.103175
     32      -0.028464   0.003298   0.032947   0.020005  -0.037048  -0.071522
     33       0.012590   0.235494   0.377253  -0.031662  -0.232478  -0.032388
     34      -0.082870  -0.222792  -0.252928  -0.025100   0.245342  -0.017728
     35       0.010877   0.004444  -0.046003   0.029118  -0.037018   0.032272
     36       0.288187   0.023617   0.021218   0.021253   0.235826   0.152141
     37       0.121190   0.141687   0.080076   0.042696   0.060172   0.299648
     38      -0.089036   0.365064   0.216330   0.069333  -0.088790   0.481818
     39       0.023125   0.032889   0.023174   0.009088  -0.012119   0.017331
     40      -0.376734   0.195722   0.103208   0.308312  -0.002805   0.117336
     41       0.156637   0.002198   0.002308  -0.071716   0.003762  -0.039187
     42      -0.055633  -0.083430   0.030573   0.014040  -0.068162   0.069790
     43       0.209662  -0.302649  -0.122956  -0.271754   0.116491   0.232609
     44      -0.080818   0.058891   0.045665   0.086124  -0.068955  -0.034513
     45      -0.316182  -0.201268   0.185268   0.165153  -0.081717  -0.030256
     46       0.181549   0.043716  -0.113882  -0.087096  -0.066519  -0.038721
     47       0.058822  -0.266225   0.017386  -0.151358  -0.580681  -0.094367
     48      -0.055070   0.091670  -0.062105  -0.059037  -0.025686  -0.006206
     49      -0.245043   0.490352  -0.388377  -0.399378  -0.124567  -0.396531
     50       0.023111  -0.027464  -0.015016  -0.095647  -0.070126  -0.140507
     51      -0.031585   0.023658  -0.016661   0.019441   0.018075  -0.056127
     52       0.065981  -0.307360   0.220172   0.418369   0.197220  -0.450556
     53      -0.064736  -0.032225  -0.008441   0.111890  -0.003879  -0.170898
     54       0.054249  -0.030960   0.051767   0.000759   0.036549  -0.005094
     55       0.057142  -0.004502   0.122240  -0.038392  -0.041557   0.093035
     56       0.085214  -0.068969   0.030475   0.090416   0.173496  -0.095154
     57       0.305766   0.139449  -0.025648   0.008893   0.050772  -0.053778
     58       0.133952   0.045910  -0.057788   0.001372   0.087708   0.010492
     59      -0.098644  -0.059704  -0.030110   0.020604   0.037054   0.041867
                 36         37         38         39         40         41    
      0      -0.014539  -0.018717   0.036639  -0.019324  -0.006636   0.016067
      1      -0.048745  -0.010304   0.037719   0.016921   0.081605  -0.107707
      2       0.013625   0.028677  -0.012029   0.009478  -0.025597   0.030128
      3       0.040421   0.102689  -0.047966   0.116058  -0.024530  -0.006906
      4      -0.017596  -0.025616  -0.011411  -0.099811  -0.005177   0.036004
      5       0.015632  -0.021768   0.022862  -0.017666  -0.016610  -0.013118
      6       0.055108  -0.105735   0.101507   0.014186  -0.017053  -0.017388
      7       0.026852  -0.088298  -0.002846   0.085680   0.034100   0.011110
      8      -0.007800  -0.016443  -0.065171   0.000983   0.086287   0.093702
      9      -0.001007   0.053667  -0.047914  -0.014820   0.009752  -0.009228
     10       0.026484   0.148199   0.115732  -0.075446   0.017645   0.048828
     11      -0.030352  -0.022231  -0.031465   0.024610  -0.016438  -0.025671
     12      -0.063526  -0.051450   0.064582   0.039709  -0.054280   0.080017
     13       0.043540  -0.038815  -0.071984  -0.009023   0.017908  -0.086012
     14       0.090218  -0.055042   0.015905  -0.024305   0.002740   0.005210
     15       0.017195  -0.004302   0.006201  -0.009889   0.008804  -0.015296
     16       0.012609   0.011344   0.024442   0.043503   0.092105   0.066686
     17      -0.016652   0.016730  -0.005616   0.032182   0.051028   0.034027
     18      -0.004775   0.014010  -0.021236   0.008151   0.023593   0.013612
     19      -0.002359   0.019606  -0.001825  -0.007838  -0.027454  -0.015925
     20       0.001984  -0.005581   0.029645  -0.022566  -0.034578  -0.026497
     21      -0.001205   0.004179  -0.039439  -0.011667   0.007317  -0.026894
     22      -0.026357   0.006160   0.006389   0.002502  -0.028502   0.034184
     23      -0.019772   0.006589   0.009564   0.016807   0.019193  -0.019935
     24       0.014544   0.029699  -0.011197  -0.010347   0.046079  -0.026502
     25       0.437963  -0.073575  -0.185040  -0.190823  -0.391411   0.455246
     26      -0.135679   0.017369   0.074522   0.054944   0.080555  -0.101076
     27      -0.039846  -0.039706   0.039877  -0.029855   0.044325  -0.017801
     28       0.124505   0.247117  -0.155783   0.157002  -0.258447   0.311501
     29      -0.074432  -0.091074   0.064163  -0.049931   0.149762  -0.160066
     30      -0.245621  -0.041269   0.118077  -0.447120   0.072246  -0.025397
     31       0.168229   0.071644  -0.136590   0.249212  -0.077573   0.060777
     32       0.018474  -0.049041   0.068526   0.067678   0.036060  -0.029404
     33      -0.013655  -0.419940  -0.069213  -0.412028   0.096678   0.202933
     34      -0.048237   0.258855  -0.003865   0.272318  -0.014974  -0.093859
     35       0.026835   0.015406   0.032855   0.020705  -0.027821  -0.030985
     36      -0.281747   0.169183  -0.493658  -0.296028   0.065471   0.098738
     37      -0.139823   0.132681  -0.229711  -0.051934  -0.116024  -0.113046
     38       0.075562   0.130013   0.247092   0.096986  -0.393110  -0.377245
     39      -0.005759   0.079903  -0.099677  -0.047587   0.015736  -0.049183
     40      -0.294763  -0.268015  -0.435951   0.258449  -0.037672  -0.016757
     41       0.091846   0.207899  -0.009308  -0.197809   0.046133  -0.111422
     42      -0.068203   0.063740  -0.019928  -0.075578  -0.041128  -0.142826
     43       0.056555  -0.390889  -0.202802   0.098157  -0.140371  -0.222386
     44      -0.042749   0.149529   0.058109  -0.038263   0.032183   0.046157
     45       0.386809   0.244186  -0.198575  -0.202869   0.250861  -0.318040
     46      -0.328698  -0.132729   0.089357   0.135250  -0.205614   0.163577
     47      -0.384271   0.386472   0.047206  -0.042650  -0.159433   0.062039
     48       0.015825  -0.009795  -0.030213   0.002299   0.041523   0.007041
     49       0.024824  -0.010091  -0.238157  -0.151668  -0.219930  -0.268082
     50      -0.019019   0.018713  -0.053944  -0.071027  -0.153956  -0.147545
     51      -0.041773   0.002834   0.022195  -0.005603  -0.086593  -0.016034
     52      -0.096551  -0.096027   0.007565  -0.192387  -0.433209  -0.194056
     53      -0.123506   0.012853   0.009019  -0.012685  -0.190663  -0.027703
     54       0.017468  -0.021530   0.032822  -0.035273  -0.064645  -0.042624
     55       0.014971  -0.039812   0.201535  -0.092168  -0.123675  -0.086386
     56       0.014798   0.021849  -0.139206  -0.000133  -0.086204  -0.049684
     57      -0.055929  -0.025871   0.205583   0.108426   0.130163  -0.048946
     58      -0.034021  -0.015631   0.133933   0.037624  -0.041683   0.120215
     59       0.028726   0.001023  -0.044054  -0.049061  -0.089764   0.091279
                 42         43         44         45         46         47    
      0      -0.016422   0.012996  -0.018607  -0.038567  -0.079863   0.001339
      1       0.006562  -0.008076  -0.020548  -0.008408   0.015081  -0.028769
      2      -0.008534   0.003837   0.007298  -0.001448  -0.023527   0.019466
      3       0.024840  -0.004415   0.022009  -0.022703   0.005754  -0.016524
      4       0.051670   0.020661   0.013255  -0.009187  -0.015766   0.007388
      5      -0.051373  -0.020248  -0.018108   0.016447   0.014144   0.000875
      6      -0.001112   0.039135  -0.035847   0.037955  -0.000459  -0.005230
      7      -0.009290   0.003451   0.023294  -0.016776   0.006778  -0.009937
      8      -0.007745  -0.002337   0.005323  -0.018616   0.005738   0.001083
      9       0.034514  -0.061370  -0.037375  -0.003284  -0.006634   0.028265
     10       0.007053  -0.009672  -0.019900   0.008243   0.009156  -0.009403
     11       0.024760  -0.037248  -0.026523   0.005168  -0.014315   0.035208
     12      -0.000346   0.007504   0.005904   0.009875   0.016897  -0.018289
     13      -0.000745  -0.008918  -0.003411  -0.004824  -0.026201   0.040669
     14       0.002080  -0.005257  -0.003365  -0.020096   0.032716  -0.046462
     15      -0.005050  -0.020619   0.020051  -0.018383   0.000225   0.000452
     16      -0.002453   0.027753  -0.016908  -0.015549   0.020778   0.004646
     17       0.007257  -0.007597   0.013965   0.064863  -0.042127  -0.037089
     18      -0.001823   0.000815   0.004602  -0.005089   0.000944   0.000284
     19       0.006173   0.027706  -0.033518   0.028925  -0.004757   0.002422
     20      -0.005392  -0.045038   0.046226  -0.032546   0.003843  -0.004951
     21       0.012153  -0.011920  -0.029910  -0.015550   0.040090  -0.071059
     22       0.004339  -0.002653  -0.007049  -0.003085   0.018201  -0.030982
     23      -0.004782   0.003206   0.003660   0.000315  -0.018431   0.024364
     24       0.107294  -0.023510   0.247307   0.329271   0.402404   0.252513
     25      -0.036972   0.039998   0.055497  -0.003474  -0.086158   0.112569
     26      -0.058353   0.008821  -0.142756  -0.183722  -0.240903  -0.138803
     27       0.089428  -0.015266   0.183810   0.256027   0.312375   0.180126
     28       0.013026   0.010272   0.137872   0.085332   0.037552   0.140806
     29       0.092952  -0.034030   0.150127   0.263556   0.370678   0.131637
     30       0.025238   0.007079  -0.012167   0.005117  -0.054747   0.050583
     31      -0.103736  -0.047536  -0.013638   0.009956   0.051024  -0.026705
     32       0.590996   0.230679   0.190594  -0.157283  -0.119239  -0.032790
     33      -0.331592  -0.082723  -0.161837   0.118729   0.056441   0.045356
     34      -0.514179  -0.209438  -0.143083   0.119805   0.086907   0.022459
     35       0.050799   0.013332   0.016628  -0.012368  -0.001607  -0.009556
     36       0.031426  -0.048841   0.014818  -0.034149  -0.030383   0.057198
     37       0.021852  -0.034745   0.023127  -0.012062  -0.021583   0.025629
     38       0.019942   0.035108  -0.101731   0.116116  -0.018581   0.007502
     39      -0.064503   0.092022   0.084720  -0.016943   0.005958  -0.041800
     40      -0.094155   0.097040   0.166865  -0.046866  -0.019208   0.005237
     41      -0.269597   0.427917   0.314885  -0.028568   0.046317  -0.223825
     42      -0.296625   0.488244   0.358018  -0.008400   0.022081  -0.198344
     43       0.015549   0.012074   0.012228  -0.004901  -0.012724   0.000145
     44       0.002467  -0.015772  -0.015279   0.007677  -0.007600   0.023307
     45      -0.002069  -0.035949  -0.014244  -0.021693  -0.089181   0.147549
     46       0.004749   0.015248   0.004866   0.030752   0.026308  -0.040131
     47       0.020215  -0.000579  -0.015421   0.069157  -0.015303  -0.006867
     48       0.029113  -0.142273   0.132579   0.259477  -0.205340  -0.203672
     49       0.021557  -0.052755   0.029323   0.123632  -0.123119  -0.022069
     50      -0.038058   0.159978  -0.155948  -0.331262   0.234102   0.282371
     51      -0.028923   0.142318  -0.139675  -0.272038   0.208711   0.207971
     52       0.015998  -0.197586   0.157047   0.142975  -0.136756  -0.109062
     53      -0.021777   0.183764  -0.180054  -0.252623   0.218162   0.234243
     54       0.006561   0.005677  -0.025708   0.018083   0.001745   0.008350
     55      -0.062662  -0.327662   0.309735  -0.296652   0.067285   0.002479
     56       0.098677   0.414994  -0.443100   0.423045  -0.086717   0.010506
     57      -0.142898   0.086506   0.206725   0.071627  -0.436695   0.596649
     58      -0.056228   0.046680   0.112453   0.046532  -0.173428   0.230784
     59       0.052934  -0.022525  -0.056031  -0.017749   0.149541  -0.226727
                 48         49         50         51         52         53    
      0      -0.004949  -0.051545  -0.000046   0.006261  -0.007960  -0.007732
      1      -0.000694  -0.009355   0.000143  -0.003835   0.003946   0.005719
      2      -0.004243  -0.050701   0.000248  -0.013952   0.015130   0.015345
      3       0.000554   0.006410   0.001319  -0.014045   0.006426  -0.001498
      4       0.000854   0.007325   0.001082  -0.028156   0.012344  -0.002230
      5       0.000191   0.004552   0.000662   0.051336  -0.029288  -0.005653
      6       0.000299  -0.000050   0.013564  -0.016916  -0.033086  -0.007399
      7      -0.000198   0.000600  -0.020756   0.031647   0.055402   0.014272
      8      -0.000848  -0.000261   0.009984  -0.013214  -0.022200  -0.005890
      9       0.005399  -0.001504  -0.059960  -0.007919  -0.016036  -0.015430
     10       0.000692   0.000309  -0.005680  -0.002269  -0.001970  -0.001163
     11       0.002623   0.000688  -0.024141  -0.008398  -0.004683  -0.007002
     12       0.005835  -0.000415   0.008513   0.002733   0.012022  -0.034871
     13       0.010270  -0.002632   0.012090   0.003578   0.019187  -0.061456
     14      -0.003940   0.000597  -0.001201  -0.000624  -0.003305   0.012052
     15      -0.033479   0.003674  -0.000312  -0.001364  -0.005411   0.030104
     16      -0.015301   0.001187  -0.000828  -0.000109   0.000790  -0.007195
     17       0.061248  -0.005150   0.003504   0.000638  -0.002885   0.019093
     18       0.001711   0.000049  -0.000421   0.000952   0.001983  -0.000183
     19      -0.002439   0.000188   0.000309  -0.000467  -0.001573  -0.000258
     20      -0.001655   0.000156  -0.000102  -0.000135  -0.000154   0.000437
     21       0.000256   0.000158   0.000540   0.000259   0.000140  -0.000548
     22      -0.000375  -0.003323  -0.000138  -0.000026  -0.000324   0.001201
     23       0.000142   0.000859  -0.000004   0.000100  -0.000011  -0.000859
     24       0.037565   0.418204  -0.001265   0.035818  -0.031425  -0.036375
     25       0.019834   0.222202  -0.000538   0.015213  -0.013462  -0.016770
     26       0.071903   0.812170  -0.002346   0.059934  -0.053162  -0.060932
     27       0.021759   0.192343  -0.000441  -0.109175   0.128255   0.132257
     28      -0.008299  -0.073668  -0.000144   0.035320  -0.043354  -0.047426
     29      -0.023307  -0.211681   0.000159   0.103850  -0.122283  -0.125441
     30      -0.006730  -0.065091  -0.011811   0.252031  -0.115350   0.013421
     31      -0.009955  -0.089099  -0.016432   0.387463  -0.172289   0.022758
     32      -0.002742  -0.021068  -0.003370   0.100162  -0.043247   0.004624
     33      -0.000161  -0.002434   0.000820  -0.094673   0.047108   0.006477
     34       0.000239  -0.001412   0.000401  -0.063786   0.034701   0.005696
     35       0.000265  -0.036204  -0.006319  -0.704641   0.389022   0.063571
     36      -0.001259   0.002355  -0.157024   0.212882   0.382427   0.090169
     37       0.002388  -0.005159   0.258549  -0.365629  -0.640524  -0.154405
     38       0.000564   0.002736  -0.109465   0.151105   0.258611   0.062213
     39      -0.066779   0.017270   0.732890   0.094008   0.188325   0.177217
     40       0.006727  -0.001462  -0.080677  -0.010674  -0.017200  -0.019845
     41       0.019847  -0.005312  -0.217605  -0.028513  -0.054143  -0.048790
     42       0.004303   0.000177  -0.035121  -0.006543  -0.006191  -0.006198
     43      -0.014295  -0.001292   0.149117   0.038767   0.036290   0.034756
     44      -0.048586  -0.003115   0.488864   0.123303   0.106715   0.115382
     45      -0.074794   0.015433  -0.096862  -0.030904  -0.141490   0.423940
     46      -0.123052   0.027418  -0.154924  -0.048704  -0.229570   0.697408
     47       0.031477  -0.005546   0.028799   0.009892   0.045976  -0.140893
     48      -0.325352   0.019290  -0.030699   0.005419   0.062730  -0.346220
     49       0.088164  -0.006822   0.008574  -0.001950  -0.017369   0.096524
     50      -0.180479   0.010908  -0.019171   0.003318   0.038360  -0.216479
     51       0.723514  -0.065930   0.033770   0.010687   0.002736  -0.007185
     52       0.109131  -0.009370   0.005132   0.001768   0.001919  -0.004234
     53      -0.523762   0.050056  -0.024153  -0.007941  -0.002861   0.007460
     54      -0.022590   0.001473   0.005840  -0.011847  -0.022391   0.000873
     55       0.017117  -0.000278  -0.006584   0.007212   0.017509   0.001690
     56       0.021959  -0.000703  -0.002293   0.003496   0.004373  -0.000672
     57      -0.002958  -0.018468  -0.001814  -0.002181   0.000610   0.000604
     58       0.003250   0.013107   0.001374   0.001664   0.000901  -0.009012
     59      -0.001856  -0.007284  -0.001216  -0.001585  -0.002265   0.012840
                 54         55         56         57         58         59    
      0       0.012472  -0.042363  -0.002882   0.004476   0.000091   0.002127
      1      -0.007128   0.022097   0.002617  -0.007416  -0.000215   0.001608
      2      -0.018542   0.061386   0.008406  -0.023499  -0.000329   0.002917
      3       0.002493  -0.014673   0.013973  -0.037307   0.000579  -0.000322
      4       0.004124  -0.023675   0.020690  -0.052779  -0.000037   0.000360
      5      -0.001289   0.001569   0.016217  -0.055171   0.000002  -0.000212
      6      -0.000971   0.005952   0.001612   0.000408  -0.003596  -0.000031
      7       0.001227  -0.009901   0.000316  -0.002100   0.001505   0.000198
      8      -0.001043   0.003174  -0.000766  -0.001203  -0.002376   0.000073
      9       0.001131   0.005230   0.043490   0.014316  -0.000167   0.000002
     10       0.002764   0.001364  -0.023427  -0.008073  -0.000005   0.000426
     11       0.008858   0.004300  -0.073090  -0.026338  -0.000358  -0.000242
     12       0.015630   0.011380   0.002751   0.000331  -0.000232  -0.000952
     13       0.024053   0.017833   0.001483  -0.000104  -0.000490  -0.000343
     14      -0.005016  -0.003722  -0.001523  -0.000492  -0.000073   0.002797
     15       0.080451   0.017726   0.008089  -0.000211  -0.005406  -0.000004
     16      -0.010926  -0.001665  -0.001209  -0.000211  -0.002213  -0.000064
     17       0.015288   0.000273   0.001942   0.000278   0.001584   0.000030
     18      -0.002633  -0.001146  -0.000432   0.000061  -0.051746  -0.000292
     19      -0.000070   0.000469   0.000284   0.000258   0.039687   0.000230
     20       0.001521   0.000458   0.000452   0.000455   0.030564   0.000140
     21      -0.000217  -0.000277  -0.000410   0.000336  -0.000151   0.033872
     22       0.000000  -0.000127  -0.000043  -0.000007   0.000206  -0.048922
     23      -0.000178  -0.000398   0.000203   0.000344  -0.000259   0.039645
     24       0.030461  -0.103082  -0.024734   0.081798   0.001278  -0.010988
     25       0.012992  -0.043386  -0.010865   0.036485   0.000354  -0.002179
     26       0.054504  -0.170992  -0.043824   0.146675   0.001814  -0.020439
     27      -0.180631   0.591016   0.057876  -0.139589  -0.001034  -0.001179
     28       0.064400  -0.212903  -0.020540   0.050172   0.000573  -0.004015
     29       0.169800  -0.559391  -0.054426   0.129988   0.001164   0.000449
     30      -0.032958   0.184168  -0.153285   0.385807  -0.000909   0.000498
     31      -0.050968   0.284732  -0.235936   0.591970  -0.001275  -0.000718
     32      -0.011888   0.063901  -0.050218   0.127243  -0.000247   0.000171
     33       0.003157  -0.010960  -0.017903   0.063614  -0.001444  -0.000112
     34       0.002441  -0.006666  -0.008977   0.037684   0.000338   0.000287
     35       0.025133  -0.072026  -0.143177   0.539673   0.002055   0.000069
     36       0.010491  -0.063579  -0.004329  -0.009997   0.017198   0.000196
     37      -0.016310   0.105648   0.005192   0.017344  -0.024666  -0.000283
     38       0.006993  -0.041490  -0.001981  -0.005242   0.009850   0.000008
     39      -0.016234  -0.060568  -0.504812  -0.163289   0.001726   0.000397
     40       0.003157   0.006357   0.052228   0.016670   0.001249  -0.001634
     41       0.003306   0.016614   0.138843   0.046460   0.000402   0.000260
     42       0.004632   0.003390  -0.030368  -0.009902   0.000249  -0.000524
     43      -0.033337  -0.019752   0.225246   0.084458  -0.000747   0.000080
     44      -0.110164  -0.064279   0.735941   0.271571   0.000308  -0.001392
     45      -0.172065  -0.123212  -0.019314  -0.001792   0.000982   0.008463
     46      -0.281155  -0.202136  -0.029491  -0.002266   0.001670   0.009311
     47       0.058691   0.041497   0.006998   0.001252  -0.000238  -0.004603
     48      -0.659505  -0.121592  -0.065282   0.000894   0.014453  -0.001773
     49       0.185836   0.034925   0.018649  -0.000227  -0.000587  -0.000808
     50      -0.416722  -0.078336  -0.040703   0.001189   0.009276  -0.003440
     51      -0.298917  -0.088950  -0.029214   0.002832   0.037286  -0.001643
     52      -0.045864  -0.013006  -0.004920   0.001168   0.001032   0.000414
     53       0.236073   0.069211   0.023992  -0.001294  -0.026596   0.001024
     54       0.026934   0.012269   0.004170   0.001236   0.752999   0.003734
     55      -0.012991  -0.008290  -0.000813   0.001096  -0.511614  -0.002516
     56      -0.013641  -0.005719  -0.000365   0.001211  -0.403179  -0.002367
     57      -0.000860   0.000427   0.000143  -0.002790   0.002398  -0.473451
     58       0.004579  -0.002415   0.001283   0.004193  -0.003330   0.652630
     59       0.000033   0.002070   0.001471  -0.001705   0.002758  -0.586505
# -----------------------------------------------------------
$ THERMOCHEMISTRY_Energies
   description: The Thermochemistry energies
   geom. index: 1
   prop. index: 1
        Temperature (Kelvin)           :        298.1500000000
        Pressure (atm)                 :          1.0000000000
        Total Mass (AMU)               :        112.1760000000
        Spin Degeneracy                :          1.0000000000
        Electronic Energy (Hartree)    :       -345.5475448083
        Translational Energy (Hartree) :          0.0014162714
        Rotational Energy (Hartree)    :          0.0014162714
        Vibrational Energy (Hartree)   :          0.0030394229
        Number of frequencies          :     60      
        Scaling Factor for frequencies :          1.0000000000
        Vibrational frequencies        :     
                  0    
      0       0.000000
      1       0.000000
      2       0.000000
      3       0.000000
      4       0.000000
      5       0.000000
      6     227.419910
      7     264.168967
      8     415.457401
      9     418.773106
     10     479.715835
     11     505.139090
     12     602.271793
     13     779.793982
     14     808.317813
     15     833.941188
     16     848.183464
     17     918.392445
     18     948.498865
     19     959.200814
     20     966.666097
     21     975.887685
     22     1027.574140
     23     1065.425811
     24     1088.898888
     25     1109.011860
     26     1116.005033
     27     1138.985582
     28     1153.837216
     29     1190.454325
     30     1228.128958
     31     1249.032027
     32     1278.184388
     33     1296.308710
     34     1338.639524
     35     1363.103889
     36     1383.380684
     37     1388.782859
     38     1399.776993
     39     1414.545189
     40     1429.672594
     41     1466.117429
     42     1506.915404
     43     1523.483155
     44     1532.961399
     45     1542.523665
     46     1550.628208
     47     1556.595113
     48     2924.709137
     49     2930.446700
     50     2937.438202
     51     2947.794172
     52     2962.659430
     53     2975.023382
     54     2977.985244
     55     2981.803967
     56     2992.617886
     57     3001.114489
     58     3219.697212
     59     3229.458325
        Zero Point Energy (Hartree)    :          0.1853780304
        Inner Energy (Hartree)         :       -345.3562948122
        Enthalpy (Hartree)             :       -345.3553506032
        Electronic entropy             :          0.0000000000
        Rotational entropy             :          0.0130547320
        Vibrational entropy            :          0.0044286911
        Translational entropy          :          0.0130547320
        Entropy                        :          0.0365173932
        Gibbs Energy (Hartree)         :       -345.3918679964
        Is Linear                      :                 false
# -----------------------------------------------------------
$ PAL_Flags
   description: The PAL Flags
   geom. index: 2
   prop. index: 1
        Diskflag:     2
# -----------------------------------------------------------
$ SCF_Energy
   description: The SCF energy
   geom. index: 2
   prop. index: 1
        SCF Energy:     -345.5175183134
# -----------------------------------------------------------
$ DFT_Energy
   description: The DFT energy
   geom. index: 2
   prop. index: 1
   Number of Alpha Electrons                 31.0000106699 
   Number of Beta  Electrons                 31.0000106699 
   Total number of  Electrons                62.0000213398 
   Exchange energy                          -32.3844287752 
   Correlation energy                        -2.5436113701 
   Correlation energy NL                      0.0000000000 
   Exchange-Correlation energy              -34.9280401453 
   Embedding correction                       0.0000000000 
   Total DFT Energy (No VdW correction)    -345.5175183134 
# -----------------------------------------------------------
$ VdW_Correction
   description: The Van der Waals Correction
   geom. index: 2
   prop. index: 1
        Van der Waals Correction:       -0.0362406227
# -----------------------------------------------------------
$ PAL_Flags
   description: The PAL Flags
   geom. index: 3
   prop. index: 1
        Diskflag:     2
# -----------------------------------------------------------
$ SCF_Energy
   description: The SCF energy
   geom. index: 3
   prop. index: 1
        SCF Energy:     -345.5182307292
# -----------------------------------------------------------
$ DFT_Energy
   description: The DFT energy
   geom. index: 3
   prop. index: 1
   Number of Alpha Electrons                 30.9999778658 
   Number of Beta  Electrons                 30.9999778658 
   Total number of  Electrons                61.9999557316 
   Exchange energy                          -32.3815024660 
   Correlation energy                        -2.5436419291 
   Correlation energy NL                      0.0000000000 
   Exchange-Correlation energy              -34.9251443951 
   Embedding correction                       0.0000000000 
   Total DFT Energy (No VdW correction)    -345.5182307292 
# -----------------------------------------------------------
$ VdW_Correction
   description: The Van der Waals Correction
   geom. index: 3
   prop. index: 1
        Van der Waals Correction:       -0.0363134056
# -----------------------------------------------------------
$ PAL_Flags
   description: The PAL Flags
   geom. index: 4
   prop. index: 1
        Diskflag:     2
# -----------------------------------------------------------
$ SCF_Energy
   description: The SCF energy
   geom. index: 4
   prop. index: 1
        SCF Energy:     -345.5184478712
# -----------------------------------------------------------
$ DFT_Energy
   description: The DFT energy
   geom. index: 4
   prop. index: 1
   Number of Alpha Electrons                 30.9999735596 
   Number of Beta  Electrons                 30.9999735596 
   Total number of  Electrons                61.9999471192 
   Exchange energy                          -32.3802483885 
   Correlation energy                        -2.5438017960 
   Correlation energy NL                      0.0000000000 
   Exchange-Correlation energy              -34.9240501845 
   Embedding correction                       0.0000000000 
   Total DFT Energy (No VdW correction)    -345.5184478712 
# -----------------------------------------------------------
$ VdW_Correction
   description: The Van der Waals Correction
   geom. index: 4
   prop. index: 1
        Van der Waals Correction:       -0.0363801909
# -----------------------------------------------------------
$ PAL_Flags
   description: The PAL Flags
   geom. index: 5
   prop. index: 1
        Diskflag:     2
# -----------------------------------------------------------
$ SCF_Energy
   description: The SCF energy
   geom. index: 5
   prop. index: 1
        SCF Energy:     -345.5184827120
# -----------------------------------------------------------
$ DFT_Energy
   description: The DFT energy
   geom. index: 5
   prop. index: 1
   Number of Alpha Electrons                 30.9999708695 
   Number of Beta  Electrons                 30.9999708695 
   Total number of  Electrons                61.9999417390 
   Exchange energy                          -32.3801098973 
   Correlation energy                        -2.5437623813 
   Correlation energy NL                      0.0000000000 
   Exchange-Correlation energy              -34.9238722785 
   Embedding correction                       0.0000000000 
   Total DFT Energy (No VdW correction)    -345.5184827120 
# -----------------------------------------------------------
$ VdW_Correction
   description: The Van der Waals Correction
   geom. index: 5
   prop. index: 1
        Van der Waals Correction:       -0.0363629994
# -----------------------------------------------------------
$ PAL_Flags
   description: The PAL Flags
   geom. index: 6
   prop. index: 1
        Diskflag:     2
# -----------------------------------------------------------
$ SCF_Energy
   description: The SCF energy
   geom. index: 6
   prop. index: 1
        SCF Energy:     -345.5184824332
# -----------------------------------------------------------
$ DFT_Energy
   description: The DFT energy
   geom. index: 6
   prop. index: 1
   Number of Alpha Electrons                 30.9999711451 
   Number of Beta  Electrons                 30.9999711451 
   Total number of  Electrons                61.9999422902 
   Exchange energy                          -32.3804212695 
   Correlation energy                        -2.5437959847 
   Correlation energy NL                      0.0000000000 
   Exchange-Correlation energy              -34.9242172542 
   Embedding correction                       0.0000000000 
   Total DFT Energy (No VdW correction)    -345.5184824332 
# -----------------------------------------------------------
$ VdW_Correction
   description: The Van der Waals Correction
   geom. index: 6
   prop. index: 1
        Van der Waals Correction:       -0.0363647487
# -----------------------------------------------------------
$ PAL_Flags
   description: The PAL Flags
   geom. index: 7
   prop. index: 1
        Diskflag:     2
# -----------------------------------------------------------
$ SCF_Energy
   description: The SCF energy
   geom. index: 7
   prop. index: 1
        SCF Energy:     -345.5184834475
# -----------------------------------------------------------
$ DFT_Energy
   description: The DFT energy
   geom. index: 7
   prop. index: 1
   Number of Alpha Electrons                 30.9999711037 
   Number of Beta  Electrons                 30.9999711037 
   Total number of  Electrons                61.9999422074 
   Exchange energy                          -32.3804787318 
   Correlation energy                        -2.5438000055 
   Correlation energy NL                      0.0000000000 
   Exchange-Correlation energy              -34.9242787373 
   Embedding correction                       0.0000000000 
   Total DFT Energy (No VdW correction)    -345.5184834475 
# -----------------------------------------------------------
$ Mayer_Pop
   description: The Mayer population analysis
   geom. index: 7
   prop. index: 1
     Number of atoms                     : 20
     Threshold for printing              : 0.1000000
     Number of bond orders printed       : 24
  NA   - Mulliken gross atomic population
  ZA   - Total nuclear charge
  QA   - Mulliken gross atomic charge
  VA   - Mayer's total valence
  BVA  - Mayer's bonded valence
  FA   - Mayer's free valence
  ATOM       NA         ZA         QA         VA         BVA        FA
  0   0     6.2075     6.0000    -0.2075     3.6627     3.6627    -0.0000
  1   0     6.5490     6.0000    -0.5490     3.9954     3.9954     0.0000
  2   0     5.7437     6.0000     0.2563     3.3689     3.3689    -0.0000
  3   0     6.6314     6.0000    -0.6314     3.9060     3.9060    -0.0000
  4   0     5.8331     6.0000     0.1669     3.4068     3.4068     0.0000
  5   0     6.4323     6.0000    -0.4323     3.8351     3.8351    -0.0000
  6   0     7.4235     7.0000    -0.4235     2.8144     2.8144     0.0000
  7   0     7.4171     7.0000    -0.4171     2.7836     2.7836    -0.0000
  8   0     0.8473     1.0000     0.1527     0.9292     0.9292     0.0000
  9   0     0.8537     1.0000     0.1463     0.9395     0.9395    -0.0000
 10   0     0.8469     1.0000     0.1531     0.9588     0.9588     0.0000
 11   0     0.8470     1.0000     0.1530     0.9320     0.9320     0.0000
 12   0     0.8264     1.0000     0.1736     0.9105     0.9105     0.0000
 13   0     0.8439     1.0000     0.1561     0.9487     0.9487    -0.0000
 14   0     0.8157     1.0000     0.1843     0.9325     0.9325     0.0000
 15   0     0.8197     1.0000     0.1803     0.9125     0.9125    -0.0000
 16   0     0.8377     1.0000     0.1623     0.9351     0.9351    -0.0000
 17   0     0.8640     1.0000     0.1360     0.9482     0.9482    -0.0000
 18   0     0.6747     1.0000     0.3253     0.8280     0.8280    -0.0000
 19   0     0.6853     1.0000     0.3147     0.8298     0.8298     0.0000
      Bond orders larger than 0.1000000
           Atom A     A.N. of A          Atom B    A.N. of B              Bond order
                0             6               1            6                0.956332
                0             6               7            7                0.859576
                0             6               8            1                0.982238
                0             6               9            1                0.977887
                1             6               2            6                0.933099
                1             6               6            7               -0.119640
                1             6              10            1                0.986385
                1             6              11            1                1.002295
                2             6               3            6                0.844250
                2             6               6            7                1.223054
                2             6              12            1                0.851261
                3             6               4            6                0.893914
                3             6               5            6                0.121345
                3             6              13            1                0.991865
                3             6              14            1                1.020211
                4             6               5            6                0.752125
                4             6               7            7                1.159924
                4             6              15            1                0.873398
                4             6              16            1               -0.109364
                5             6               6            7                0.940884
                5             6              16            1                1.021880
                5             6              17            1                0.986032
                6             7              18            1                0.845017
                7             7              19            1                0.854034
# -----------------------------------------------------------
$ VdW_Correction
   description: The Van der Waals Correction
   geom. index: 7
   prop. index: 1
        Van der Waals Correction:       -0.0363639689
# -----------------------------------------------------------
$ SCF_Electric_Properties
   description: The SCF Calculated Electric Properties
   geom. index: 7
   prop. index: 1
       Filename                          : file.scfp 
       Do Dipole Moment Calculation      : true 
       Do Quadrupole Moment Calculation  : false 
       Do Polarizability Calculation     : false 
** Dipole moment part of electric properties **
        Magnitude of dipole moment (Debye) :        1.2498016190
        Electronic Contribution:
                  0    
      0      -0.396704
      1      -0.317671
      2       0.318097
        Nuclear Contribution:
                  0    
      0       0.004196
      1       0.255949
      2      -0.028448
        Total Dipole moment:
                  0    
      0      -0.392508
      1      -0.061722
      2       0.289649
# -------------------------------------------------------------
----------------------- !GEOMETRIES! ------------------------
# -------------------------------------------------------------
------------------------ !GEOMETRY! -------------------------
    Number of atoms:    20 
    Geometry Index:     1 
    Coordinates:
               0 C      1.611000000000   -0.278000000000   -0.529300000000
               1 C      0.840700000000    0.961300000000   -1.048100000000
               2 C     -0.537700000000    1.082500000000   -0.367800000000
               3 C     -1.310300000000   -0.191600000000   -0.644100000000
               4 C     -0.576600000000   -1.122500000000    0.284700000000
               5 C     -0.430200000000   -0.260700000000    1.544800000000
               6 N     -0.355500000000    1.137000000000    1.089900000000
               7 N      0.734900000000   -1.455600000000   -0.318400000000
               8 H      2.127400000000   -0.015200000000    0.420800000000
               9 H      2.401400000000   -0.544200000000   -1.262700000000
              10 H      1.437400000000    1.878100000000   -0.851400000000
              11 H      0.704300000000    0.878700000000   -2.148900000000
              12 H     -1.080700000000    1.977700000000   -0.745400000000
              13 H     -2.374000000000   -0.079600000000   -0.335300000000
              14 H     -1.261800000000   -0.517500000000   -1.707300000000
              15 H     -1.160600000000   -2.048900000000    0.478400000000
              16 H      0.479500000000   -0.527900000000    2.123400000000
              17 H     -1.316400000000   -0.409500000000    2.203500000000
              18 H     -1.163400000000    1.663200000000    1.499800000000
              19 H      1.230600000000   -2.127300000000    0.313300000000
------------------------ !GEOMETRY! -------------------------
    Number of atoms:    20 
    Geometry Index:     2 
    Coordinates:
               0 C      1.598349568733   -0.271898739401   -0.511942957829
               1 C      0.840213531301    0.950738955418   -1.054035859086
               2 C     -0.532713490510    1.094338506458   -0.385613226613
               3 C     -1.325410353355   -0.190535398800   -0.648783182086
               4 C     -0.562615713744   -1.129325135286    0.284218176361
               5 C     -0.435403867172   -0.261773728572    1.561297565634
               6 N     -0.372432228728    1.142354142258    1.085150516786
               7 N      0.727411096627   -1.451155945401   -0.340366921290
               8 H      2.080051702490    0.015355517501    0.436843540532
               9 H      2.396107224507   -0.542630630457   -1.212659542935
              10 H      1.439878464998    1.846431286357   -0.859432547656
              11 H      0.703034770050    0.864655356241   -2.139545068141
              12 H     -1.039343905941    1.997300627654   -0.741883221803
              13 H     -2.371829987544   -0.083508730131   -0.336938626488
              14 H     -1.286637893087   -0.525357898993   -1.688888841323
              15 H     -1.100020235305   -2.062856049181    0.476094197396
              16 H      0.467588752749   -0.520958129246    2.128805560763
              17 H     -1.300152297221   -0.418081171199    2.219245764570
              18 H     -1.138543201283    1.666958937674    1.482904964802
              19 H      1.212468062436   -2.120051772894    0.245429708407
------------------------ !GEOMETRY! -------------------------
    Number of atoms:    20 
    Geometry Index:     3 
    Coordinates:
               0 C      1.595758898135   -0.260649535933   -0.487439011784
               1 C      0.840055343789    0.942487498945   -1.065777369068
               2 C     -0.531014132786    1.094532688557   -0.393484458474
               3 C     -1.336795575234   -0.187791539851   -0.645189676441
               4 C     -0.560450702433   -1.130043352006    0.278843525446
               5 C     -0.428167840282   -0.263898454288    1.558017910584
               6 N     -0.363558219269    1.139756176789    1.078685329477
               7 N      0.723253150492   -1.441020805419   -0.365572376572
               8 H      2.022626811690    0.040340006002    0.482969782123
               9 H      2.429912539161   -0.525715161053   -1.146209516700
              10 H      1.437820946420    1.843682661770   -0.891757701830
              11 H      0.700709758162    0.828081278322   -2.148012917841
              12 H     -1.027611909402    2.006737501765   -0.740031136000
              13 H     -2.376785369485   -0.074490830793   -0.315247986460
              14 H     -1.316565198962   -0.528419466679   -1.683795791248
              15 H     -1.081985475047   -2.072213733872    0.472591735838
              16 H      0.475519453497   -0.525301581502    2.122806211543
              17 H     -1.290984555735   -0.420818911700    2.217967457367
              18 H     -1.120027763100    1.677218805614    1.485044595894
              19 H      1.208289840387   -2.142473244667    0.185491394143
------------------------ !GEOMETRY! -------------------------
    Number of atoms:    20 
    Geometry Index:     4 
    Coordinates:
               0 C      1.596057940067   -0.247371241178   -0.467205682456
               1 C      0.840058744231    0.937397479864   -1.078386819326
               2 C     -0.527872000781    1.093725864806   -0.397182669788
               3 C     -1.342815677903   -0.185881512715   -0.641310459092
               4 C     -0.558929459782   -1.131920288004    0.274702113286
               5 C     -0.426553774077   -0.268543469371    1.555288212155
               6 N     -0.349005973851    1.133597531733    1.074636195726
               7 N      0.723623431158   -1.428591425664   -0.380235168642
               8 H      1.970731789548    0.066115007888    0.520919033441
               9 H      2.463441287589   -0.505350664771   -1.084925258336
              10 H      1.434151264586    1.846980591688   -0.935655500660
              11 H      0.693352824466    0.785974808434   -2.155353442149
              12 H     -1.022566801735    2.010847767565   -0.734839067033
              13 H     -2.376795659130   -0.065412118401   -0.294028532638
              14 H     -1.340897639450   -0.528662561508   -1.679649723048
              15 H     -1.071504432264   -2.079641119081    0.468147867497
              16 H      0.472204378810   -0.536883859269    2.125071259208
              17 H     -1.295048825638   -0.420884988300    2.209733413113
              18 H     -1.087761780348    1.686404014514    1.491246339177
              19 H      1.206130364503   -2.161899818230    0.128927889563
------------------------ !GEOMETRY! -------------------------
    Number of atoms:    20 
    Geometry Index:     5 
    Coordinates:
               0 C      1.598977084489   -0.245370315816   -0.468247723055
               1 C      0.840541862084    0.938292098446   -1.079781109446
               2 C     -0.526886886385    1.093385933274   -0.395945529676
               3 C     -1.341789442646   -0.186138927541   -0.640398517679
               4 C     -0.557889624217   -1.132419214282    0.275188156310
               5 C     -0.431067926216   -0.269920494629    1.556455934558
               6 N     -0.346684281433    1.131386780732    1.075521107616
               7 N      0.726017711610   -1.425832371433   -0.377219051311
               8 H      1.974073835933    0.069651321533    0.519065292550
               9 H      2.466361460048   -0.503914302035   -1.085612939028
              10 H      1.433004919559    1.850008423769   -0.944839305845
              11 H      0.689569338792    0.779654179315   -2.155075060945
              12 H     -1.023475558949    2.009903590062   -0.732140227233
              13 H     -2.375066982736   -0.065027268603   -0.291345544513
              14 H     -1.341777642345   -0.527805214934   -1.679062237053
              15 H     -1.069611608394   -2.080869645533    0.466699228476
              16 H      0.462553026156   -0.541122618441    2.132981925405
              17 H     -1.305325370859   -0.419729538964    2.203825153163
              18 H     -1.079466900473    1.690437598069    1.495188349252
              19 H      1.207942985980   -2.164570012987    0.124642098454
------------------------ !GEOMETRY! -------------------------
    Number of atoms:    20 
    Geometry Index:     6 
    Coordinates:
               0 C      1.598993857047   -0.244942805265   -0.467626786791
               1 C      0.840180428017    0.938340513727   -1.079739509626
               2 C     -0.527219827055    1.093304873797   -0.395559603194
               3 C     -1.341449254169   -0.186345215416   -0.640448150565
               4 C     -0.557554780770   -1.132379931895    0.275201845283
               5 C     -0.431120669519   -0.269979510720    1.556544494897
               6 N     -0.346234797795    1.130959965448    1.075522972613
               7 N      0.726284401047   -1.425527609377   -0.376886317649
               8 H      1.974670290433    0.069946370496    0.519594094898
               9 H      2.466064150014   -0.503519060100   -1.085436744666
              10 H      1.432203148619    1.850554521307   -0.946216463964
              11 H      0.688968018594    0.778230907446   -2.154814688499
              12 H     -1.024780933702    2.009255838323   -0.731885284754
              13 H     -2.374971737848   -0.065726464530   -0.291924989255
              14 H     -1.340785019048   -0.527374045085   -1.679347026222
              15 H     -1.069812747078   -2.080617876126    0.466316560251
              16 H      0.461583428327   -0.541368351547    2.134459903379
              17 H     -1.306649200573   -0.419549537855    2.202269773805
              18 H     -1.076283750510    1.692157525178    1.496558244168
              19 H      1.207914995971   -2.165420107806    0.123317675892
------------------------ !GEOMETRY! -------------------------
    Number of atoms:    20 
    Geometry Index:     7 
    Coordinates:
               0 C      1.598977286353   -0.244866690371   -0.467779280962
               1 C      0.840012647602    0.938346966557   -1.079781556970
               2 C     -0.527311391436    1.093205123654   -0.395503320234
               3 C     -1.341383321977   -0.186478330092   -0.640477140465
               4 C     -0.557548836357   -1.132442672771    0.275247548233
               5 C     -0.431464687263   -0.270067362362    1.556653072544
               6 N     -0.346049891489    1.130715718092    1.075478316622
               7 N      0.726417039863   -1.425527895519   -0.376645977408
               8 H      1.975081608697    0.070061984278    0.519252728184
               9 H      2.465714376691   -0.503477400092   -1.086053464168
              10 H      1.431998152041    1.850556685287   -0.946065479995
              11 H      0.688901118644    0.778475210665   -2.154905795415
              12 H     -1.025033573309    2.009054256361   -0.731849267904
              13 H     -2.375049471148   -0.066114372116   -0.292305495579
              14 H     -1.340270300759   -0.527426399061   -1.679398649175
              15 H     -1.069848490101   -2.080676489051    0.466243146075
              16 H      0.460955434030   -0.541568664949    2.134956581588
              17 H     -1.307342613437   -0.419536055679    2.201945190715
              18 H     -1.074877258455    1.693004629650    1.497161874582
              19 H      1.208122171811   -2.165238242478    0.123726969732
