    51
     1   -3.581944   -3.907966    0.622865      1
     2    0.169930   -1.905084    3.310716      1
     3   -3.233417   -1.972271    1.090692      1
     4   -4.344488   -1.405050    2.684924      1
     5    1.096132   -2.737566   -0.381828      1
     6    4.569698   -2.333291    1.365195      1
     7    0.338581   -2.659943   -2.086169      1
     8   -0.437860   -1.364379    1.447920      1
     9    4.709817   -2.842475   -1.878867      1
    10    3.712343   -1.850756   -0.416131      1
    11   -3.565831   -1.414468   -3.887332      1
    12   -4.188170   -0.040217   -1.551710      1
    13   -6.737050    0.969345   -1.167977      1
    14   -0.215017    1.550822    1.222525      1
    15   -1.028785    2.363828    2.898892      1
    16    3.910469    1.004943   -0.811077      1
    17    2.435818    2.273745    1.154444      1
    18   -1.829510    2.391187   -1.076775      1
    19    5.841302    1.609786   -0.641013      1
    20    3.284903    1.460367   -2.710444      1
    21   -0.758635    2.488760   -2.789075      1
    22   -2.794788    4.140978   -0.769751      1
    23    2.630123    4.122947    1.078928      1
    24   -3.460862   -3.224276    0.780464      2
    25   -3.945880   -1.597483    2.111861      2
    26   -0.050067   -1.708186    2.641342      2
    27   -1.807614   -1.662060    1.258706      2
    28    0.513386   -2.666488   -1.694969      2
    29    0.190533   -1.899508    0.682081      2
    30    4.255229   -2.153660    0.721359      2
    31    2.666709   -2.173387   -0.407555      2
    32    4.342552   -2.477128   -1.351406      2
    33   -3.672627   -1.106817   -0.096213      2
    34   -1.239899   -2.039088   -2.636083      2
    35   -1.449421   -1.650593   -1.631269      3
    36   -3.947805   -0.572503   -2.458663      2
    37   -0.325902    0.072370    1.323486      2
    38   -2.037513    0.123098    0.141478      3
    39    1.727352   -0.132122    0.319209      3
    40   -5.178500    0.351875   -1.404287      2
    41    3.804906   -0.442027   -0.610388      2
    42   -2.896598    1.304178   -1.290584      2
    43   -0.736777    2.069551    2.286705      2
    44    0.851326    1.851869    1.159383      2
    45   -0.994524    1.948748    0.102426      2
    46    3.312469    1.511106   -0.059347      2
    47    5.136558    1.390197   -0.699948      2
    48    3.508635    1.292187   -2.004581      2
    49   -1.140962    2.445335   -2.179071      2
    50   -2.454891    3.511906   -0.874335      2
    51    2.579034    3.683957    1.088736      2
