    21
     1   -2.361794   -3.489026    0.322922      1
     2    2.225234   -3.256201   -0.663313      1
     3   -1.337837   -1.772948    0.210910      1
     4    1.200972   -1.757397   -0.342100      1
     5   -2.095054    0.695872    0.536995      1
     6   -3.952195    1.303162    0.981920      1
     7    2.079522    0.687570   -0.374328      1
     8    3.999839    1.092168   -0.767444      1
     9    0.075974    2.258702    0.165412      1
    10    0.151913    4.257926    0.279242      1
    11   -1.986923   -2.876069    0.280912      2
    12    1.999162   -2.925393   -0.592416      2
    13   -0.495961   -1.783691    0.026507      2
    14   -1.752837   -0.496805    0.384629      2
    15   -0.004260    0.006123    0.035910      3
    16    1.802780   -0.128578   -0.367185      2
    17   -3.274772    1.082568    0.819685      2
    18   -1.026605    1.502304    0.356551      2
    19    3.310826    0.938824   -0.626915      2
    20    1.051886    1.522451   -0.095596      2
    21    0.123379    3.528974    0.237922      2
