    39
     1   -1.425559   -4.284670   -1.084099      1
     2    2.205453   -4.069612    0.962878      1
     3   -4.102108   -1.646103    1.619945      1
     4    0.680044   -1.856242    2.851952      1
     5    1.186393   -2.316953    0.926381      1
     6   -0.969897   -2.517684   -0.755320      1
     7   -3.174190   -1.008987   -0.095413      1
     8   -4.509335   -1.210691   -1.615478      1
     9    5.118027   -0.330275    1.556043      1
    10    3.920053   -1.093182   -2.365331      1
    11    3.036871   -0.325838   -0.035263      1
    12   -1.989169    2.172045    2.181076      1
    13   -2.490211    1.811562    0.243600      1
    14   -4.158376    2.916351   -0.123127      1
    15    2.083171    2.394079   -0.237790      1
    16   -0.499101    2.064831   -3.039904      1
    17    2.099102    3.178947    1.635938      1
    18   -0.416471    2.751458   -1.310894      1
    19    3.447845    3.417735   -1.337572      1
    20   -1.320671   -3.871629   -0.998012      2
    21    1.838587   -3.439592    0.943185      2
    22    0.859831   -2.015509    2.146445      2
    23    0.305116   -2.396108    0.270015      2
    24   -3.753638   -1.410907    0.989660      2
    25   -2.306499   -1.604391   -0.325204      2
    26   -4.018163   -1.136251   -1.060780      2
    27    2.062499   -1.368105    0.469771      2
    28    3.733547   -0.327072    0.491325      2
    29    3.335562   -0.583154   -0.807657      2
    30   -2.808332    0.410850    0.069304      2
    31    0.165124    0.002259   -0.721135      3
    32   -2.165273    2.033503    1.468738      2
    33    2.522211    1.113316   -0.148199      2
    34   -1.652093    2.153082   -0.380669      2
    35   -3.552942    2.508350    0.004977      2
    36    1.069481    2.499461   -0.667846      2
    37    2.086926    2.886124    0.961008      2
    38   -0.479115    2.218496   -2.633453      2
    39    2.959344    3.043513   -0.947812      2
