-------------------------------------------------------------
----------------------- !PROPERTIES! ------------------------
-------------------------------------------------------------
# -----------------------------------------------------------
$ PAL_Flags
   description: The PAL Flags
   geom. index: 1
   prop. index: 1
        Diskflag:     2
# -----------------------------------------------------------
$ SCF_Energy
   description: The SCF energy
   geom. index: 1
   prop. index: 1
        SCF Energy:     -505.8836084986
# -----------------------------------------------------------
$ DFT_Energy
   description: The DFT energy
   geom. index: 1
   prop. index: 1
   Number of Alpha Electrons                 36.0000032477 
   Number of Beta  Electrons                 36.0000032477 
   Total number of  Electrons                72.0000064954 
   Exchange energy                          -42.7108897308 
   Correlation energy                        -3.0565481676 
   Correlation energy NL                      0.0000000000 
   Exchange-Correlation energy              -45.7674378984 
   Embedding correction                       0.0000000000 
   Total DFT Energy (No VdW correction)    -505.8836084986 
# -----------------------------------------------------------
$ Mayer_Pop
   description: The Mayer population analysis
   geom. index: 1
   prop. index: 1
     Number of atoms                     : 19
     Threshold for printing              : 0.1000000
     Number of bond orders printed       : 23
  NA   - Mulliken gross atomic population
  ZA   - Total nuclear charge
  QA   - Mulliken gross atomic charge
  VA   - Mayer's total valence
  BVA  - Mayer's bonded valence
  FA   - Mayer's free valence
  ATOM       NA         ZA         QA         VA         BVA        FA
  0   0     9.2881     9.0000    -0.2881     0.7762     0.7762     0.0000
  1   0     5.6507     6.0000     0.3493     4.0485     4.0485    -0.0000
  2   0     9.2788     9.0000    -0.2788     0.8167     0.8167    -0.0000
  3   0     6.2786     6.0000    -0.2786     3.7776     3.7776     0.0000
  4   0     7.3639     7.0000    -0.3639     2.6082     2.6082    -0.0000
  5   0     6.2842     6.0000    -0.2842     3.7513     3.7513    -0.0000
  6   0     6.2220     6.0000    -0.2220     3.6638     3.6638    -0.0000
  7   0     7.3763     7.0000    -0.3763     2.5537     2.5537     0.0000
  8   0     6.2629     6.0000    -0.2629     3.6392     3.6392     0.0000
  9   0     0.8158     1.0000     0.1842     0.9246     0.9246     0.0000
 10   0     0.8270     1.0000     0.1730     0.9201     0.9201     0.0000
 11   0     0.6778     1.0000     0.3222     0.8347     0.8347    -0.0000
 12   0     0.8405     1.0000     0.1595     0.9317     0.9317     0.0000
 13   0     0.8606     1.0000     0.1394     0.9378     0.9378     0.0000
 14   0     0.8219     1.0000     0.1781     0.9383     0.9383    -0.0000
 15   0     0.8540     1.0000     0.1460     0.9414     0.9414     0.0000
 16   0     0.6735     1.0000     0.3265     0.8546     0.8546     0.0000
 17   0     0.8226     1.0000     0.1774     0.9252     0.9252    -0.0000
 18   0     0.8008     1.0000     0.1992     0.9123     0.9123     0.0000
      Bond orders larger than 0.1000000
           Atom A     A.N. of A          Atom B    A.N. of B              Bond order
                0             9               1            6                1.063505
                0             9               3            6               -0.139919
                0             9               8            6               -0.128014
                1             6               2            9                1.070318
                1             6               3            6                1.051350
                1             6               8            6                1.011145
                2             9               3            6               -0.135869
                2             9               8            6               -0.111722
                3             6               4            7                1.045255
                3             6               9            1                0.963056
                3             6              10            1                0.959970
                4             7               5            6                0.917878
                4             7              11            1                0.853188
                5             6               6            6                0.930801
                5             6              12            1                0.984993
                5             6              13            1                0.987454
                6             6               7            7                0.858774
                6             6              14            1                0.986306
                6             6              15            1                0.987209
                7             7               8            6                0.942329
                7             7              16            1                0.857095
                8             6              17            1                0.949899
                8             6              18            1                0.980412
# -----------------------------------------------------------
$ VdW_Correction
   description: The Van der Waals Correction
   geom. index: 1
   prop. index: 1
        Van der Waals Correction:       -0.0307711571
# -----------------------------------------------------------
$ Hessian
   description: Details about the Hessian
   geom. index: 1
   prop. index: 1
Normal modes:
Number of Rows: 57 Number of Columns: 57
                  0          1          2          3          4          5    
      0       0.000000   0.000000   0.000000   0.000000   0.000000   0.000000
      1       0.000000   0.000000   0.000000   0.000000   0.000000   0.000000
      2       0.000000   0.000000   0.000000   0.000000   0.000000   0.000000
      3       0.000000   0.000000   0.000000   0.000000   0.000000   0.000000
      4       0.000000   0.000000   0.000000   0.000000   0.000000   0.000000
      5       0.000000   0.000000   0.000000   0.000000   0.000000   0.000000
      6       0.000000   0.000000   0.000000   0.000000   0.000000   0.000000
      7       0.000000   0.000000   0.000000   0.000000   0.000000   0.000000
      8       0.000000   0.000000   0.000000   0.000000   0.000000   0.000000
      9       0.000000   0.000000   0.000000   0.000000   0.000000   0.000000
     10       0.000000   0.000000   0.000000   0.000000   0.000000   0.000000
     11       0.000000   0.000000   0.000000   0.000000   0.000000   0.000000
     12       0.000000   0.000000   0.000000   0.000000   0.000000   0.000000
     13       0.000000   0.000000   0.000000   0.000000   0.000000   0.000000
     14       0.000000   0.000000   0.000000   0.000000   0.000000   0.000000
     15       0.000000   0.000000   0.000000   0.000000   0.000000   0.000000
     16       0.000000   0.000000   0.000000   0.000000   0.000000   0.000000
     17       0.000000   0.000000   0.000000   0.000000   0.000000   0.000000
     18       0.000000   0.000000   0.000000   0.000000   0.000000   0.000000
     19       0.000000   0.000000   0.000000   0.000000   0.000000   0.000000
     20       0.000000   0.000000   0.000000   0.000000   0.000000   0.000000
     21       0.000000   0.000000   0.000000   0.000000   0.000000   0.000000
     22       0.000000   0.000000   0.000000   0.000000   0.000000   0.000000
     23       0.000000   0.000000   0.000000   0.000000   0.000000   0.000000
     24       0.000000   0.000000   0.000000   0.000000   0.000000   0.000000
     25       0.000000   0.000000   0.000000   0.000000   0.000000   0.000000
     26       0.000000   0.000000   0.000000   0.000000   0.000000   0.000000
     27       0.000000   0.000000   0.000000   0.000000   0.000000   0.000000
     28       0.000000   0.000000   0.000000   0.000000   0.000000   0.000000
     29       0.000000   0.000000   0.000000   0.000000   0.000000   0.000000
     30       0.000000   0.000000   0.000000   0.000000   0.000000   0.000000
     31       0.000000   0.000000   0.000000   0.000000   0.000000   0.000000
     32       0.000000   0.000000   0.000000   0.000000   0.000000   0.000000
     33       0.000000   0.000000   0.000000   0.000000   0.000000   0.000000
     34       0.000000   0.000000   0.000000   0.000000   0.000000   0.000000
     35       0.000000   0.000000   0.000000   0.000000   0.000000   0.000000
     36       0.000000   0.000000   0.000000   0.000000   0.000000   0.000000
     37       0.000000   0.000000   0.000000   0.000000   0.000000   0.000000
     38       0.000000   0.000000   0.000000   0.000000   0.000000   0.000000
     39       0.000000   0.000000   0.000000   0.000000   0.000000   0.000000
     40       0.000000   0.000000   0.000000   0.000000   0.000000   0.000000
     41       0.000000   0.000000   0.000000   0.000000   0.000000   0.000000
     42       0.000000   0.000000   0.000000   0.000000   0.000000   0.000000
     43       0.000000   0.000000   0.000000   0.000000   0.000000   0.000000
     44       0.000000   0.000000   0.000000   0.000000   0.000000   0.000000
     45       0.000000   0.000000   0.000000   0.000000   0.000000   0.000000
     46       0.000000   0.000000   0.000000   0.000000   0.000000   0.000000
     47       0.000000   0.000000   0.000000   0.000000   0.000000   0.000000
     48       0.000000   0.000000   0.000000   0.000000   0.000000   0.000000
     49       0.000000   0.000000   0.000000   0.000000   0.000000   0.000000
     50       0.000000   0.000000   0.000000   0.000000   0.000000   0.000000
     51       0.000000   0.000000   0.000000   0.000000   0.000000   0.000000
     52       0.000000   0.000000   0.000000   0.000000   0.000000   0.000000
     53       0.000000   0.000000   0.000000   0.000000   0.000000   0.000000
     54       0.000000   0.000000   0.000000   0.000000   0.000000   0.000000
     55       0.000000   0.000000   0.000000   0.000000   0.000000   0.000000
     56       0.000000   0.000000   0.000000   0.000000   0.000000   0.000000
                  6          7          8          9         10         11    
      0       0.095105  -0.022339   0.099979   0.181925  -0.015977  -0.082528
      1      -0.042245   0.072075   0.169249  -0.097538   0.108173  -0.196075
      2      -0.127387   0.014603  -0.095454  -0.106780  -0.024007   0.019198
      3      -0.016242  -0.000619   0.003805   0.130698  -0.004388  -0.008626
      4       0.024190   0.007060  -0.080566   0.002167  -0.069057   0.015279
      5       0.060296  -0.028005   0.034365  -0.028802  -0.061675  -0.077691
      6      -0.234618   0.041070  -0.061984   0.216572   0.138758   0.083210
      7       0.040668  -0.137954  -0.256810  -0.000079   0.016363  -0.050104
      8       0.004720   0.021877   0.070113  -0.004966  -0.055976  -0.040887
      9      -0.006471  -0.032012   0.039900  -0.044814   0.071095   0.035456
     10       0.061296   0.057040  -0.095444   0.183764  -0.157375   0.092746
     11       0.168196   0.014451   0.014405   0.046852  -0.021484   0.040046
     12       0.072370   0.013182   0.105968  -0.068609  -0.101190   0.092119
     13      -0.087995   0.011491   0.134112   0.147589  -0.137778  -0.069531
     14       0.103854  -0.037403  -0.137934   0.047207   0.200144   0.059253
     15       0.017130  -0.022731   0.066478  -0.201837  -0.048884   0.087064
     16      -0.020077   0.012510   0.017810   0.012189   0.091634  -0.083875
     17      -0.231980  -0.142204   0.010605  -0.041341  -0.078545   0.022380
     18       0.018283   0.051612  -0.131153  -0.209054  -0.023896  -0.103283
     19      -0.047160  -0.065647   0.089813  -0.004636   0.071333   0.003716
     20      -0.079318   0.186177  -0.066337  -0.012446  -0.024538  -0.054896
     21       0.069802  -0.061074  -0.043271  -0.074297  -0.006007  -0.091498
     22       0.034272   0.036800   0.131096  -0.175172   0.103270   0.262667
     23       0.035270   0.073172   0.092551   0.073392   0.031802   0.086022
     24       0.029901   0.024530  -0.079658  -0.029613  -0.045877  -0.005442
     25       0.033740   0.025668  -0.089614  -0.042685  -0.083945   0.079156
     26       0.118188  -0.109461   0.110242   0.061086   0.045048  -0.063518
     27       0.014530  -0.041729  -0.021229  -0.193894   0.079674   0.086556
     28       0.085700   0.058971  -0.136850   0.122770  -0.171412   0.138283
     29       0.291783   0.083537  -0.058401   0.238333  -0.198763   0.209746
     30      -0.060805  -0.063390  -0.040584  -0.033434   0.282584   0.016365
     31       0.161862   0.108215  -0.177395   0.398864  -0.227130   0.252762
     32       0.121011  -0.013493   0.011124  -0.016192   0.070232  -0.011292
     33       0.081761   0.031746   0.089604   0.025273  -0.207288   0.122394
     34      -0.087091   0.006552   0.133459   0.119629  -0.098442  -0.076906
     35       0.185787  -0.040801  -0.330255   0.007840   0.347891   0.127127
     36       0.236155   0.130325  -0.011189  -0.101474   0.132054   0.053742
     37       0.038229   0.204810  -0.096079  -0.015157   0.148811  -0.199557
     38      -0.444083  -0.308988   0.097420  -0.133384  -0.255952   0.068038
     39      -0.279946  -0.238913   0.227161  -0.280491  -0.336893   0.148784
     40       0.000639  -0.104626  -0.044159  -0.051428   0.186957  -0.041671
     41      -0.374118  -0.301826   0.066811  -0.110330  -0.186364   0.074323
     42       0.027894   0.029380  -0.136326  -0.127113  -0.023899  -0.164622
     43      -0.032782   0.022342  -0.016819   0.058333   0.072680  -0.161762
     44      -0.082964   0.451543  -0.280383  -0.148621  -0.026050  -0.212215
     45      -0.050852   0.223894  -0.327739  -0.313088  -0.049684  -0.282451
     46      -0.136213  -0.302670   0.211276   0.013894   0.036771   0.112489
     47      -0.048796   0.202672  -0.053823   0.002972  -0.012442  -0.042771
     48       0.148273  -0.152891  -0.037484  -0.059038  -0.027526  -0.132466
     49       0.076069   0.071467   0.240994  -0.200444   0.202751   0.527530
     50       0.013556   0.055004   0.035958   0.089833  -0.019693  -0.049416
     51      -0.025825   0.171900  -0.092675  -0.070509  -0.061974   0.118638
     52       0.005385   0.094605  -0.226206  -0.143615  -0.209802   0.057032
     53       0.125186  -0.124673   0.157946   0.094142   0.086424  -0.046761
     54       0.055039  -0.025478  -0.037830  -0.145441   0.007498  -0.050020
     55       0.044968  -0.025542  -0.040544   0.123396  -0.052351   0.072575
     56       0.169715  -0.245734   0.231180   0.103648   0.161521  -0.133844
                 12         13         14         15         16         17    
      0       0.037474   0.171509  -0.065629  -0.033482  -0.225273   0.063767
      1      -0.139910  -0.049108  -0.003110  -0.066109   0.003560  -0.006543
      2       0.030470  -0.177387  -0.113066  -0.032525  -0.196664   0.039426
      3       0.007908  -0.042757  -0.077406  -0.003728  -0.148565   0.035703
      4      -0.039081   0.042020  -0.058910   0.130251   0.047366   0.022367
      5       0.070627   0.153410  -0.014385  -0.030843   0.004680  -0.003213
      6      -0.037282   0.090333   0.105400   0.008196   0.081961  -0.023027
      7       0.068093   0.051088   0.042219  -0.135456   0.011075  -0.009143
      8       0.038782   0.250579   0.009802   0.049182   0.096891  -0.001526
      9       0.144318  -0.112280  -0.091037   0.076803   0.021253  -0.030051
     10      -0.118248  -0.123143   0.020467   0.065070  -0.027701   0.012765
     11       0.060439  -0.016243   0.115346  -0.111494   0.028330  -0.070019
     12       0.136478  -0.128888   0.054227  -0.012653   0.083609   0.005971
     13       0.140437  -0.123752  -0.011028  -0.011148   0.036537  -0.223980
     14       0.053777  -0.063264  -0.035598   0.033607   0.027412  -0.114327
     15       0.067386  -0.050416   0.104527   0.002483   0.067749   0.140899
     16       0.108765  -0.040243   0.026881   0.014570   0.025590   0.104868
     17      -0.053032   0.016990   0.021480   0.000660  -0.014872  -0.020387
     18      -0.066850   0.025585   0.107224   0.042985  -0.042950  -0.061009
     19       0.081623  -0.029524   0.011914  -0.016887   0.051784   0.174357
     20       0.056931  -0.021235   0.045689   0.009097   0.009092   0.089281
     21      -0.158196  -0.044215  -0.023146  -0.009985   0.084556  -0.057324
     22      -0.027212   0.138402   0.034773  -0.018752  -0.166935  -0.094373
     23      -0.117885  -0.055019  -0.105396  -0.076937   0.139152   0.040529
     24      -0.132342  -0.001670  -0.125458  -0.072845   0.083613  -0.032651
     25      -0.034754   0.139326  -0.090283   0.155413   0.039277   0.030411
     26      -0.104733  -0.074899   0.063568   0.115910   0.000571   0.001848
     27       0.138063  -0.042661  -0.161095   0.221518   0.157253   0.025056
     28      -0.149246  -0.101928   0.017194   0.118522   0.025526   0.072186
     29      -0.204381  -0.177878   0.440801  -0.363816  -0.168631   0.214838
     30       0.246808  -0.198262  -0.241881   0.186802   0.064084  -0.220986
     31      -0.316557  -0.348942   0.293381  -0.162163  -0.203189   0.192514
     32       0.152056   0.026206  -0.013308  -0.008761   0.097085  -0.181781
     33       0.081436  -0.166163   0.017088   0.004615   0.050730  -0.190830
     34       0.156719  -0.115281  -0.000863  -0.013604   0.046698  -0.163564
     35      -0.113663   0.003164  -0.058315   0.135868  -0.044485   0.375546
     36       0.247429  -0.165291   0.052710   0.022246   0.162878   0.117167
     37       0.144455  -0.034011   0.071444   0.038370   0.038513   0.249897
     38      -0.227407   0.124186   0.066952  -0.021394  -0.104705  -0.012010
     39      -0.122878   0.051967   0.158105  -0.041239  -0.022493   0.129894
     40       0.005420   0.034692   0.018487   0.041542  -0.054938   0.010925
     41      -0.195683   0.102533   0.045473  -0.010655  -0.096790  -0.074124
     42      -0.114427  -0.014856   0.038493   0.019549   0.029554  -0.078782
     43       0.069343  -0.040542  -0.000038   0.009225   0.006489   0.047834
     44       0.183979   0.090304   0.251442   0.144718  -0.338387  -0.146065
     45       0.076120   0.104309   0.289721   0.160371  -0.317949  -0.215482
     46       0.045571  -0.073077  -0.037932  -0.075912   0.209032   0.363783
     47       0.038659  -0.026653   0.020372  -0.002367   0.029845   0.080027
     48      -0.227443  -0.039738  -0.019294   0.089813   0.103580  -0.123525
     49      -0.183180   0.200842  -0.081024  -0.194536  -0.249338  -0.292476
     50      -0.041549  -0.089215  -0.051912   0.009037   0.187225   0.141261
     51      -0.133007   0.087772  -0.323245  -0.339419   0.314778  -0.017030
     52       0.135677   0.444247  -0.266547  -0.097365   0.226297   0.052674
     53      -0.163492  -0.170772   0.111113   0.186869  -0.049106  -0.005777
     54      -0.137273   0.016514  -0.013197  -0.077636   0.047034  -0.109944
     55      -0.107798  -0.069098  -0.009596   0.398716  -0.133211   0.077493
     56      -0.203138  -0.309093   0.332010   0.417292  -0.277417  -0.051076
                 18         19         20         21         22         23    
      0       0.013427  -0.029023   0.028376   0.007121  -0.013051   0.002616
      1       0.006454   0.005812   0.003370   0.010045  -0.001312   0.005323
      2       0.024421  -0.017640   0.008553  -0.000037  -0.007253   0.005791
      3       0.003609   0.003256  -0.003325  -0.006248   0.011763   0.023591
      4       0.000086  -0.019413   0.006058  -0.037118  -0.044011  -0.004053
      5       0.025862  -0.017455  -0.017277   0.024988   0.000126  -0.107265
      6       0.057201  -0.016723  -0.009532   0.006177  -0.010980  -0.026980
      7      -0.048516   0.019977   0.008260  -0.004043  -0.010228   0.021172
      8      -0.183800   0.056904   0.023268  -0.016137   0.023251   0.082177
      9      -0.086459   0.072574  -0.080673  -0.050248   0.108527  -0.043516
     10      -0.181185   0.021914   0.017157   0.046104  -0.033491  -0.068752
     11       0.154812  -0.027425  -0.063817  -0.072524  -0.098090  -0.063674
     12       0.003636   0.034801  -0.047614  -0.030318  -0.018505  -0.007067
     13       0.007627  -0.051699   0.037056   0.049738  -0.006061  -0.013320
     14       0.006652  -0.027043   0.064192   0.050193   0.018561   0.115906
     15      -0.009441  -0.132712   0.089096   0.122231  -0.040060   0.074392
     16      -0.026941  -0.108378  -0.036344   0.049836   0.005401   0.014233
     17       0.013316   0.029798   0.065466  -0.046694   0.038656  -0.054587
     18      -0.026913  -0.106086   0.053393  -0.043647   0.063594  -0.062055
     19       0.018677   0.100150  -0.064015  -0.101127  -0.002691   0.048164
     20       0.027658   0.110196   0.050253  -0.023223  -0.043718  -0.030897
     21       0.000805   0.029681  -0.000623  -0.051416  -0.003029  -0.026912
     22       0.020851   0.140304   0.022927   0.069441   0.005712  -0.038716
     23      -0.038848  -0.144624  -0.026987  -0.031704   0.021547   0.026966
     24       0.029202   0.129787   0.006245   0.029183  -0.099147   0.085543
     25       0.247651  -0.062482  -0.016034  -0.033446   0.031310   0.039386
     26       0.064233   0.017238  -0.039164   0.088223   0.081261  -0.054393
     27      -0.139352   0.115961  -0.098366  -0.139239  -0.027136  -0.110775
     28      -0.209001   0.055319   0.006633  -0.005946  -0.054891  -0.079898
     29       0.190266   0.080546  -0.093059  -0.148196   0.394213   0.176290
     30      -0.191765   0.062287  -0.052944   0.034792   0.073513  -0.057379
     31      -0.189941   0.123889  -0.009664   0.030176   0.468899   0.154908
     32       0.128287  -0.068173  -0.046638  -0.036714  -0.261611  -0.128614
     33      -0.005339   0.159636   0.037312  -0.119662   0.078867   0.046601
     34       0.005169  -0.093513   0.016741   0.086056  -0.033380  -0.021368
     35      -0.421764  -0.110893  -0.286307   0.272584  -0.330629  -0.583302
     36       0.043416  -0.034587   0.332403   0.037222   0.052447  -0.001359
     37       0.009442  -0.040350   0.272870  -0.112224   0.095182  -0.251651
     38      -0.039840  -0.071979  -0.198609   0.054917  -0.058908   0.049309
     39      -0.071839  -0.202652  -0.292799   0.230965  -0.198112   0.188273
     40      -0.071689  -0.291384  -0.153184   0.178871   0.069572   0.216048
     41      -0.036226  -0.087924  -0.173808   0.067678  -0.016478   0.098449
     42      -0.035405  -0.077558  -0.010400  -0.138569   0.057072  -0.082903
     43      -0.025271   0.122408  -0.351154  -0.203176  -0.005083   0.142263
     44      -0.040135   0.080094  -0.358500   0.079453  -0.031465   0.228579
     45      -0.084896  -0.090360  -0.243145  -0.050675   0.089880   0.082711
     46       0.065892   0.111496   0.352942  -0.219426   0.050446  -0.248228
     47       0.029877   0.108511   0.019241   0.000550  -0.059996   0.002437
     48       0.157937   0.070799  -0.058657   0.129509   0.114834  -0.079633
     49      -0.448159  -0.616102  -0.005030  -0.545099  -0.045140  -0.041132
     50       0.185371   0.203531  -0.017154   0.250468   0.046589   0.032637
     51       0.006605   0.094291  -0.102201   0.258081   0.109538   0.007836
     52       0.326502  -0.150952  -0.133337   0.171233   0.387726  -0.272527
     53       0.041417   0.041351  -0.006074   0.029715  -0.028000   0.046524
     54       0.000191   0.263738   0.032569   0.031771  -0.131117   0.009120
     55       0.239540  -0.125345   0.060770  -0.247069  -0.192872   0.280025
     56       0.007539   0.131617   0.098262  -0.174244  -0.253234   0.137991
                 24         25         26         27         28         29    
      0      -0.045332  -0.025106   0.005061   0.098150  -0.093690   0.001581
      1       0.001416   0.014941   0.002060  -0.002994   0.010370  -0.011857
      2      -0.013451  -0.018209   0.001039   0.065420  -0.044491  -0.003630
      3       0.057148   0.020137   0.010068  -0.193819   0.245975   0.017759
      4      -0.041809  -0.047297  -0.080604  -0.042539  -0.034757   0.096990
      5      -0.075994   0.048898  -0.018374  -0.276797   0.054827   0.049666
      6      -0.024134   0.000293  -0.009576   0.001629  -0.022611   0.000448
      7       0.024857  -0.006408   0.011267   0.019014   0.013839  -0.005191
      8       0.068132  -0.010908   0.023395   0.063968   0.019066  -0.014383
      9       0.130697  -0.034806  -0.029750  -0.048996  -0.049539  -0.016711
     10      -0.104856  -0.028815  -0.036151  -0.023748   0.000869  -0.044199
     11       0.074924  -0.080573  -0.066952   0.053975  -0.004234  -0.038700
     12      -0.039385   0.033410   0.027938   0.039494   0.030713   0.039265
     13       0.042287   0.034407   0.066141   0.038673   0.008569   0.006456
     14      -0.104446   0.016294   0.047186  -0.047814  -0.008975  -0.009632
     15      -0.023298   0.044010  -0.011896  -0.005894  -0.031540   0.006214
     16       0.113239  -0.022236  -0.088629  -0.053496  -0.072150   0.038253
     17       0.021693   0.060655  -0.067339   0.072252   0.034376   0.118915
     18      -0.018685  -0.119584   0.038241   0.027103   0.127041  -0.084890
     19      -0.166960   0.014884   0.043544   0.034789   0.067860  -0.041376
     20       0.011296   0.013040   0.069068  -0.087537  -0.115423  -0.061905
     21      -0.021180   0.011369   0.100340  -0.032223  -0.153731   0.106619
     22       0.014608  -0.057193   0.023715  -0.012634   0.020910   0.049772
     23      -0.015987  -0.073038   0.031254   0.021066   0.053017   0.051911
     24       0.087443   0.081426  -0.107389  -0.014095   0.059724  -0.079301
     25       0.075435   0.050221   0.061320   0.048798  -0.012883  -0.046100
     26      -0.048782   0.069131  -0.079177   0.057574   0.016268  -0.103987
     27      -0.048952  -0.178260  -0.353986  -0.007676  -0.301794   0.122657
     28      -0.175972  -0.090542  -0.203152  -0.016222  -0.153438   0.050659
     29       0.359998   0.073783  -0.005571  -0.108671  -0.112270   0.161214
     30       0.095982  -0.080437   0.080158   0.116276  -0.124200  -0.424400
     31       0.231761   0.114693   0.144921  -0.020666  -0.178033  -0.102361
     32      -0.041917  -0.132356  -0.079647   0.096117   0.028799  -0.150671
     33      -0.302505  -0.068139  -0.028967  -0.074926   0.078779  -0.075475
     34       0.114174   0.069013   0.090982   0.068526  -0.005932   0.039394
     35       0.389631   0.326657   0.461198   0.350662   0.266984   0.138945
     36      -0.058637   0.236559  -0.066936   0.191054   0.083671   0.298189
     37       0.203510  -0.001368  -0.315027   0.044679   0.001034  -0.015564
     38       0.044175  -0.121808   0.008845  -0.125958  -0.087223  -0.141879
     39      -0.026665  -0.117323   0.196199  -0.170472  -0.165125  -0.307670
     40       0.112460  -0.233953  -0.213636  -0.278540  -0.108230   0.058181
     41       0.011742  -0.107775  -0.009772  -0.115061  -0.051252  -0.034752
     42      -0.043214  -0.181160   0.194935   0.006485   0.079865  -0.013620
     43      -0.289407   0.042578   0.158336   0.096350   0.065146   0.151767
     44      -0.168738   0.270860  -0.172051   0.109804   0.003368   0.152666
     45      -0.220369   0.177490  -0.194700   0.313200   0.303924   0.080074
     46      -0.035897  -0.020749  -0.025494   0.082882   0.192550  -0.334881
     47       0.019180  -0.032086   0.127167  -0.151407  -0.175635  -0.031749
     48      -0.021630   0.010377   0.036432   0.188822  -0.139382   0.301613
     49      -0.044274   0.509914  -0.139726  -0.103799  -0.216040  -0.208374
     50       0.007146  -0.339710   0.112591   0.064260   0.164563   0.169354
     51      -0.078332  -0.008588  -0.312847   0.432343   0.199430  -0.014032
     52      -0.192595   0.204434   0.097860  -0.140075  -0.169519  -0.238922
     53       0.035238   0.016082  -0.102640   0.140130   0.083887  -0.038307
     54       0.075174   0.159946  -0.047511  -0.168182  -0.304052  -0.162842
     55       0.279342  -0.042099   0.102891   0.034393   0.314974   0.097583
     56       0.187402   0.059202   0.048945  -0.175606  -0.085008  -0.043721
                 30         31         32         33         34         35    
      0      -0.045428   0.024370   0.001271  -0.011091  -0.000940  -0.002522
      1      -0.004722  -0.006064   0.016258   0.000479   0.002409   0.013011
      2      -0.012487   0.003375  -0.004786   0.004117   0.000644  -0.004939
      3       0.154666  -0.127103  -0.024098   0.074199   0.002059  -0.005848
      4       0.037829   0.057788  -0.207315   0.018901  -0.052494  -0.151847
      5      -0.054997   0.115637   0.043152  -0.122802  -0.014315   0.033239
      6      -0.015285   0.017832   0.001149  -0.007568  -0.000669   0.000496
      7       0.004155  -0.013106   0.016548   0.001128   0.006328   0.012883
      8       0.027454  -0.042579  -0.000950   0.023693   0.004236  -0.001526
      9       0.072315   0.099782  -0.018546  -0.020086   0.015109  -0.002045
     10       0.042571  -0.033141   0.104850   0.008760   0.015571   0.017943
     11       0.137524  -0.001033   0.016237   0.035872   0.009211  -0.017372
     12      -0.223776  -0.140552   0.000109   0.000580  -0.010725  -0.030645
     13       0.009509   0.076187  -0.054874  -0.005717   0.018361   0.020095
     14      -0.055466  -0.029902  -0.059760  -0.025316  -0.034729   0.024971
     15       0.163168   0.076784   0.030761   0.015269  -0.013160   0.002023
     16      -0.112917  -0.115493   0.017211   0.005872  -0.037589   0.024670
     17      -0.026099  -0.007249   0.083551   0.050058  -0.022556  -0.010829
     18      -0.091841   0.071198  -0.038814   0.022977   0.018027   0.009224
     19       0.059391   0.074204   0.006227   0.003735   0.037563  -0.011849
     20       0.019842  -0.065900  -0.081273   0.006309   0.048706   0.022223
     21       0.112571  -0.094426   0.012499  -0.014777   0.032553  -0.002418
     22       0.008964  -0.013625   0.004375   0.004068  -0.013456   0.007270
     23      -0.017529   0.056215   0.070472  -0.029183  -0.000436  -0.034818
     24      -0.093628   0.075089   0.016707   0.010945  -0.014081   0.019542
     25      -0.036262   0.000180   0.067731  -0.030441   0.014873   0.017144
     26       0.006766  -0.037304  -0.064595   0.071862  -0.002699   0.018218
     27      -0.071346   0.243796  -0.022590   0.062205   0.095937   0.589548
     28      -0.058559   0.074391   0.074234   0.041089   0.053787   0.337268
     29      -0.075252   0.225125  -0.258637  -0.030665  -0.014684   0.067652
     30       0.330040  -0.007188   0.447506  -0.187457  -0.156328  -0.213534
     31      -0.003152   0.210745   0.063882  -0.174414  -0.093325  -0.079391
     32       0.230145  -0.113012   0.164711   0.032030  -0.023740  -0.061353
     33      -0.351966  -0.286767   0.142195  -0.097284   0.043715  -0.103830
     34       0.041634   0.118954  -0.102536   0.018292  -0.003413   0.044584
     35      -0.238245   0.136149  -0.146695  -0.018145   0.076028  -0.038420
     36       0.123416   0.236354   0.151572   0.207859   0.115359   0.012920
     37       0.040741  -0.331267   0.181132  -0.246483  -0.453144  -0.095021
     38      -0.018226  -0.140716  -0.045723  -0.099377  -0.096060  -0.006077
     39       0.120233  -0.070489  -0.213872  -0.180338  -0.246933   0.134072
     40      -0.309801  -0.090331   0.124614   0.153221   0.553560  -0.237812
     41      -0.117399  -0.060057  -0.005637   0.016097   0.121084  -0.051790
     42      -0.176784   0.105693  -0.073863   0.242514  -0.291711   0.130939
     43       0.010102   0.156827   0.054417   0.253071  -0.373547   0.111234
     44       0.207779  -0.008919   0.132574  -0.158313   0.137921  -0.094830
     45       0.141615   0.070794   0.050899  -0.292919   0.050771  -0.097106
     46      -0.016970  -0.080339  -0.268357  -0.365445   0.259940  -0.063954
     47      -0.003319  -0.034203  -0.040677   0.140778   0.002401   0.051704
     48       0.292755  -0.326316  -0.016229  -0.308852   0.053226   0.054990
     49       0.055999  -0.137313  -0.159896   0.026059   0.029375   0.054603
     50      -0.040977   0.120244   0.152730  -0.039516  -0.015803  -0.061869
     51       0.116591  -0.149786  -0.430438  -0.206798   0.017691   0.091560
     52       0.072839  -0.131199   0.155158   0.376454   0.006951  -0.035595
     53      -0.020451  -0.004808  -0.114420  -0.083795   0.002881   0.046930
     54      -0.273902   0.321245   0.149011   0.079073  -0.049495  -0.374763
     55       0.033001  -0.102363   0.095373  -0.170571   0.050019   0.334296
     56      -0.181256   0.203984   0.155908  -0.018034  -0.011972  -0.135183
                 36         37         38         39         40         41    
      0       0.002877  -0.004284  -0.005717  -0.007961   0.008736  -0.001530
      1      -0.000384   0.002266   0.000765  -0.001178  -0.000765   0.000171
      2      -0.004384  -0.000540  -0.002805  -0.003283   0.004092  -0.000690
      3      -0.033110   0.013495   0.046197   0.059687  -0.081303   0.012462
      4       0.015568  -0.083127  -0.002973  -0.015566  -0.011984   0.006751
      5       0.075997  -0.005807  -0.005728   0.001029   0.007113  -0.006662
      6       0.003753  -0.001441  -0.003914  -0.004931   0.006340  -0.001040
      7      -0.003356   0.008728   0.001475   0.001871  -0.001078  -0.001156
      8      -0.013456   0.004081   0.004365   0.004610  -0.007110   0.001601
      9      -0.017156   0.086905  -0.044915  -0.024284   0.128371  -0.021998
     10       0.005817   0.064895   0.000116   0.012259   0.090225   0.007292
     11      -0.002616   0.005708   0.003127  -0.004401   0.010402  -0.035869
     12       0.009415  -0.037570   0.019653   0.008318  -0.025214  -0.008178
     13      -0.025364   0.005778  -0.022070  -0.021306  -0.047773   0.008651
     14      -0.041290   0.012612  -0.007382   0.003187   0.003220  -0.005590
     15       0.011178   0.044324  -0.011195  -0.045316  -0.012592  -0.005006
     16       0.008177  -0.050310   0.053222   0.086024   0.104734  -0.010766
     17       0.030244  -0.014123  -0.004243   0.030628   0.018038  -0.003227
     18       0.006615  -0.030236  -0.043174   0.067087   0.003772   0.002153
     19      -0.001390  -0.016130  -0.093800   0.054409  -0.028043  -0.005974
     20       0.042746   0.017411   0.033109  -0.026547  -0.000797   0.001296
     21      -0.009271  -0.026157  -0.028957  -0.004801   0.002933  -0.006262
     22      -0.006087  -0.018384   0.010397  -0.021928   0.008695   0.000973
     23      -0.056836  -0.010002   0.022228   0.003694   0.003271   0.001066
     24      -0.010077  -0.066403  -0.023841  -0.074716   0.050189   0.035039
     25       0.013867   0.095516   0.012512   0.066712  -0.017834   0.047735
     26       0.008146  -0.021556  -0.020258  -0.022339   0.011393   0.028446
     27      -0.224267  -0.141727   0.127875   0.078598  -0.524880   0.009502
     28      -0.105507  -0.061910   0.086639   0.066015  -0.258270   0.054840
     29      -0.054437  -0.016341  -0.041195   0.039471  -0.059052   0.368402
     30       0.401753  -0.442554   0.159078   0.064022  -0.302113   0.202199
     31       0.183545  -0.280833   0.070997  -0.053287  -0.228540  -0.277361
     32       0.081975  -0.072505   0.050835   0.051168  -0.039720   0.132618
     33       0.010510   0.148775  -0.249016  -0.101079  -0.002169   0.061253
     34      -0.030826  -0.045869   0.055311   0.009517  -0.053748  -0.012332
     35      -0.046877   0.014886  -0.121921  -0.080509  -0.162292   0.037405
     36       0.160772  -0.062060   0.137085   0.075166   0.094705   0.065689
     37      -0.233434   0.246650  -0.378057  -0.309656  -0.411454   0.033068
     38      -0.077695   0.054083  -0.089230  -0.043656  -0.029572  -0.069278
     39      -0.139942  -0.053109   0.046419   0.085115   0.045716   0.078739
     40       0.227647   0.189862  -0.016219  -0.417449  -0.323024   0.048823
     41       0.043420   0.045520  -0.011156  -0.117201  -0.129591   0.057616
     42       0.201543   0.213123   0.261033  -0.236540   0.005919   0.016402
     43       0.198819   0.284295   0.303406  -0.373217  -0.019987   0.057280
     44      -0.147136  -0.113220  -0.085766   0.038496   0.018608   0.078924
     45      -0.226283  -0.004727   0.326813  -0.164572   0.055762  -0.068439
     46      -0.188736  -0.022782   0.488267  -0.268257   0.104160   0.076613
     47       0.125266   0.014318  -0.151339   0.072106  -0.037335   0.003726
     48       0.016779   0.122568   0.190621   0.018894  -0.012141   0.095196
     49       0.104577   0.041895  -0.014193   0.016973  -0.006634   0.016304
     50      -0.113701  -0.037745   0.032071  -0.008615   0.008336  -0.008195
     51       0.383994   0.304516  -0.003779   0.245065  -0.192602  -0.436220
     52      -0.294641  -0.261801   0.035306  -0.214032   0.012796  -0.358671
     53       0.140483   0.125963  -0.023196   0.092458  -0.016488   0.125908
     54      -0.204786   0.335664   0.231318   0.338464  -0.196516  -0.045121
     55       0.145150  -0.250774  -0.143002  -0.297756   0.128818  -0.290379
     56      -0.092680   0.100892   0.133608   0.093404  -0.136128  -0.490596
                 42         43         44         45         46         47    
      0       0.002988   0.000708  -0.001459   0.001922   0.003691  -0.000135
      1      -0.000807  -0.000662  -0.000117   0.002184   0.000830  -0.000013
      2       0.001386   0.000387  -0.000350  -0.000346   0.000493  -0.000024
      3      -0.015266  -0.005050   0.003165  -0.011542  -0.016906   0.000263
      4       0.003412   0.000056   0.002070  -0.022375  -0.001465   0.000084
      5      -0.005645  -0.002007  -0.001294   0.016657   0.000806   0.000178
      6       0.000803   0.000075  -0.000183   0.001513   0.000445  -0.000005
      7      -0.000232   0.000286  -0.000335   0.000954  -0.000084  -0.000050
      8       0.000434   0.000048  -0.000229  -0.003264  -0.000337  -0.000029
      9      -0.008862   0.012544   0.009892   0.013812   0.014811  -0.000226
     10       0.021461   0.007150  -0.010071   0.047167   0.038198   0.000283
     11      -0.052361   0.001161   0.023632  -0.024239  -0.020072   0.004685
     12      -0.024442  -0.017738  -0.007735   0.067981   0.057575  -0.000713
     13       0.010156  -0.002128  -0.003547  -0.018317  -0.012990   0.002678
     14      -0.009209  -0.002061  -0.001200   0.017090   0.013874   0.001524
     15       0.004589  -0.061015  -0.048528  -0.034105  -0.013498  -0.047353
     16       0.010799  -0.013080  -0.006106  -0.045025  -0.047963  -0.030995
     17      -0.001836   0.010298   0.004355  -0.001173  -0.002492   0.042964
     18      -0.022336   0.026916  -0.029358  -0.019667   0.039069   0.005772
     19       0.010145  -0.018874   0.039223  -0.012811   0.048641  -0.007011
     20       0.019018  -0.027311   0.044306  -0.011528   0.014123  -0.011387
     21       0.001107  -0.004687  -0.013298   0.071756  -0.084152   0.000242
     22       0.002123  -0.002790   0.000279   0.007975  -0.010156   0.000157
     23       0.002290  -0.000316   0.001975  -0.006182   0.005197  -0.000169
     24      -0.011545  -0.008745   0.016106  -0.025208   0.031631  -0.000262
     25      -0.033716  -0.017593   0.007157   0.027097  -0.035945  -0.000056
     26      -0.012541  -0.012117   0.006674   0.014723  -0.020241   0.000291
     27      -0.060457  -0.037581   0.008817  -0.094914  -0.106191  -0.011132
     28       0.041238  -0.018506  -0.028991   0.003381  -0.011884   0.017564
     29       0.548538   0.028849  -0.197899   0.079665   0.084173  -0.002127
     30       0.234643  -0.013557  -0.101096   0.018898   0.008231   0.012142
     31      -0.446540  -0.050391   0.161413  -0.136960  -0.132134  -0.019284
     32       0.177685   0.013576  -0.063154   0.034187   0.028330  -0.059664
     33       0.203604   0.067176   0.038496  -0.647092  -0.549039  -0.012695
     34      -0.057254  -0.029710  -0.020551   0.194670   0.167887  -0.014952
     35       0.064846   0.003993  -0.006565  -0.155127  -0.117323  -0.003479
     36       0.035282   0.385458   0.258410   0.005531  -0.081082   0.205572
     37      -0.031370   0.155285   0.091605   0.174183   0.096863   0.015836
     38      -0.024030  -0.403212  -0.276630  -0.066997   0.040042   0.246581
     39       0.035814   0.476682   0.318067   0.056937  -0.079758   0.373594
     40      -0.007992   0.040452   0.060895   0.092294   0.089111   0.321486
     41       0.001773   0.279838   0.207666   0.102787   0.031815  -0.772047
     42       0.013342  -0.018104  -0.006599  -0.048801  -0.013639  -0.098901
     43      -0.074145   0.108224  -0.202135  -0.053902  -0.058394   0.058116
     44      -0.249119   0.343539  -0.499183  -0.013192  -0.049107  -0.034115
     45       0.249332  -0.340292   0.435020   0.133993  -0.139088   0.036537
     46      -0.105466   0.166944  -0.287002   0.033931  -0.142088   0.030049
     47      -0.019083   0.013218   0.009357  -0.053007   0.088583   0.175813
     48      -0.041817   0.055506   0.095458  -0.584755   0.674328  -0.000395
     49      -0.014540   0.004676   0.022130  -0.075292   0.089192   0.001304
     50       0.010041  -0.003510  -0.011197   0.039273  -0.049027  -0.004057
     51       0.205237   0.118888  -0.129138   0.120160  -0.098978   0.000729
     52       0.229859   0.118110  -0.070142  -0.079680   0.122413  -0.000782
     53      -0.083064  -0.050186   0.024532   0.064110  -0.085784  -0.001378
     54       0.014378   0.023888  -0.013652  -0.052417   0.019950   0.001892
     55       0.170968   0.084856  -0.057849   0.002818   0.069142   0.001602
     56       0.270162   0.155906  -0.112302  -0.048985   0.092512  -0.001019
                 48         49         50         51         52         53    
      0       0.000553   0.000027  -0.000588   0.000406   0.000249  -0.000015
      1       0.000076   0.000037   0.000138  -0.000087  -0.000228   0.000037
      2       0.000316  -0.000034  -0.000326   0.000203  -0.000021   0.000043
      3      -0.002087  -0.000239   0.001726  -0.001275  -0.001289   0.000039
      4      -0.001823   0.000429  -0.001408   0.000668   0.002085  -0.000496
      5      -0.000414  -0.000147   0.000433  -0.000162   0.001076   0.000122
      6      -0.000036  -0.000037  -0.000046   0.000051   0.000230   0.000003
      7       0.000064  -0.000025  -0.000007   0.000054  -0.000224   0.000092
      8       0.000235  -0.000051  -0.000030  -0.000024  -0.000355   0.000074
      9       0.005010   0.000888  -0.000353  -0.001491  -0.045816   0.008353
     10       0.018057  -0.002627  -0.001802   0.003633   0.073356  -0.012055
     11      -0.067568   0.004920   0.003089  -0.004724   0.029113  -0.006981
     12      -0.000878   0.000116   0.000154   0.000064   0.000205   0.000166
     13      -0.000786   0.000519   0.000232  -0.000215  -0.002722  -0.000125
     14      -0.001127   0.000203   0.000145   0.000214   0.000986  -0.000373
     15      -0.005037  -0.012649   0.015374   0.032631  -0.003945  -0.020869
     16      -0.003684  -0.007511  -0.002809  -0.001177   0.000935   0.002482
     17       0.002226   0.003379   0.034643   0.057797  -0.009943  -0.041228
     18       0.000229  -0.028137  -0.027485  -0.022234  -0.009199  -0.048079
     19       0.002110   0.038892   0.017784   0.006663   0.004355   0.019274
     20       0.006704   0.045020  -0.008819  -0.031400  -0.009223  -0.058226
     21       0.000016  -0.000343   0.000115  -0.000537  -0.000062  -0.000741
     22      -0.000050  -0.000956  -0.001300   0.000634  -0.000097  -0.000423
     23      -0.000204  -0.000777  -0.000548   0.001281   0.000350   0.001156
     24       0.001548  -0.006509   0.026635  -0.017930   0.002550  -0.009992
     25       0.002647  -0.013910   0.044201  -0.028490   0.000924  -0.005889
     26       0.003292  -0.010704   0.025609  -0.013836  -0.003779   0.014651
     27       0.230250  -0.025514  -0.013696   0.030403   0.396635  -0.062176
     28      -0.430253   0.046669   0.028406  -0.056688  -0.754389   0.118050
     29       0.029241  -0.004418  -0.002960   0.004957   0.073245  -0.010661
     30      -0.261008   0.016729   0.010184  -0.018095   0.140689  -0.029428
     31       0.242510  -0.016900  -0.010745   0.014914  -0.122512   0.027663
     32       0.780458  -0.053260  -0.035472   0.045541  -0.432697   0.097936
     33      -0.000149  -0.004064   0.000340   0.002968   0.003856  -0.001308
     34       0.011710  -0.005467  -0.003309   0.001393   0.031030  -0.001707
     35      -0.003130  -0.000605  -0.000812  -0.000364  -0.001237   0.000019
     36       0.032980   0.085706  -0.254361  -0.477395   0.070107   0.314354
     37       0.003770   0.008782  -0.031016  -0.057227   0.008918   0.039832
     38       0.039834   0.095397  -0.276302  -0.519109   0.074988   0.340380
     39       0.021248   0.067254   0.075407   0.094290  -0.016783  -0.078988
     40       0.030013   0.064685   0.065352   0.078640  -0.018940  -0.066283
     41      -0.062231  -0.141549  -0.139821  -0.169118   0.040047   0.147830
     42       0.014651   0.474423   0.321201   0.212335   0.097713   0.489146
     43      -0.009043  -0.312859  -0.213136  -0.142991  -0.066464  -0.332418
     44       0.006925   0.164999   0.101348   0.064841   0.030306   0.152690
     45      -0.016392  -0.142675  -0.001719   0.056750   0.014191   0.098781
     46      -0.015884  -0.128787   0.004467   0.060651   0.015707   0.109408
     47      -0.083878  -0.695528   0.003581   0.308303   0.076503   0.527121
     48       0.000242   0.001331  -0.000478   0.000665  -0.000925  -0.006773
     49       0.000873   0.007870   0.009337  -0.009041  -0.001401  -0.004314
     50       0.004707   0.012844   0.012776  -0.018291  -0.003427  -0.007749
     51       0.003071  -0.017069   0.041626  -0.024659  -0.001016   0.006968
     52      -0.016666   0.068139  -0.185978   0.112240   0.007760  -0.030891
     53      -0.053771   0.205156  -0.569357   0.344979   0.025145  -0.086563
     54      -0.018623   0.103048  -0.359716   0.243419  -0.027970   0.118244
     55      -0.014266   0.091760  -0.317889   0.215761  -0.024988   0.106335
     56       0.014378  -0.079486   0.264519  -0.177335   0.019321  -0.081879
                 54         55         56    
      0      -0.000163   0.000074  -0.000074
      1       0.000006   0.000050   0.000038
      2       0.000217  -0.000006  -0.000015
      3       0.001275  -0.000346   0.000017
      4       0.000740  -0.000354  -0.000144
      5      -0.002426   0.000188  -0.000077
      6      -0.000331  -0.000014  -0.000047
      7       0.000082  -0.000055   0.000023
      8       0.000620  -0.000007  -0.000015
      9       0.003781  -0.001834   0.000048
     10      -0.005876   0.002715  -0.000170
     11      -0.004261  -0.002328   0.000044
     12       0.000017   0.020387  -0.000223
     13       0.000166   0.068937  -0.000809
     14      -0.000033   0.003184  -0.000056
     15      -0.002833   0.002354  -0.000284
     16       0.000484   0.000837  -0.000082
     17      -0.005862  -0.002434  -0.000350
     18      -0.009164  -0.000068   0.000848
     19       0.002974  -0.000284   0.002085
     20      -0.013157  -0.000384   0.001526
     21       0.000424  -0.000109   0.001053
     22       0.000235   0.000365   0.027790
     23       0.002074   0.000972   0.065716
     24       0.041417  -0.000112  -0.001266
     25       0.016651  -0.000068   0.002263
     26      -0.080755  -0.000006   0.001863
     27      -0.026504   0.013128  -0.000502
     28       0.050128  -0.029487   0.001164
     29      -0.004106   0.003402  -0.000333
     30      -0.019305  -0.001852  -0.000219
     31       0.015772  -0.000064   0.000301
     32       0.059274  -0.005725   0.000879
     33      -0.000243  -0.284011   0.004289
     34      -0.002128  -0.955241   0.013364
     35       0.000164   0.002680  -0.000707
     36       0.043798  -0.005494   0.002126
     37       0.006206   0.002263  -0.001283
     38       0.047523  -0.001433   0.002950
     39      -0.012635  -0.005922   0.000502
     40      -0.010242  -0.009081   0.001543
     41       0.023170   0.013847  -0.001006
     42       0.083289   0.000772  -0.000537
     43      -0.057263   0.000449  -0.001608
     44       0.028250   0.000415   0.003585
     45       0.022394   0.000080  -0.003723
     46       0.026337   0.000472  -0.002882
     47       0.131432   0.001390  -0.026528
     48       0.004512  -0.000277  -0.008286
     49      -0.011344  -0.006678  -0.426685
     50      -0.021141  -0.012319  -0.900539
     51      -0.037191   0.000016   0.000807
     52       0.218290   0.000006  -0.007501
     53       0.629009  -0.000243  -0.027490
     54      -0.465724   0.000747   0.003880
     55      -0.421411   0.000525   0.000420
     56       0.330843  -0.000375   0.001526
# -----------------------------------------------------------
$ THERMOCHEMISTRY_Energies
   description: The Thermochemistry energies
   geom. index: 1
   prop. index: 1
        Temperature (Kelvin)           :        298.1500000000
        Pressure (atm)                 :          1.0000000000
        Total Mass (AMU)               :        136.1450000000
        Spin Degeneracy                :          1.0000000000
        Electronic Energy (Hartree)    :       -505.9143796557
        Translational Energy (Hartree) :          0.0014162714
        Rotational Energy (Hartree)    :          0.0014162714
        Vibrational Energy (Hartree)   :          0.0047013641
        Number of frequencies          :     57      
        Scaling Factor for frequencies :          1.0000000000
        Vibrational frequencies        :     
                  0    
      0       0.000000
      1       0.000000
      2       0.000000
      3       0.000000
      4       0.000000
      5       0.000000
      6     153.740000
      7     199.844317
      8     276.378900
      9     300.732628
     10     322.053832
     11     356.088098
     12     422.679547
     13     474.035905
     14     503.325100
     15     523.397867
     16     617.328317
     17     651.898911
     18     777.710971
     19     844.487418
     20     876.905992
     21     918.356991
     22     953.972276
     23     990.873027
     24     998.935538
     25     1029.457190
     26     1085.719484
     27     1120.956898
     28     1142.484452
     29     1171.815924
     30     1186.007183
     31     1223.764346
     32     1248.053335
     33     1301.851682
     34     1317.905642
     35     1343.735281
     36     1356.466884
     37     1395.597680
     38     1414.363653
     39     1433.400915
     40     1470.010198
     41     1509.305174
     42     1514.603573
     43     1531.508930
     44     1546.713043
     45     1564.045944
     46     1570.875689
     47     2917.291572
     48     2932.554694
     49     2953.049204
     50     2964.729104
     51     2966.017189
     52     2983.117004
     53     2992.625499
     54     3006.114988
     55     3235.012471
     56     3249.555106
        Zero Point Energy (Hartree)    :          0.1613887109
        Inner Energy (Hartree)         :       -505.7454570379
        Enthalpy (Hartree)             :       -505.7445128288
        Electronic entropy             :          0.0000000000
        Rotational entropy             :          0.0136708132
        Vibrational entropy            :          0.0073361903
        Translational entropy          :          0.0136708132
        Entropy                        :          0.0403152366
        Gibbs Energy (Hartree)         :       -505.7848280654
        Is Linear                      :                 false
# -----------------------------------------------------------
$ PAL_Flags
   description: The PAL Flags
   geom. index: 2
   prop. index: 1
        Diskflag:     2
# -----------------------------------------------------------
$ SCF_Energy
   description: The SCF energy
   geom. index: 2
   prop. index: 1
        SCF Energy:     -505.8906704628
# -----------------------------------------------------------
$ DFT_Energy
   description: The DFT energy
   geom. index: 2
   prop. index: 1
   Number of Alpha Electrons                 35.9999997885 
   Number of Beta  Electrons                 35.9999997885 
   Total number of  Electrons                71.9999995771 
   Exchange energy                          -42.7857914995 
   Correlation energy                        -3.0619743797 
   Correlation energy NL                      0.0000000000 
   Exchange-Correlation energy              -45.8477658792 
   Embedding correction                       0.0000000000 
   Total DFT Energy (No VdW correction)    -505.8906704628 
# -----------------------------------------------------------
$ VdW_Correction
   description: The Van der Waals Correction
   geom. index: 2
   prop. index: 1
        Van der Waals Correction:       -0.0308818029
# -----------------------------------------------------------
$ PAL_Flags
   description: The PAL Flags
   geom. index: 3
   prop. index: 1
        Diskflag:     2
# -----------------------------------------------------------
$ SCF_Energy
   description: The SCF energy
   geom. index: 3
   prop. index: 1
        SCF Energy:     -505.8919012312
# -----------------------------------------------------------
$ DFT_Energy
   description: The DFT energy
   geom. index: 3
   prop. index: 1
   Number of Alpha Electrons                 35.9999903269 
   Number of Beta  Electrons                 35.9999903269 
   Total number of  Electrons                71.9999806537 
   Exchange energy                          -42.7874364431 
   Correlation energy                        -3.0619457290 
   Correlation energy NL                      0.0000000000 
   Exchange-Correlation energy              -45.8493821721 
   Embedding correction                       0.0000000000 
   Total DFT Energy (No VdW correction)    -505.8919012312 
# -----------------------------------------------------------
$ VdW_Correction
   description: The Van der Waals Correction
   geom. index: 3
   prop. index: 1
        Van der Waals Correction:       -0.0307546376
# -----------------------------------------------------------
$ PAL_Flags
   description: The PAL Flags
   geom. index: 4
   prop. index: 1
        Diskflag:     2
# -----------------------------------------------------------
$ SCF_Energy
   description: The SCF energy
   geom. index: 4
   prop. index: 1
        SCF Energy:     -505.8924172369
# -----------------------------------------------------------
$ DFT_Energy
   description: The DFT energy
   geom. index: 4
   prop. index: 1
   Number of Alpha Electrons                 35.9999810002 
   Number of Beta  Electrons                 35.9999810002 
   Total number of  Electrons                71.9999620003 
   Exchange energy                          -42.7857541166 
   Correlation energy                        -3.0616970533 
   Correlation energy NL                      0.0000000000 
   Exchange-Correlation energy              -45.8474511699 
   Embedding correction                       0.0000000000 
   Total DFT Energy (No VdW correction)    -505.8924172369 
# -----------------------------------------------------------
$ VdW_Correction
   description: The Van der Waals Correction
   geom. index: 4
   prop. index: 1
        Van der Waals Correction:       -0.0306524665
# -----------------------------------------------------------
$ PAL_Flags
   description: The PAL Flags
   geom. index: 5
   prop. index: 1
        Diskflag:     2
# -----------------------------------------------------------
$ SCF_Energy
   description: The SCF energy
   geom. index: 5
   prop. index: 1
        SCF Energy:     -505.8924965879
# -----------------------------------------------------------
$ DFT_Energy
   description: The DFT energy
   geom. index: 5
   prop. index: 1
   Number of Alpha Electrons                 35.9999799381 
   Number of Beta  Electrons                 35.9999799381 
   Total number of  Electrons                71.9999598761 
   Exchange energy                          -42.7856474497 
   Correlation energy                        -3.0616985744 
   Correlation energy NL                      0.0000000000 
   Exchange-Correlation energy              -45.8473460241 
   Embedding correction                       0.0000000000 
   Total DFT Energy (No VdW correction)    -505.8924965879 
# -----------------------------------------------------------
$ VdW_Correction
   description: The Van der Waals Correction
   geom. index: 5
   prop. index: 1
        Van der Waals Correction:       -0.0306383923
# -----------------------------------------------------------
$ PAL_Flags
   description: The PAL Flags
   geom. index: 6
   prop. index: 1
        Diskflag:     2
# -----------------------------------------------------------
$ SCF_Energy
   description: The SCF energy
   geom. index: 6
   prop. index: 1
        SCF Energy:     -505.8924856901
# -----------------------------------------------------------
$ DFT_Energy
   description: The DFT energy
   geom. index: 6
   prop. index: 1
   Number of Alpha Electrons                 35.9999836638 
   Number of Beta  Electrons                 35.9999836638 
   Total number of  Electrons                71.9999673275 
   Exchange energy                          -42.7858030187 
   Correlation energy                        -3.0617425313 
   Correlation energy NL                      0.0000000000 
   Exchange-Correlation energy              -45.8475455500 
   Embedding correction                       0.0000000000 
   Total DFT Energy (No VdW correction)    -505.8924856901 
# -----------------------------------------------------------
$ VdW_Correction
   description: The Van der Waals Correction
   geom. index: 6
   prop. index: 1
        Van der Waals Correction:       -0.0306538656
# -----------------------------------------------------------
$ PAL_Flags
   description: The PAL Flags
   geom. index: 7
   prop. index: 1
        Diskflag:     2
# -----------------------------------------------------------
$ SCF_Energy
   description: The SCF energy
   geom. index: 7
   prop. index: 1
        SCF Energy:     -505.8924696360
# -----------------------------------------------------------
$ DFT_Energy
   description: The DFT energy
   geom. index: 7
   prop. index: 1
   Number of Alpha Electrons                 35.9999861278 
   Number of Beta  Electrons                 35.9999861278 
   Total number of  Electrons                71.9999722555 
   Exchange energy                          -42.7858570245 
   Correlation energy                        -3.0617745105 
   Correlation energy NL                      0.0000000000 
   Exchange-Correlation energy              -45.8476315350 
   Embedding correction                       0.0000000000 
   Total DFT Energy (No VdW correction)    -505.8924696360 
# -----------------------------------------------------------
$ Mayer_Pop
   description: The Mayer population analysis
   geom. index: 7
   prop. index: 1
     Number of atoms                     : 19
     Threshold for printing              : 0.1000000
     Number of bond orders printed       : 24
  NA   - Mulliken gross atomic population
  ZA   - Total nuclear charge
  QA   - Mulliken gross atomic charge
  VA   - Mayer's total valence
  BVA  - Mayer's bonded valence
  FA   - Mayer's free valence
  ATOM       NA         ZA         QA         VA         BVA        FA
  0   0     9.2953     9.0000    -0.2953     0.7709     0.7709     0.0000
  1   0     5.5866     6.0000     0.4134     3.9533     3.9533     0.0000
  2   0     9.2902     9.0000    -0.2902     0.8045     0.8045     0.0000
  3   0     6.3165     6.0000    -0.3165     3.8107     3.8107    -0.0000
  4   0     7.3811     7.0000    -0.3811     2.5479     2.5479     0.0000
  5   0     6.2974     6.0000    -0.2974     3.8363     3.8363    -0.0000
  6   0     6.1807     6.0000    -0.1807     3.6109     3.6109     0.0000
  7   0     7.3722     7.0000    -0.3722     2.5611     2.5611     0.0000
  8   0     6.3030     6.0000    -0.3030     3.6847     3.6847     0.0000
  9   0     0.8163     1.0000     0.1837     0.9311     0.9311    -0.0000
 10   0     0.8178     1.0000     0.1822     0.9085     0.9085    -0.0000
 11   0     0.6629     1.0000     0.3371     0.8278     0.8278     0.0000
 12   0     0.8539     1.0000     0.1461     0.9464     0.9464     0.0000
 13   0     0.8549     1.0000     0.1451     0.9309     0.9309     0.0000
 14   0     0.8175     1.0000     0.1825     0.9291     0.9291    -0.0000
 15   0     0.8608     1.0000     0.1392     0.9472     0.9472     0.0000
 16   0     0.6776     1.0000     0.3224     0.8544     0.8544     0.0000
 17   0     0.8129     1.0000     0.1871     0.9133     0.9133     0.0000
 18   0     0.8027     1.0000     0.1973     0.9187     0.9187    -0.0000
      Bond orders larger than 0.1000000
           Atom A     A.N. of A          Atom B    A.N. of B              Bond order
                0             9               1            6                1.057332
                0             9               3            6               -0.143156
                0             9               8            6               -0.121861
                1             6               2            9                1.057375
                1             6               3            6                1.043918
                1             6               4            7               -0.147805
                1             6               8            6                0.988504
                2             9               3            6               -0.134657
                2             9               8            6               -0.109000
                3             6               4            7                1.047141
                3             6               9            1                0.969470
                3             6              10            1                0.973071
                4             7               5            6                0.922159
                4             7              11            1                0.852160
                5             6               6            6                0.956014
                5             6              12            1                0.991426
                5             6              13            1                0.983194
                6             6               7            7                0.857946
                6             6              14            1                0.978389
                6             6              15            1                0.986715
                7             7               8            6                0.960403
                7             7              16            1                0.861823
                8             6              17            1                0.950261
                8             6              18            1                0.987159
# -----------------------------------------------------------
$ VdW_Correction
   description: The Van der Waals Correction
   geom. index: 7
   prop. index: 1
        Van der Waals Correction:       -0.0306695854
# -----------------------------------------------------------
$ SCF_Electric_Properties
   description: The SCF Calculated Electric Properties
   geom. index: 7
   prop. index: 1
       Filename                          : file.scfp 
       Do Dipole Moment Calculation      : true 
       Do Quadrupole Moment Calculation  : false 
       Do Polarizability Calculation     : false 
** Dipole moment part of electric properties **
        Magnitude of dipole moment (Debye) :        3.2882151725
        Electronic Contribution:
                  0    
      0      11.862162
      1      -1.941174
      2      -1.941046
        Nuclear Contribution:
                  0    
      0     -12.996735
      1       1.496976
      2       2.375766
        Total Dipole moment:
                  0    
      0      -1.134573
      1      -0.444198
      2       0.434720
# -------------------------------------------------------------
----------------------- !GEOMETRIES! ------------------------
# -------------------------------------------------------------
------------------------ !GEOMETRY! -------------------------
    Number of atoms:    19 
    Geometry Index:     1 
    Coordinates:
               0 F      2.801400000000   -0.237300000000    0.664200000000
               1 C      1.638900000000   -0.178400000000   -0.085400000000
               2 F      1.951900000000   -0.520800000000   -1.391200000000
               3 C      0.638700000000   -1.191400000000    0.483600000000
               4 N     -0.493200000000   -1.347500000000   -0.440100000000
               5 C     -1.651400000000   -0.521300000000   -0.071200000000
               6 C     -1.316700000000    0.974000000000    0.116000000000
               7 N     -0.191000000000    1.430500000000   -0.715900000000
               8 C      1.110300000000    1.266400000000   -0.045900000000
               9 H      1.164100000000   -2.167800000000    0.583700000000
              10 H      0.311000000000   -0.897600000000    1.506900000000
              11 H     -0.804400000000   -2.347100000000   -0.414700000000
              12 H     -2.407600000000   -0.611400000000   -0.881100000000
              13 H     -2.121100000000   -0.913100000000    0.859000000000
              14 H     -2.214100000000    1.570200000000   -0.155300000000
              15 H     -1.133400000000    1.184100000000    1.193300000000
              16 H     -0.194800000000    0.962500000000   -1.652600000000
              17 H      1.063000000000    1.626700000000    1.005900000000
              18 H      1.848500000000    1.919200000000   -0.559200000000
------------------------ !GEOMETRY! -------------------------
    Number of atoms:    19 
    Geometry Index:     2 
    Coordinates:
               0 F      2.779180268182   -0.235212423802    0.676363197237
               1 C      1.615662829484   -0.168370367148   -0.070249712903
               2 F      1.958603368413   -0.511784354806   -1.356998358925
               3 C      0.637133685224   -1.204897678950    0.476200534042
               4 N     -0.509230852493   -1.353446816324   -0.415733006962
               5 C     -1.670971960492   -0.533194521685   -0.060958168399
               6 C     -1.315620600608    0.965407651173    0.099200104723
               7 N     -0.187172589033    1.441482990509   -0.697540445853
               8 C      1.108709154871    1.268098767741   -0.061135677997
               9 H      1.178961958957   -2.153269061495    0.547370896515
              10 H      0.349326986728   -0.912349696278    1.499046133304
              11 H     -0.793293460770   -2.322742063297   -0.427038627198
              12 H     -2.406468880084   -0.646744938714   -0.866435237060
              13 H     -2.153241474961   -0.880235820732    0.870699839386
              14 H     -2.203839102508    1.553370018544   -0.164947784545
              15 H     -1.106262796021    1.189497523667    1.150992533144
              16 H     -0.187031611652    1.003056948271   -1.611266292188
              17 H      1.050820818731    1.608365119214    0.978220559685
              18 H      1.854834258032    1.892868724110   -0.565790486005
------------------------ !GEOMETRY! -------------------------
    Number of atoms:    19 
    Geometry Index:     3 
    Coordinates:
               0 F      2.754802200098   -0.213397922358    0.725019009523
               1 C      1.608019203073   -0.170396831878   -0.052012590103
               2 F      1.997908138567   -0.534295354928   -1.321427113445
               3 C      0.637822416247   -1.220022778978    0.479250682987
               4 N     -0.513800469894   -1.347922189445   -0.400509966828
               5 C     -1.674147912956   -0.532745192149   -0.051273048112
               6 C     -1.320157213278    0.966582312487    0.098636631668
               7 N     -0.198147461557    1.455532412718   -0.697695705588
               8 C      1.103635613465    1.267321544581   -0.081754431881
               9 H      1.188070319497   -2.164719250719    0.513770924391
              10 H      0.372568805337   -0.951239748940    1.514732597685
              11 H     -0.789047102503   -2.318601700883   -0.469286237961
              12 H     -2.403292575267   -0.657186988131   -0.860262364075
              13 H     -2.163217902105   -0.862682987162    0.883071252218
              14 H     -2.214201574257    1.551404318281   -0.148827314661
              15 H     -1.090621355434    1.192423245596    1.146098318493
              16 H     -0.207714107922    1.048138716507   -1.627286270609
              17 H      1.055982424691    1.623327467850    0.953273464109
              18 H      1.855638554198    1.868380927551   -0.603517837809
------------------------ !GEOMETRY! -------------------------
    Number of atoms:    19 
    Geometry Index:     4 
    Coordinates:
               0 F      2.729147009761   -0.190450477919    0.780938293112
               1 C      1.606892673113   -0.173097330129   -0.033718866980
               2 F      2.044281772745   -0.559823526956   -1.282464286000
               3 C      0.635777741276   -1.229137646514    0.483688643630
               4 N     -0.515480667200   -1.339567795910   -0.395117420009
               5 C     -1.677159156718   -0.532451134822   -0.044153231073
               6 C     -1.322527135429    0.966207109113    0.106557523356
               7 N     -0.209468850873    1.459558260811   -0.698437404912
               8 C      1.100727984763    1.265277158867   -0.104001884709
               9 H      1.188449868448   -2.173570027192    0.493504949714
              10 H      0.376916017285   -0.982120409269    1.526399743182
              11 H     -0.779070915705   -2.306210886754   -0.526454619679
              12 H     -2.405743656756   -0.658690834241   -0.853884521124
              13 H     -2.166592313666   -0.860565608732    0.891383599398
              14 H     -2.220391406101    1.553178031228   -0.123036434050
              15 H     -1.076464320608    1.185255779223    1.152563767010
              16 H     -0.235526827448    1.081425680304   -1.639461665853
              17 H      1.076328015737    1.651572129122    0.921609222775
              18 H      1.850004167376    1.843111529771   -0.655915407789
------------------------ !GEOMETRY! -------------------------
    Number of atoms:    19 
    Geometry Index:     5 
    Coordinates:
               0 F      2.713935149694   -0.180052613081    0.812492010817
               1 C      1.607410115670   -0.173439957279   -0.023200063146
               2 F      2.068480250694   -0.571467341191   -1.260957315575
               3 C      0.631721842363   -1.229734002782    0.486350199557
               4 N     -0.514954029700   -1.334245041049   -0.397055476192
               5 C     -1.678858344436   -0.533254050061   -0.044142989613
               6 C     -1.321305062089    0.963278670024    0.117422680067
               7 N     -0.215853763726    1.457186446319   -0.696021553836
               8 C      1.101340796659    1.265205713642   -0.117432589152
               9 H      1.183255394268   -2.174879810841    0.495462398245
              10 H      0.367421147593   -0.987305674542    1.528530958261
              11 H     -0.769386359005   -2.297935029515   -0.563564411555
              12 H     -2.406181278009   -0.653493486502   -0.855891178934
              13 H     -2.169566389816   -0.868041080902    0.888422097236
              14 H     -2.220025685203    1.554473680514   -0.097951655718
              15 H     -1.063890601120    1.172529093409    1.162748910912
              16 H     -0.253663238851    1.088740194472   -1.640548911650
              17 H      1.096732653562    1.674539286932    0.899491600481
              18 H      1.843487401453    1.827795002433   -0.694154710205
------------------------ !GEOMETRY! -------------------------
    Number of atoms:    19 
    Geometry Index:     6 
    Coordinates:
               0 F      2.709272534107   -0.176370233366    0.821847463909
               1 C      1.607350774950   -0.172958358163   -0.019498534002
               2 F      2.074201209518   -0.576270928102   -1.253631052123
               3 C      0.629121597206   -1.227864567388    0.488600082704
               4 N     -0.513927670074   -1.332570018721   -0.398954738195
               5 C     -1.679398509831   -0.533779141142   -0.047434383496
               6 C     -1.319301439759    0.960490610868    0.124897378538
               7 N     -0.218914042363    1.456075745281   -0.694413349266
               8 C      1.102093407747    1.266125928958   -0.123292455196
               9 H      1.179634671202   -2.173566713321    0.503952139441
              10 H      0.359120908380   -0.982698263328    1.528563722965
              11 H     -0.763681083103   -2.295099183586   -0.577017037328
              12 H     -2.403153963760   -0.647206163403   -0.863382425168
              13 H     -2.174820424935   -0.874210722860    0.880537512255
              14 H     -2.218501539860    1.554768721501   -0.079996826627
              15 H     -1.054378903940    1.161203836913    1.170018900237
              16 H     -0.261945904375    1.086147877154   -1.637993299326
              17 H      1.107153032482    1.686107465783    0.889206523007
              18 H      1.840175346408    1.821574106923   -0.712009622326
------------------------ !GEOMETRY! -------------------------
    Number of atoms:    19 
    Geometry Index:     7 
    Coordinates:
               0 F      2.708346067897   -0.174773952947    0.823424670930
               1 C      1.607037961989   -0.172424324373   -0.018659422120
               2 F      2.074404087030   -0.578487803915   -1.251682498914
               3 C      0.627812915551   -1.226079048495    0.490220865599
               4 N     -0.513246026829   -1.332299254155   -0.399702063700
               5 C     -1.679710217470   -0.533931935868   -0.050490334524
               6 C     -1.317764107901    0.958636925249    0.128908530256
               7 N     -0.220387894982    1.456013738866   -0.693695633347
               8 C      1.102367797031    1.266892542093   -0.125832648614
               9 H      1.177979891131   -2.171871003894    0.510143079655
              10 H      0.354933381536   -0.978030057756    1.528678400145
              11 H     -0.761266294792   -2.294890572499   -0.579800719837
              12 H     -2.399864711987   -0.642652062644   -0.870286571886
              13 H     -2.179885359493   -0.877345330526    0.873785382533
              14 H     -2.217304897998    1.554868068733   -0.068780894585
              15 H     -1.047951102378    1.153317432941    1.173881069671
              16 H     -0.265461053890    1.082600585587   -1.635844529466
              17 H      1.111292424833    1.690790436493    0.884938044594
              18 H      1.838767140723    1.819565617109   -0.719204726391
