    43
     1   -1.996966   -3.901145   -1.453458      1
     2    1.148760   -2.748899    2.855074      1
     3    4.086566   -3.061133    1.382823      1
     4   -3.598918   -1.628136    2.023297      1
     5    2.393203   -1.936333    1.464632      1
     6   -1.614085   -1.903370   -1.540683      1
     7    2.261375   -2.223420   -2.673119      1
     8   -3.335358   -0.496757    0.355177      1
     9    1.200208   -1.397940   -1.152055      1
    10   -5.179026   -0.285391   -0.486493      1
    11   -2.085405   -1.319638   -3.434401      1
    12    2.831407    0.806594    1.873221      1
    13   -1.579326    1.828530    2.830932      1
    14    4.614775    1.266583    2.141324      1
    15   -2.405611    1.998991    1.170149      1
    16    1.838234    1.430613   -0.684556      1
    17    3.222055    2.216775   -1.956498      1
    18   -0.519921    3.095445   -0.519465      1
    19   -1.328371    3.353746   -2.372044      1
    20   -0.019294    4.935645    0.184887      1
    21   -1.853980   -3.159648   -1.480652      2
    22    1.602378   -2.448212    2.343635      2
    23    3.466363   -2.641214    1.410183      2
    24   -3.494344   -1.210231    1.410584      2
    25    1.766364   -1.727579    0.138641      2
    26   -2.462682   -1.188813   -0.584437      2
    27   -0.214181   -1.652734   -1.329783      2
    28    1.868217   -1.916663   -2.107947      2
    29   -1.908155   -1.531029   -2.728864      2
    30    2.608646   -0.821435    1.651979      2
    31   -4.499849   -0.362771   -0.184061      2
    32    2.075863   -0.294715    0.338275      3
    33   -2.924132    0.515755    0.674278      2
    34   -0.797493    0.428494   -0.431485      3
    35    1.492819    0.023634   -0.977216      2
    36   -1.767800    1.861360    2.441576      2
    37    4.189984    1.150942    2.068624      2
    38    2.270688    1.205549    0.351667      2
    39   -1.269044    2.626542    0.158722      2
    40    0.648520    2.272839   -0.603601      2
    41    2.713051    1.926388   -1.483993      2
    42   -1.029019    3.250561   -1.690787      2
    43   -0.197908    4.260759   -0.069213      2
