-------------------------------------------------------------
----------------------- !PROPERTIES! ------------------------
-------------------------------------------------------------
# -----------------------------------------------------------
$ PAL_Flags
   description: The PAL Flags
   geom. index: 1
   prop. index: 1
        Diskflag:     2
# -----------------------------------------------------------
$ SCF_Energy
   description: The SCF energy
   geom. index: 1
   prop. index: 1
        SCF Energy:     -345.4786463443
# -----------------------------------------------------------
$ DFT_Energy
   description: The DFT energy
   geom. index: 1
   prop. index: 1
   Number of Alpha Electrons                 30.9999387809 
   Number of Beta  Electrons                 30.9999387809 
   Total number of  Electrons                61.9998775619 
   Exchange energy                          -32.3362447601 
   Correlation energy                        -2.5378848643 
   Correlation energy NL                      0.0000000000 
   Exchange-Correlation energy              -34.8741296244 
   Embedding correction                       0.0000000000 
   Total DFT Energy (No VdW correction)    -345.4786463443 
# -----------------------------------------------------------
$ Mayer_Pop
   description: The Mayer population analysis
   geom. index: 1
   prop. index: 1
     Number of atoms                     : 20
     Threshold for printing              : 0.1000000
     Number of bond orders printed       : 24
  NA   - Mulliken gross atomic population
  ZA   - Total nuclear charge
  QA   - Mulliken gross atomic charge
  VA   - Mayer's total valence
  BVA  - Mayer's bonded valence
  FA   - Mayer's free valence
  ATOM       NA         ZA         QA         VA         BVA        FA
  0   0     6.2755     6.0000    -0.2755     3.7206     3.7206    -0.0000
  1   0     6.4349     6.0000    -0.4349     3.7785     3.7785    -0.0000
  2   0     5.8777     6.0000     0.1223     3.2491     3.2491    -0.0000
  3   0     6.4413     6.0000    -0.4413     4.0678     4.0678    -0.0000
  4   0     7.4160     7.0000    -0.4160     2.7796     2.7796     0.0000
  5   0     6.0043     6.0000    -0.0043     3.9446     3.9446    -0.0000
  6   0     6.3653     6.0000    -0.3653     3.7029     3.7029     0.0000
  7   0     7.3793     7.0000    -0.3793     2.5749     2.5749     0.0000
  8   0     0.8345     1.0000     0.1655     0.9263     0.9263    -0.0000
  9   0     0.8667     1.0000     0.1333     0.9556     0.9556     0.0000
 10   0     0.8522     1.0000     0.1478     0.9573     0.9573    -0.0000
 11   0     0.8363     1.0000     0.1637     0.9281     0.9281    -0.0000
 12   0     0.8030     1.0000     0.1970     0.8936     0.8936    -0.0000
 13   0     0.8738     1.0000     0.1262     0.9650     0.9650    -0.0000
 14   0     0.8263     1.0000     0.1737     0.8832     0.8832    -0.0000
 15   0     0.7008     1.0000     0.2992     0.8582     0.8582     0.0000
 16   0     0.8382     1.0000     0.1618     0.9270     0.9270     0.0000
 17   0     0.8572     1.0000     0.1428     0.9443     0.9443    -0.0000
 18   0     0.8368     1.0000     0.1632     0.9370     0.9370    -0.0000
 19   0     0.6797     1.0000     0.3203     0.8523     0.8523     0.0000
      Bond orders larger than 0.1000000
           Atom A     A.N. of A          Atom B    A.N. of B              Bond order
                0             6               1            6                0.895395
                0             6               7            7                0.917022
                0             6               8            1                0.992747
                0             6               9            1                0.988361
                1             6               2            6                0.880568
                1             6              10            1                0.998144
                1             6              11            1                0.987115
                2             6               3            6                0.851480
                2             6               4            7               -0.122322
                2             6               5            6                0.987038
                2             6              12            1                0.804371
                3             6               4            7                0.933971
                3             6              13            1                0.973612
                3             6              14            1                0.968499
                4             7               5            6                1.372455
                4             7               6            6               -0.286231
                4             7              15            1                0.858101
                5             6               6            6                0.869554
                5             6               7            7               -0.107150
                5             6              16            1                0.773243
                6             6               7            7                1.003690
                6             6              17            1                1.001346
                6             6              18            1                1.026443
                7             7              19            1                0.873064
# -----------------------------------------------------------
$ VdW_Correction
   description: The Van der Waals Correction
   geom. index: 1
   prop. index: 1
        Van der Waals Correction:       -0.0348373378
# -----------------------------------------------------------
$ Hessian
   description: Details about the Hessian
   geom. index: 1
   prop. index: 1
Normal modes:
Number of Rows: 60 Number of Columns: 60
                  0          1          2          3          4          5    
      0       0.000000   0.000000   0.000000   0.000000   0.000000   0.000000
      1       0.000000   0.000000   0.000000   0.000000   0.000000   0.000000
      2       0.000000   0.000000   0.000000   0.000000   0.000000   0.000000
      3       0.000000   0.000000   0.000000   0.000000   0.000000   0.000000
      4       0.000000   0.000000   0.000000   0.000000   0.000000   0.000000
      5       0.000000   0.000000   0.000000   0.000000   0.000000   0.000000
      6       0.000000   0.000000   0.000000   0.000000   0.000000   0.000000
      7       0.000000   0.000000   0.000000   0.000000   0.000000   0.000000
      8       0.000000   0.000000   0.000000   0.000000   0.000000   0.000000
      9       0.000000   0.000000   0.000000   0.000000   0.000000   0.000000
     10       0.000000   0.000000   0.000000   0.000000   0.000000   0.000000
     11       0.000000   0.000000   0.000000   0.000000   0.000000   0.000000
     12       0.000000   0.000000   0.000000   0.000000   0.000000   0.000000
     13       0.000000   0.000000   0.000000   0.000000   0.000000   0.000000
     14       0.000000   0.000000   0.000000   0.000000   0.000000   0.000000
     15       0.000000   0.000000   0.000000   0.000000   0.000000   0.000000
     16       0.000000   0.000000   0.000000   0.000000   0.000000   0.000000
     17       0.000000   0.000000   0.000000   0.000000   0.000000   0.000000
     18       0.000000   0.000000   0.000000   0.000000   0.000000   0.000000
     19       0.000000   0.000000   0.000000   0.000000   0.000000   0.000000
     20       0.000000   0.000000   0.000000   0.000000   0.000000   0.000000
     21       0.000000   0.000000   0.000000   0.000000   0.000000   0.000000
     22       0.000000   0.000000   0.000000   0.000000   0.000000   0.000000
     23       0.000000   0.000000   0.000000   0.000000   0.000000   0.000000
     24       0.000000   0.000000   0.000000   0.000000   0.000000   0.000000
     25       0.000000   0.000000   0.000000   0.000000   0.000000   0.000000
     26       0.000000   0.000000   0.000000   0.000000   0.000000   0.000000
     27       0.000000   0.000000   0.000000   0.000000   0.000000   0.000000
     28       0.000000   0.000000   0.000000   0.000000   0.000000   0.000000
     29       0.000000   0.000000   0.000000   0.000000   0.000000   0.000000
     30       0.000000   0.000000   0.000000   0.000000   0.000000   0.000000
     31       0.000000   0.000000   0.000000   0.000000   0.000000   0.000000
     32       0.000000   0.000000   0.000000   0.000000   0.000000   0.000000
     33       0.000000   0.000000   0.000000   0.000000   0.000000   0.000000
     34       0.000000   0.000000   0.000000   0.000000   0.000000   0.000000
     35       0.000000   0.000000   0.000000   0.000000   0.000000   0.000000
     36       0.000000   0.000000   0.000000   0.000000   0.000000   0.000000
     37       0.000000   0.000000   0.000000   0.000000   0.000000   0.000000
     38       0.000000   0.000000   0.000000   0.000000   0.000000   0.000000
     39       0.000000   0.000000   0.000000   0.000000   0.000000   0.000000
     40       0.000000   0.000000   0.000000   0.000000   0.000000   0.000000
     41       0.000000   0.000000   0.000000   0.000000   0.000000   0.000000
     42       0.000000   0.000000   0.000000   0.000000   0.000000   0.000000
     43       0.000000   0.000000   0.000000   0.000000   0.000000   0.000000
     44       0.000000   0.000000   0.000000   0.000000   0.000000   0.000000
     45       0.000000   0.000000   0.000000   0.000000   0.000000   0.000000
     46       0.000000   0.000000   0.000000   0.000000   0.000000   0.000000
     47       0.000000   0.000000   0.000000   0.000000   0.000000   0.000000
     48       0.000000   0.000000   0.000000   0.000000   0.000000   0.000000
     49       0.000000   0.000000   0.000000   0.000000   0.000000   0.000000
     50       0.000000   0.000000   0.000000   0.000000   0.000000   0.000000
     51       0.000000   0.000000   0.000000   0.000000   0.000000   0.000000
     52       0.000000   0.000000   0.000000   0.000000   0.000000   0.000000
     53       0.000000   0.000000   0.000000   0.000000   0.000000   0.000000
     54       0.000000   0.000000   0.000000   0.000000   0.000000   0.000000
     55       0.000000   0.000000   0.000000   0.000000   0.000000   0.000000
     56       0.000000   0.000000   0.000000   0.000000   0.000000   0.000000
     57       0.000000   0.000000   0.000000   0.000000   0.000000   0.000000
     58       0.000000   0.000000   0.000000   0.000000   0.000000   0.000000
     59       0.000000   0.000000   0.000000   0.000000   0.000000   0.000000
                  6          7          8          9         10         11    
      0      -0.050054   0.133101   0.026641  -0.053952  -0.065280  -0.148808
      1      -0.013874  -0.100726   0.069831   0.027624   0.021437  -0.131893
      2      -0.098069   0.140821  -0.039764  -0.016627   0.011217   0.018567
      3      -0.008395   0.003214   0.008260  -0.044689  -0.004146  -0.207923
      4       0.000528   0.094511  -0.044296   0.153037   0.059683  -0.026100
      5      -0.074551  -0.094115  -0.002056  -0.078732   0.026298   0.004911
      6      -0.025077   0.005587   0.008202  -0.005371   0.011662  -0.179103
      7      -0.013681   0.006547  -0.009621  -0.086342   0.102365   0.122743
      8       0.053885  -0.027455  -0.043872   0.089035  -0.012379   0.052355
      9      -0.137287  -0.152854  -0.053657   0.159163  -0.028201   0.036220
     10       0.100938   0.020245   0.035952  -0.004848  -0.016473   0.084280
     11       0.127756   0.043110  -0.012844   0.059975  -0.030015  -0.025101
     12       0.172436  -0.058540  -0.230988  -0.007724   0.115661   0.023587
     13       0.070139   0.007013   0.065033   0.044445  -0.052888   0.072460
     14      -0.113287   0.011677   0.043437   0.001069   0.053627   0.085241
     15       0.011753   0.025135  -0.008043  -0.019856   0.061147   0.133840
     16       0.000694   0.000142   0.002816  -0.075254   0.060906   0.069354
     17      -0.059288  -0.025040  -0.067454  -0.015120   0.087070   0.038498
     18       0.000866   0.008446  -0.003633  -0.034830  -0.080038   0.173029
     19      -0.025846  -0.019113  -0.016207  -0.080308  -0.105468   0.019128
     20       0.089924  -0.061918  -0.060329  -0.039275  -0.120823  -0.019556
     21       0.042679   0.037104   0.245861  -0.008605   0.008675   0.132446
     22      -0.110555  -0.008966  -0.093326  -0.014845  -0.028178  -0.185272
     23       0.081246  -0.011903   0.161236   0.036691   0.030572  -0.166016
     24       0.001072  -0.002218   0.105807  -0.059952  -0.031296  -0.233617
     25       0.127040  -0.276436   0.332267   0.061058   0.091052  -0.106064
     26      -0.177672   0.393530  -0.154049  -0.000724  -0.048883   0.199443
     27      -0.188576   0.466820  -0.218589  -0.028991  -0.150270   0.000287
     28      -0.082571  -0.136327   0.028023  -0.049463   0.004884  -0.076945
     29      -0.169359   0.169637  -0.110638  -0.065574  -0.014871   0.084193
     30      -0.024233  -0.050824   0.036421  -0.257937   0.085600  -0.040126
     31      -0.000069   0.087633  -0.041151   0.163831   0.047528  -0.057227
     32      -0.122237  -0.311316   0.103916  -0.420691   0.053133  -0.069050
     33       0.064748  -0.032755  -0.013929   0.145251  -0.046772  -0.224220
     34       0.037279   0.333733  -0.149162   0.496855   0.000816  -0.004137
     35      -0.084306  -0.015759  -0.025293  -0.034509   0.022618   0.014963
     36       0.054629   0.054879   0.013528  -0.043887  -0.010658  -0.262620
     37      -0.091429  -0.036693  -0.038968  -0.120350   0.124085   0.075234
     38       0.155150   0.033770  -0.022873   0.077098  -0.041581   0.014592
     39      -0.271076  -0.197499   0.023178   0.253721  -0.097899   0.078602
     40      -0.097370  -0.046947   0.145521   0.134789  -0.116965   0.151062
     41       0.292388   0.154879   0.013492  -0.071714  -0.020646  -0.282751
     42      -0.256985  -0.240720  -0.047399   0.321020  -0.098979   0.212183
     43       0.393034   0.105318  -0.078040  -0.115861   0.037332  -0.054988
     44       0.159126  -0.005328  -0.064733   0.165253  -0.073233   0.078830
     45       0.190247  -0.048030  -0.236528  -0.022162   0.124731   0.025117
     46      -0.100691  -0.066086   0.143126   0.158792  -0.135838   0.085076
     47      -0.274673   0.036204   0.213060   0.029722  -0.016563   0.190753
     48      -0.086540   0.055753   0.083869  -0.040419   0.054952   0.220132
     49       0.009065   0.001636  -0.033896  -0.103529   0.114251  -0.086745
     50      -0.161658   0.010845   0.013837  -0.056616   0.114059   0.038013
     51      -0.059142  -0.004086  -0.194410  -0.077586  -0.093416   0.297889
     52       0.051269  -0.061862  -0.125795  -0.142540  -0.574757   0.156368
     53       0.126290  -0.062141   0.000751  -0.030533  -0.191726  -0.046066
     54       0.020226  -0.013351   0.006940  -0.012268  -0.314962   0.031225
     55      -0.059228   0.001806   0.026642  -0.053361   0.113607  -0.028978
     56       0.155780  -0.099209  -0.171486  -0.122898  -0.490027   0.201954
     57       0.047198   0.040263   0.499322   0.044581   0.100657   0.023618
     58      -0.205711   0.102235  -0.273881  -0.054019  -0.038585  -0.123591
     59       0.073861  -0.008873   0.056662   0.015337  -0.001965  -0.132658
                 12         13         14         15         16         17    
      0      -0.163102  -0.058248   0.073504  -0.131556  -0.000908  -0.148123
      1       0.002561  -0.051838   0.000945  -0.052204  -0.125382  -0.026146
      2       0.083094   0.031573  -0.066885   0.028219   0.028029   0.067236
      3       0.038480   0.124817   0.058565  -0.092021   0.066713   0.014653
      4       0.125204   0.124540   0.074092  -0.101793  -0.104397  -0.049880
      5       0.130234   0.196461  -0.003155  -0.119853   0.019338  -0.090128
      6       0.157243   0.035293  -0.120928   0.097991  -0.077792   0.064179
      7      -0.008399   0.049453   0.097869  -0.059095   0.007362   0.127825
      8      -0.141276   0.118622   0.110127  -0.023351   0.032897   0.028005
      9      -0.038406  -0.019293  -0.051530   0.045381  -0.047157   0.057632
     10       0.069042  -0.125464  -0.026099  -0.042724   0.041004  -0.082510
     11      -0.062208   0.034075   0.025360   0.089892  -0.072799   0.106816
     12      -0.081842  -0.041649  -0.051355   0.002436   0.003442  -0.096026
     13       0.069772  -0.116543  -0.030523  -0.058197   0.024333  -0.047443
     14      -0.007729  -0.102598  -0.087319  -0.017063   0.010406  -0.177059
     15       0.180281  -0.005461   0.098110   0.232108   0.010548  -0.106571
     16      -0.054610   0.080402   0.013992   0.090015  -0.012269   0.052368
     17      -0.119810  -0.090540  -0.084963  -0.106205   0.004756   0.049104
     18       0.094191  -0.078996   0.032440  -0.058343   0.095966   0.141245
     19      -0.199506   0.153622  -0.071350   0.186558   0.043270  -0.070424
     20       0.063300  -0.083064   0.046350  -0.038144  -0.020617   0.025047
     21      -0.114197   0.051907  -0.059651  -0.088339  -0.054860   0.052685
     22      -0.024243  -0.118850   0.018391   0.072815   0.097877   0.054645
     23       0.010734  -0.078536   0.047707   0.113413   0.078522   0.003700
     24      -0.077007   0.045996   0.029050  -0.206773   0.183420  -0.182535
     25      -0.000711  -0.030622  -0.094337  -0.034927   0.060743   0.064682
     26      -0.111577  -0.199239   0.014061   0.204111  -0.307696   0.166937
     27      -0.329039  -0.283436   0.229079   0.031223  -0.409422  -0.083460
     28       0.005512   0.036800  -0.112130  -0.100115  -0.070990  -0.018047
     29       0.061869   0.060688  -0.123821   0.023248   0.002066   0.086665
     30       0.090544   0.129281   0.264369  -0.039042   0.059893   0.259652
     31       0.113556   0.103101   0.064738  -0.110563  -0.138510  -0.091492
     32       0.083572  -0.136706   0.314226  -0.054678  -0.486538  -0.135209
     33      -0.062508   0.226783   0.067888  -0.112796   0.144306  -0.021250
     34       0.136431   0.398051  -0.272069  -0.176188   0.353626  -0.067430
     35       0.161561   0.244644  -0.101343  -0.136592   0.126003  -0.086139
     36       0.026940  -0.067866  -0.146380   0.142718  -0.072433   0.230256
     37      -0.181794  -0.007172  -0.088303  -0.240593   0.027308   0.417632
     38      -0.149839   0.070790   0.195083   0.097184   0.028758   0.002281
     39      -0.031410  -0.041932   0.007670   0.072470  -0.053178   0.069078
     40       0.074306  -0.161642   0.068519  -0.016409   0.040619  -0.077010
     41       0.145801   0.041924  -0.381156   0.146181  -0.216509   0.278236
     42      -0.199799  -0.048527   0.235994   0.057602   0.008393  -0.007009
     43       0.084823  -0.099734  -0.203493  -0.047038  -0.013946   0.035471
     44      -0.217246   0.023336   0.223161   0.105727  -0.048510   0.108339
     45      -0.071466  -0.048963  -0.056201  -0.001107   0.009405  -0.133744
     46       0.041623  -0.078921   0.011956   0.005966  -0.010518   0.153879
     47       0.178943  -0.003804   0.206713   0.362492   0.023464  -0.099934
     48       0.174926   0.052308   0.068476   0.358055   0.033775  -0.206304
     49       0.099493   0.001098  -0.058065   0.056182  -0.156608   0.199735
     50      -0.027838  -0.079282  -0.161412   0.001141  -0.057042   0.021980
     51       0.098661  -0.093264  -0.043415  -0.206586   0.082456   0.248721
     52       0.009177   0.405665  -0.222801   0.090118  -0.141124  -0.226503
     53       0.096474  -0.035090   0.050606   0.008405  -0.043724  -0.044142
     54       0.194814  -0.131288  -0.016211  -0.187896   0.111313   0.177665
     55      -0.293373   0.063323  -0.001564   0.254143   0.115495  -0.011388
     56       0.213113   0.180962  -0.096708  -0.098679  -0.207825  -0.141547
     57      -0.292131   0.140855  -0.172148   0.170988   0.052105  -0.023057
     58       0.061254  -0.108090   0.010289  -0.131016   0.027953   0.101484
     59       0.079472  -0.119270   0.091283   0.021601   0.051854   0.034238
                 18         19         20         21         22         23    
      0      -0.065756   0.048097  -0.079684   0.117919  -0.001065   0.053233
      1      -0.037186  -0.040487  -0.041121  -0.054129   0.054286  -0.034729
      2      -0.012749  -0.092479  -0.007797   0.038345  -0.008195  -0.088481
      3       0.042471  -0.042096   0.042803  -0.065046   0.005116  -0.109998
      4       0.054745   0.051995   0.067367   0.040221  -0.068954  -0.040357
      5      -0.012897   0.095918  -0.017089  -0.036784  -0.006847   0.061132
      6      -0.000289  -0.027516  -0.005524  -0.050070  -0.024086   0.054109
      7       0.047093  -0.037583  -0.011677   0.079486   0.054794   0.065820
      8       0.011667  -0.032837  -0.005307  -0.070108   0.076159   0.064155
      9      -0.007555   0.057687   0.029216   0.062515   0.047819   0.007794
     10      -0.005177   0.012388  -0.019222  -0.042195  -0.027402  -0.172579
     11      -0.008035  -0.001198  -0.020405   0.103952  -0.062609   0.014427
     12       0.032801  -0.037140   0.004639   0.010990   0.018623  -0.010940
     13       0.023686  -0.010914   0.033326  -0.009530   0.003325   0.114087
     14       0.057271  -0.074531   0.052506   0.001357   0.022488   0.090095
     15      -0.047281   0.006559  -0.036984   0.021500   0.023467   0.005726
     16      -0.073906  -0.000277  -0.081539  -0.044483  -0.012007   0.103130
     17      -0.003518   0.057326  -0.017788  -0.006268  -0.051057  -0.123382
     18       0.017555   0.080262   0.033188  -0.029052  -0.050046   0.055987
     19      -0.012068   0.055470   0.115055  -0.012751  -0.055781  -0.039885
     20      -0.092016   0.044193  -0.025653  -0.067480   0.013995  -0.023526
     21      -0.060755  -0.055924   0.046511  -0.036824   0.012933  -0.021515
     22       0.051590  -0.008422  -0.040791  -0.003995   0.015769   0.018895
     23       0.050014   0.014749   0.047123   0.017674  -0.009162   0.041905
     24      -0.134508   0.006493  -0.121687   0.312818  -0.069203   0.026310
     25      -0.124167  -0.215106  -0.061378   0.194741   0.022594  -0.089977
     26       0.136743  -0.034438   0.066816  -0.323476   0.130511  -0.040523
     27       0.135672   0.183506   0.056929  -0.364830   0.130171   0.119689
     28      -0.084618  -0.057318  -0.193612  -0.085259   0.086855  -0.097129
     29      -0.012818  -0.083322  -0.091128  -0.064037   0.035192  -0.122009
     30       0.241412  -0.214402   0.198185   0.089291  -0.043759  -0.376534
     31       0.034763   0.080906   0.054170   0.028383  -0.071563  -0.002720
     32       0.158308   0.116765   0.164090   0.097061  -0.161495  -0.015591
     33       0.040129   0.004225   0.088457  -0.399388   0.189744  -0.020510
     34      -0.164063   0.053795  -0.172856  -0.056697   0.076259   0.103315
     35      -0.073696   0.084447  -0.096532   0.029761  -0.017831   0.077940
     36      -0.013234  -0.198650  -0.098171  -0.076428  -0.038398  -0.010258
     37       0.082539   0.052131   0.072482   0.236836   0.237977   0.154486
     38      -0.014372  -0.209797  -0.121298  -0.174382  -0.027831  -0.034047
     39      -0.032161  -0.007940  -0.005588   0.034704  -0.157096   0.038349
     40      -0.034556  -0.093587  -0.072602  -0.092605  -0.328765  -0.132598
     41      -0.036923   0.364587   0.131017   0.225496   0.120229   0.144277
     42      -0.021069  -0.168553  -0.107675   0.021438  -0.244901  -0.108322
     43      -0.010264   0.258201   0.064659   0.111488   0.253459  -0.279728
     44      -0.026365  -0.093760  -0.116479   0.149555  -0.207356  -0.166889
     45       0.040271  -0.069911   0.013938  -0.008069  -0.013386   0.052580
     46      -0.022441   0.202491  -0.007204   0.143425   0.319725  -0.272748
     47      -0.097086   0.116490  -0.152090   0.131968   0.467909  -0.461546
     48      -0.036766   0.034224   0.058081   0.075699  -0.030170  -0.065985
     49      -0.127767  -0.063070  -0.367605  -0.147042  -0.211050   0.262896
     50      -0.018666   0.046646  -0.087548  -0.010414  -0.230547  -0.109370
     51       0.051164   0.145749  -0.141767  -0.032359  -0.136130  -0.108984
     52       0.284872  -0.285126  -0.056199   0.221417   0.065317   0.002108
     53      -0.048667  -0.035957   0.014066  -0.028410   0.068317   0.050657
     54       0.270201  -0.087527   0.046522   0.060894  -0.015880   0.236466
     55      -0.173355   0.205998   0.188245  -0.121510  -0.099618  -0.063020
     56       0.124435  -0.203262  -0.218452   0.129550   0.094769  -0.098485
     57       0.572453   0.200450  -0.495615  -0.043098  -0.023837  -0.128373
     58      -0.391205  -0.365183   0.311711   0.158136   0.039608  -0.019582
     59      -0.181046  -0.082769   0.243655   0.029763   0.002355   0.081382
                 24         25         26         27         28         29    
      0      -0.007933   0.015740  -0.016029  -0.023839  -0.040433   0.011864
      1       0.051256  -0.008581  -0.079940  -0.104365  -0.009291   0.160335
      2       0.026775   0.052121   0.009433  -0.050185  -0.093882   0.065231
      3       0.040931  -0.030673   0.014933  -0.031882   0.008949   0.090556
      4      -0.016041   0.049406   0.047011   0.049128  -0.032104  -0.044615
      5      -0.012154  -0.033084  -0.026889   0.034026   0.087923  -0.026805
      6      -0.005681   0.078399  -0.051218   0.036943   0.023490  -0.092229
      7       0.030006  -0.039113  -0.072325   0.017459   0.019119  -0.037322
      8      -0.075510   0.044278  -0.002379  -0.051296  -0.109236  -0.096893
      9      -0.040079  -0.041533   0.023599   0.018631  -0.068755   0.022776
     10      -0.114707  -0.059218  -0.111983   0.088185  -0.053116  -0.033275
     11       0.067327  -0.055770  -0.026249   0.055360   0.057803   0.062891
     12       0.009517   0.025310   0.004664   0.047396   0.039371   0.030178
     13       0.121165   0.064351   0.092755  -0.117186   0.049315  -0.016151
     14       0.019443  -0.011746   0.011303   0.113835  -0.046398   0.087982
     15       0.033882  -0.042112   0.008440  -0.112182   0.004308  -0.066211
     16      -0.080494   0.002738   0.048469   0.005260  -0.044540   0.095551
     17      -0.029198   0.019479   0.023911  -0.151119   0.077514  -0.082225
     18      -0.017509   0.052596  -0.036398   0.000592  -0.035218   0.112758
     19       0.036394   0.049064  -0.022572   0.005232   0.007231   0.033580
     20       0.121298  -0.011113   0.045734   0.092924  -0.044157  -0.085390
     21      -0.011055  -0.035015   0.059846   0.073552   0.050385  -0.108396
     22      -0.005960  -0.054090   0.074834   0.073225   0.018170  -0.149212
     23      -0.074953   0.000599  -0.033984  -0.055252   0.035641   0.054996
     24      -0.016614   0.088867   0.026358  -0.002782  -0.120848  -0.017583
     25      -0.039157   0.019489   0.099314  -0.128198  -0.225522  -0.007360
     26       0.023105  -0.109692  -0.024066  -0.089943   0.027455   0.066521
     27      -0.029668  -0.165636  -0.113303  -0.039560   0.220245   0.068874
     28       0.310086  -0.041667  -0.107968   0.016705  -0.002471   0.165505
     29       0.205173   0.002296  -0.026843   0.029299  -0.047757   0.080637
     30       0.249255  -0.224975   0.329580   0.107503  -0.101903   0.138835
     31      -0.057776   0.097584  -0.001180   0.028953  -0.029297  -0.060107
     32      -0.155045   0.239064   0.029081   0.023963  -0.126675  -0.146429
     33      -0.158691  -0.199177   0.045800  -0.260778  -0.045568   0.150582
     34       0.090138  -0.110695  -0.112083   0.031789   0.165020   0.032837
     35       0.071617  -0.028198  -0.078842   0.092946   0.155229  -0.028844
     36      -0.009922   0.424950  -0.354808   0.066691   0.048653  -0.295136
     37       0.162830  -0.003412  -0.501840  -0.096477   0.044730  -0.191211
     38      -0.153628   0.293289  -0.012455   0.030406  -0.107084  -0.180708
     39       0.039222  -0.160523  -0.095272   0.003786  -0.117994  -0.048618
     40       0.002539  -0.219517  -0.286481   0.062566  -0.114119  -0.145014
     41      -0.031630  -0.328936   0.040193  -0.023357  -0.348394   0.031346
     42       0.069617  -0.015988  -0.081609   0.062399   0.185641   0.109284
     43      -0.247849  -0.031822   0.122406   0.004191  -0.011024   0.125678
     44       0.104486  -0.022988  -0.012759   0.068439   0.331596   0.239380
     45       0.036655   0.002583  -0.007952   0.052148   0.004677   0.032041
     46      -0.024984   0.293504   0.242042  -0.078805   0.313425   0.060197
     47      -0.127463   0.262779  -0.002335   0.442978   0.260303   0.203596
     48       0.001819  -0.183280  -0.088488  -0.413150   0.030977  -0.243191
     49      -0.330588  -0.047048   0.388355   0.188283   0.126200   0.377050
     50      -0.214977  -0.170984   0.119800  -0.370175   0.208707  -0.115950
     51      -0.058715   0.194183   0.052509  -0.158075  -0.198022   0.276005
     52      -0.279391  -0.067359  -0.020073  -0.198724   0.131042   0.006285
     53       0.084207  -0.088363   0.006757   0.117748   0.043868  -0.156928
     54      -0.313306  -0.023234  -0.070844   0.173516   0.295627   0.156896
     55       0.194799   0.094358  -0.009446   0.093935  -0.075735   0.026426
     56      -0.060288  -0.066553   0.050399  -0.244813  -0.069910  -0.109685
     57       0.168665   0.010803   0.136918   0.059043  -0.165883  -0.188558
     58      -0.266378  -0.058018   0.138097  -0.038990   0.082903  -0.168787
     59      -0.148325  -0.016394  -0.054509  -0.053997   0.108510   0.074780
                 30         31         32         33         34         35    
      0       0.019965   0.029457   0.015752   0.041672   0.007387   0.006495
      1       0.023834   0.023344   0.017096  -0.004989  -0.009387   0.017319
      2      -0.010774  -0.023475  -0.058501   0.030859   0.041716  -0.010665
      3      -0.022382  -0.042826  -0.043868  -0.053370   0.010638  -0.028592
      4      -0.002465  -0.001535  -0.023416   0.001007  -0.012065   0.027355
      5      -0.013448  -0.001530   0.066984   0.022177   0.011397   0.021951
      6       0.003534   0.005962   0.046679   0.050243  -0.005677  -0.015147
      7       0.043174   0.019576   0.047364  -0.007968   0.079355  -0.138166
      8       0.030550   0.036942  -0.030980   0.029760  -0.066241   0.049131
      9       0.059471  -0.015995   0.010957  -0.007221  -0.028316  -0.049395
     10       0.016294  -0.005221   0.001021   0.035256  -0.049951  -0.033528
     11      -0.039100  -0.006502  -0.004852   0.034751  -0.041867  -0.097074
     12      -0.041841   0.041011  -0.019809   0.007492   0.009184  -0.003684
     13      -0.024758   0.017449  -0.011996   0.004088  -0.007357   0.012449
     14       0.019342  -0.052478   0.017254  -0.012427   0.005993   0.006633
     15      -0.002671  -0.002181  -0.011926  -0.014163  -0.001572   0.036558
     16      -0.030053  -0.031001  -0.019175  -0.069476   0.032166   0.053431
     17      -0.015717   0.053753  -0.004093  -0.040702   0.054509   0.034663
     18       0.013911  -0.013917  -0.010975   0.008437   0.013435   0.037000
     19       0.012656   0.026603   0.004580   0.039017  -0.000677  -0.014818
     20       0.011089  -0.024710  -0.007601   0.031018   0.011420  -0.028042
     21      -0.019138  -0.014640  -0.012797  -0.045088  -0.021350  -0.008292
     22      -0.022389  -0.034494  -0.001122  -0.029985  -0.009971   0.005658
     23      -0.009373   0.014291   0.026553  -0.055600  -0.050233  -0.010947
     24       0.016658  -0.002297  -0.068455   0.005637   0.009970  -0.003529
     25      -0.113630   0.006262   0.323894   0.545816   0.282124   0.077578
     26      -0.041543   0.038456   0.211765   0.249342   0.108672   0.032010
     27      -0.009369   0.026252   0.192106  -0.038337  -0.049828   0.069265
     28       0.248961   0.147034  -0.267791  -0.218264  -0.166487  -0.112482
     29       0.140629   0.060716  -0.234813  -0.131170  -0.074812  -0.095660
     30       0.221119   0.342042   0.270575   0.128120  -0.234708   0.443876
     31      -0.042748  -0.070410  -0.086727  -0.029368   0.031810  -0.051974
     32      -0.080505  -0.124937  -0.185676  -0.035837   0.055468  -0.071147
     33      -0.270632  -0.199910  -0.154281   0.247786   0.289480  -0.196097
     34       0.069538   0.051122   0.144109  -0.027247  -0.024357   0.050632
     35       0.076193   0.057986   0.145174  -0.066348  -0.070856   0.082191
     36       0.145280  -0.068145   0.091273  -0.104091   0.053815   0.198734
     37      -0.226534  -0.247016  -0.245422   0.210254  -0.349149   0.425419
     38       0.285073   0.124489   0.156910  -0.204739   0.205670  -0.084048
     39      -0.129826   0.172503  -0.035330  -0.111607   0.141085   0.105014
     40      -0.256264   0.265570  -0.066877  -0.102526   0.181150   0.179562
     41      -0.078570   0.222238  -0.033733  -0.262138   0.290168   0.213951
     42       0.021453  -0.222564   0.047854  -0.046556   0.134545   0.196559
     43       0.337590  -0.388990   0.105118  -0.066919   0.089851   0.230188
     44       0.083577  -0.404763   0.083682  -0.058786   0.195943   0.279402
     45      -0.054836   0.031273  -0.018955   0.006760  -0.006987   0.014644
     46       0.050496   0.059201  -0.007825   0.002731   0.104912  -0.096577
     47      -0.312258   0.234064  -0.103196   0.056471  -0.015825   0.074717
     48       0.201672  -0.112975  -0.082227   0.098671  -0.062322  -0.142989
     49       0.030682   0.074825  -0.171277   0.244991  -0.239189   0.102052
     50       0.249859  -0.005889  -0.174832   0.276575  -0.173876  -0.138492
     51      -0.259516  -0.027606   0.384579  -0.160476  -0.331542  -0.290830
     52      -0.042947   0.030864  -0.009603  -0.088696  -0.022246   0.085187
     53       0.116000  -0.018144  -0.175296   0.076877   0.154376   0.123398
     54       0.192358   0.266004  -0.263932   0.162565   0.249785  -0.025391
     55       0.019267  -0.022005   0.015051   0.070575  -0.015672  -0.004238
     56      -0.135694  -0.104415   0.139846  -0.157605  -0.120277   0.002262
     57      -0.082896  -0.100357   0.010996   0.028949   0.024703  -0.046968
     58      -0.175169  -0.048121   0.122316  -0.096251  -0.101927  -0.083537
     59       0.004339   0.040008   0.026653  -0.082610  -0.070183  -0.000722
                 36         37         38         39         40         41    
      0       0.012771   0.016341   0.036779   0.013885  -0.022275  -0.016185
      1      -0.033455  -0.032492   0.010324  -0.019662   0.091542   0.060587
      2      -0.019525  -0.033154   0.016441  -0.016909   0.082253   0.042918
      3      -0.024144   0.006674  -0.158836  -0.062722  -0.032002   0.019474
      4       0.004810   0.008039   0.012666   0.025406  -0.011996  -0.045896
      5      -0.013962  -0.028658   0.018286   0.020781   0.007348  -0.048793
      6       0.035795   0.110749   0.088216   0.010803  -0.000283   0.112103
      7       0.021545  -0.049315   0.036491  -0.029195  -0.027155   0.073656
      8       0.034613   0.038941  -0.012090  -0.008239  -0.012475   0.106140
      9      -0.009601  -0.015890  -0.017405  -0.050750   0.029098  -0.071950
     10      -0.015797   0.026673   0.009266  -0.029209   0.020134  -0.036217
     11      -0.053698   0.030668   0.007865  -0.038133   0.028626  -0.067144
     12      -0.039339  -0.011530  -0.009742   0.055721  -0.017129   0.027554
     13       0.014554  -0.018982  -0.015805  -0.002858   0.009273  -0.012422
     14      -0.001608  -0.013588  -0.002210   0.016487  -0.013802   0.008204
     15       0.081506  -0.030045  -0.000952  -0.096039   0.014841  -0.044846
     16      -0.053410   0.142646  -0.032061   0.077034   0.061695  -0.070343
     17       0.021225   0.058923   0.035020  -0.091034   0.024285  -0.045276
     18      -0.121547   0.015094   0.050028  -0.029702  -0.064823   0.016289
     19       0.049079  -0.038681  -0.002654  -0.021291   0.008374   0.020550
     20       0.037112  -0.012865  -0.037837   0.036110   0.037748   0.008576
     21       0.003323  -0.014670   0.005339   0.000774   0.015690   0.006528
     22      -0.031705   0.001185   0.008618   0.000321  -0.003301  -0.000020
     23       0.013503   0.005088   0.021242   0.014587  -0.039269  -0.011116
     24      -0.008917  -0.049138   0.102643   0.023481   0.128907   0.042692
     25       0.034428   0.181388  -0.335996  -0.018728  -0.328551  -0.218132
     26       0.040747   0.159082  -0.215774  -0.030125  -0.343065  -0.163862
     27      -0.068821  -0.056548  -0.088108  -0.002286   0.119206   0.031660
     28       0.266313   0.213734   0.148384   0.161889  -0.471573  -0.260478
     29       0.177108   0.130991   0.092500   0.102130  -0.298955  -0.173663
     30      -0.041857   0.010465   0.282357   0.201320   0.163801  -0.153870
     31       0.012715   0.003589  -0.065783  -0.016298  -0.058381  -0.017899
     32       0.042242  -0.005142  -0.109921  -0.027651  -0.133709   0.013786
     33       0.130006  -0.243915   0.574130   0.235084   0.007371  -0.318355
     34      -0.033122  -0.028226  -0.123202  -0.032502  -0.044552   0.041875
     35      -0.066365   0.028173  -0.228867  -0.076898  -0.018234   0.067338
     36      -0.103348  -0.431545  -0.089752   0.136912   0.017689  -0.478373
     37       0.092331  -0.127398  -0.109776   0.067257  -0.002977  -0.131971
     38      -0.108979  -0.343702  -0.078962   0.034557  -0.019970  -0.230211
     39       0.032008  -0.106645  -0.023267   0.057488  -0.093825   0.156822
     40       0.042987  -0.091029   0.007374   0.110540  -0.159434   0.306526
     41       0.039528  -0.276698  -0.124493   0.220574  -0.096392   0.075588
     42       0.128088  -0.012574   0.029773   0.146702  -0.032892   0.074435
     43       0.283222  -0.006497   0.054403  -0.085854  -0.067554   0.218764
     44       0.228329   0.014051   0.075547   0.142673  -0.075062   0.201579
     45       0.000598  -0.020807  -0.019964   0.026954   0.004492   0.004691
     46      -0.248697   0.016622   0.044962   0.224710  -0.155577   0.159246
     47      -0.005734  -0.070159  -0.051787   0.099288  -0.008155   0.063323
     48      -0.193216   0.057730  -0.200983   0.509661   0.065010   0.067764
     49       0.107201  -0.487180   0.006657  -0.287429  -0.217109   0.102517
     50      -0.196284  -0.223093  -0.161590   0.361136  -0.092948   0.193195
     51       0.425967  -0.109424  -0.135982   0.299593   0.067017   0.014125
     52      -0.070290   0.024534   0.073255  -0.131038  -0.138369  -0.085707
     53      -0.211313   0.055963   0.051448  -0.115362  -0.031246  -0.008081
     54       0.463275   0.149874  -0.288103   0.125171   0.398287  -0.128989
     55      -0.030607  -0.078591   0.033352  -0.061202  -0.081642   0.034783
     56      -0.176209  -0.009329   0.116006   0.004019  -0.076780   0.066500
     57       0.037206  -0.049809  -0.055714   0.011082   0.073878   0.036423
     58       0.106277  -0.051304  -0.039282   0.067174  -0.056377  -0.004489
     59       0.002940   0.016278   0.041551   0.014729  -0.067285  -0.022382
                 42         43         44         45         46         47    
      0       0.002925   0.002345   0.014590  -0.042482  -0.053085   0.001443
      1      -0.010027  -0.010073   0.008289  -0.023007  -0.027664  -0.022014
      2      -0.004485  -0.008109  -0.009996   0.016599   0.012343   0.035328
      3      -0.000099   0.015308  -0.020318  -0.004178  -0.012139   0.004806
      4       0.001944   0.027002  -0.044328  -0.015202  -0.005245   0.000440
      5      -0.000970   0.028813  -0.049239  -0.022917  -0.007999  -0.004150
      6       0.013200  -0.010170  -0.006171   0.018535  -0.007059  -0.004755
      7       0.026002  -0.009206  -0.009225   0.009563  -0.005714   0.000443
      8      -0.005937   0.001960  -0.010710   0.016816  -0.011137  -0.001238
      9       0.039543  -0.006257   0.002729  -0.013922   0.009739   0.000191
     10      -0.016378  -0.000847  -0.002025   0.064162  -0.048540  -0.010548
     11      -0.019498   0.004930   0.014052  -0.040673   0.035176   0.005697
     12      -0.008632   0.001436   0.000690  -0.004502   0.003025   0.002447
     13       0.074815  -0.019417  -0.006522  -0.004213   0.000258   0.000661
     14      -0.045444   0.013263   0.004084  -0.001918   0.001669   0.001822
     15      -0.070616   0.018264   0.005079   0.013052  -0.007278   0.001917
     16      -0.006245  -0.002578   0.010120  -0.021036   0.013885  -0.002919
     17       0.013075  -0.005175   0.001248   0.010456  -0.003051  -0.005980
     18       0.028746  -0.000200  -0.003635   0.004824   0.011241  -0.045684
     19       0.010356   0.068141   0.028374   0.014901   0.001637  -0.005164
     20      -0.026335  -0.040884  -0.015990  -0.013702  -0.000164  -0.024671
     21       0.000566  -0.001655   0.004312  -0.000696  -0.013527   0.055378
     22       0.005502   0.003651   0.005039  -0.000507  -0.014264   0.072173
     23       0.004794   0.001830  -0.001216   0.003360   0.004645  -0.010812
     24      -0.006303  -0.009237  -0.084781   0.147970   0.185730   0.049467
     25       0.017168   0.038196  -0.126683   0.229616   0.286262   0.128038
     26       0.020121   0.029247   0.148949  -0.309885  -0.390569  -0.018412
     27      -0.011417  -0.000887  -0.199543   0.387725   0.517333   0.023272
     28       0.040844   0.044649  -0.040114   0.064986   0.097354  -0.055666
     29       0.029553   0.029850  -0.068011   0.127034   0.166265   0.021485
     30      -0.028211  -0.087949   0.173994   0.003931   0.044657  -0.024002
     31       0.006875   0.014502  -0.015620  -0.002045  -0.004764   0.007027
     32      -0.008566  -0.281851   0.569818   0.157611   0.123352   0.033742
     33      -0.000225  -0.064902   0.140432   0.000806   0.057077   0.024346
     34      -0.018252  -0.287266   0.589532   0.144588   0.117717  -0.001525
     35      -0.008909  -0.047371   0.103305   0.024795   0.012040  -0.009359
     36      -0.024939   0.032332   0.015145  -0.088271   0.041009   0.005835
     37      -0.130307   0.049552   0.007920  -0.011930  -0.000273   0.007674
     38       0.048606   0.005933  -0.009210  -0.052515   0.018699   0.002432
     39      -0.038252   0.025544   0.018422  -0.259945   0.199652   0.046615
     40      -0.144008   0.050688   0.024749  -0.324733   0.254799   0.061887
     41       0.050085  -0.019222  -0.057753   0.329393  -0.274670  -0.046725
     42       0.074027  -0.035463  -0.046920   0.336979  -0.282636  -0.054471
     43       0.097393   0.006440   0.017286  -0.391062   0.300166   0.066370
     44       0.073808  -0.023591  -0.023644   0.089250  -0.087369  -0.008441
     45       0.109445  -0.025115  -0.006874  -0.015920   0.007634   0.001686
     46      -0.730272   0.165921   0.045336   0.074774  -0.033718   0.009278
     47       0.479863  -0.109241  -0.032635  -0.045890   0.019913  -0.000074
     48       0.090642  -0.055494  -0.013213  -0.069026   0.023512   0.010390
     49      -0.076524   0.071651  -0.003306   0.052844  -0.022600   0.003190
     50       0.166200  -0.052208  -0.032385  -0.034488   0.006286   0.003693
     51      -0.112948  -0.140706  -0.057684  -0.038158  -0.040645   0.192192
     52      -0.159092  -0.590241  -0.274376  -0.070987  -0.038351   0.036979
     53       0.011322  -0.077816  -0.037994  -0.010858   0.014328  -0.120420
     54      -0.073313   0.145415   0.084259  -0.013156   0.015549  -0.041287
     55      -0.065583  -0.226336  -0.107360  -0.022829  -0.009283  -0.043657
     56       0.213627   0.549325   0.239922   0.091352   0.024697   0.051720
     57      -0.029645  -0.010346  -0.000696  -0.032687   0.075108  -0.536132
     58      -0.021651   0.018140   0.008046  -0.027735   0.100956  -0.757881
     59       0.015251   0.007227   0.001452   0.012396  -0.020616   0.155862
                 48         49         50         51         52         53    
      0       0.002737   0.001209  -0.049828  -0.017081  -0.002152  -0.010836
      1       0.002872  -0.000146  -0.021886  -0.022285  -0.003175   0.017264
      2      -0.003717   0.000484   0.019385   0.030487   0.002331  -0.029147
      3      -0.000457  -0.001064   0.013046  -0.016503   0.000499   0.008301
      4      -0.000057  -0.000985   0.021084  -0.014109  -0.003805  -0.000084
      5      -0.000467  -0.002453   0.026579  -0.046761   0.002089   0.024128
      6      -0.007660  -0.011571   0.003980  -0.015168  -0.019240  -0.033920
      7       0.004796   0.006871  -0.002769   0.011731   0.013043   0.024322
      8       0.007212   0.014540  -0.005236   0.020945   0.025716   0.045798
      9       0.029573   0.003807   0.004158   0.008632   0.006854   0.013684
     10      -0.053241  -0.000895  -0.004483   0.001302   0.002713   0.007174
     11       0.028293  -0.001399   0.001215  -0.006186  -0.007187  -0.015650
     12      -0.001689  -0.003379  -0.000437   0.000079  -0.000697   0.000233
     13      -0.001137  -0.001010  -0.000042   0.000315  -0.000188   0.000510
     14      -0.000637  -0.000235  -0.000017  -0.000175   0.000030  -0.000034
     15      -0.002888   0.056163   0.002949  -0.008933   0.005098  -0.013953
     16      -0.000225   0.030580   0.001425  -0.005038   0.000799  -0.008743
     17       0.001452  -0.049200  -0.002766   0.008096  -0.003881   0.012168
     18      -0.000027   0.001564  -0.000311   0.003704  -0.011718   0.004215
     19       0.000041  -0.009237  -0.001068  -0.009056   0.048521  -0.019336
     20       0.000275   0.007241  -0.001465   0.008775  -0.038157   0.013297
     21       0.000212  -0.000284   0.000322  -0.000221   0.001023  -0.000075
     22       0.000132  -0.000312  -0.001365  -0.000112   0.000042  -0.000638
     23       0.000100   0.000126  -0.000933  -0.001295   0.000801   0.000534
     24      -0.025219  -0.014980   0.527063   0.135138   0.019019   0.177878
     25       0.003968   0.001267  -0.068615  -0.024678   0.000150  -0.018731
     26      -0.013760  -0.006887   0.262304   0.072310   0.010154   0.079984
     27      -0.007985   0.000004   0.056038   0.056602   0.006344  -0.039150
     28      -0.038000  -0.001139   0.338046   0.295404   0.031934  -0.183272
     29       0.054423   0.001368  -0.483912  -0.423262  -0.043080   0.261178
     30       0.002187   0.002873  -0.056708   0.044198   0.004925  -0.012861
     31       0.003525   0.021208  -0.353989   0.339223   0.039308  -0.078380
     32       0.000195  -0.003191   0.036447  -0.035745  -0.001857   0.009735
     33       0.003483   0.008387  -0.096074   0.160762  -0.008281  -0.085450
     34      -0.002400  -0.009752   0.111307  -0.178225   0.005512   0.086981
     35       0.008196   0.031163  -0.352900   0.584883  -0.022155  -0.294720
     36       0.078520   0.132118  -0.045630   0.184306   0.226794   0.405348
     37      -0.053933  -0.086782   0.033724  -0.131981  -0.153581  -0.277066
     38      -0.098386  -0.169204   0.062045  -0.245153  -0.293953  -0.523746
     39      -0.692153  -0.020194  -0.062319  -0.033613  -0.007517  -0.003256
     40       0.465721   0.015422   0.043121   0.023233   0.006649   0.004222
     41       0.027526   0.000318   0.002361  -0.000586   0.000161   0.000728
     42       0.355806  -0.021703   0.015971  -0.070976  -0.076960  -0.166047
     43       0.168045  -0.010402   0.007380  -0.036263  -0.038772  -0.083536
     44      -0.342379   0.020360  -0.014154   0.070801   0.076370   0.164907
     45       0.023542   0.040098   0.005313  -0.003088   0.005938  -0.006433
     46       0.001667   0.011393   0.001039  -0.001843   0.003101  -0.003383
     47       0.006571  -0.003488   0.000233   0.000633  -0.000890   0.000570
     48       0.030454  -0.654531  -0.034598   0.102902  -0.053558   0.162055
     49       0.014158  -0.354816  -0.017528   0.054307  -0.020299   0.086854
     50      -0.024689   0.586401   0.030719  -0.091815   0.043262  -0.141531
     51       0.000279  -0.052593   0.001065  -0.062612   0.275255  -0.100826
     52       0.000065   0.017313  -0.001133   0.023332  -0.098531   0.035651
     53      -0.000494  -0.137452   0.004324  -0.148977   0.664247  -0.238342
     54      -0.000707   0.034762   0.004407   0.025105  -0.143511   0.054821
     55      -0.002823   0.103042   0.018289   0.084270  -0.469017   0.184799
     56      -0.001515   0.045390   0.007677   0.038227  -0.204089   0.079957
     57      -0.001212  -0.000412  -0.003058   0.003616  -0.006824  -0.000903
     58      -0.000112  -0.000406  -0.000381  -0.003281   0.003322   0.002221
     59      -0.002021   0.003589   0.008672   0.016144  -0.012259  -0.008536
                 54         55         56         57         58         59    
      0       0.050337  -0.000009   0.014747  -0.003174  -0.000080   0.001937
      1      -0.027059  -0.000442  -0.016602   0.005806  -0.000022  -0.003884
      2       0.051741   0.000268   0.028205  -0.009051  -0.000147   0.002371
      3       0.008158   0.000894   0.003628  -0.001973   0.000037  -0.000029
      4       0.037597   0.024108  -0.062613   0.025158  -0.000043  -0.000483
      5       0.004099  -0.011086   0.043616  -0.019003  -0.000107   0.000262
      6      -0.008929  -0.014321  -0.003486   0.000233   0.000089  -0.000123
      7       0.006299   0.010087   0.001854   0.000759  -0.000496   0.000074
      8       0.011014   0.017761   0.004988  -0.000857  -0.000715   0.000109
      9       0.014780  -0.076292  -0.020685   0.002803   0.005122  -0.000049
     10       0.000821   0.003233  -0.000216   0.000143  -0.003798   0.000096
     11      -0.009863   0.042650   0.011889  -0.001511  -0.002609  -0.000030
     12      -0.000424   0.004019   0.001267   0.000155   0.070874   0.000229
     13       0.000227  -0.000581   0.000043  -0.000064   0.012104   0.000075
     14       0.000036  -0.000253  -0.000028   0.000419   0.002836  -0.000029
     15      -0.004048  -0.002511  -0.001187  -0.001017   0.002655   0.000288
     16      -0.002719  -0.001255  -0.000635  -0.001180   0.001424  -0.000001
     17       0.003349   0.001027   0.000602  -0.001459  -0.004878  -0.000029
     18       0.001865   0.002388  -0.011993  -0.033984  -0.000093   0.002835
     19      -0.004338   0.002717  -0.021892  -0.048525   0.000334  -0.000355
     20       0.004781   0.004844  -0.021800  -0.065232   0.000064   0.002641
     21      -0.001207  -0.000106  -0.000151   0.000944  -0.000106   0.020944
     22       0.001881  -0.000070   0.001046  -0.000310  -0.000101  -0.000081
     23      -0.002302  -0.000196  -0.000663   0.002104   0.000028   0.068398
     24      -0.649556   0.002180  -0.214812   0.060055   0.000585  -0.019772
     25       0.077914  -0.000197   0.025752  -0.004695  -0.000073   0.003699
     26      -0.297789   0.001010  -0.097611   0.026689   0.000265  -0.008808
     27       0.054068   0.000102   0.037366  -0.012697  -0.000174   0.002302
     28       0.225802   0.005326   0.163397  -0.055199  -0.000324   0.017601
     29      -0.323901  -0.007481  -0.236189   0.080346   0.000466  -0.028543
     30      -0.071934  -0.039141   0.096183  -0.037383  -0.000065   0.000545
     31      -0.472978  -0.253856   0.614988  -0.241591   0.000243  -0.000093
     32       0.036480   0.019218  -0.041178   0.016782  -0.000158  -0.000522
     33      -0.019966   0.033353  -0.135050   0.059930   0.000204  -0.000725
     34       0.026970  -0.031422   0.134134  -0.059131  -0.000072   0.000716
     35      -0.076812   0.118498  -0.481595   0.213409   0.000388  -0.003282
     36       0.101679   0.161666   0.039462  -0.004673  -0.002180   0.000398
     37      -0.067993  -0.111783  -0.026827   0.002947   0.001968  -0.000355
     38      -0.127859  -0.211028  -0.052885   0.006729   0.003365  -0.000699
     39      -0.065607   0.415396   0.101697  -0.012336  -0.040954   0.000911
     40       0.046261  -0.284026  -0.068493   0.009064   0.021643   0.000020
     41       0.001315  -0.005099  -0.001961   0.001054   0.000480  -0.000186
     42      -0.111473   0.497885   0.140654  -0.019488  -0.016577  -0.000571
     43      -0.056016   0.255120   0.072738  -0.010175  -0.007255   0.000337
     44       0.112236  -0.501778  -0.145216   0.021067   0.020027  -0.000108
     45       0.003994  -0.048834  -0.013571   0.002512  -0.985602  -0.000510
     46      -0.000978  -0.002302  -0.000441  -0.000254  -0.136405  -0.000231
     47      -0.000459   0.003521   0.000925   0.000616   0.011461  -0.001045
     48       0.046377   0.020386   0.014110   0.003879  -0.031433   0.001337
     49       0.025036   0.010490   0.007044   0.001621  -0.014901  -0.000232
     50      -0.040456  -0.016903  -0.011127  -0.001373   0.021869   0.000105
     51      -0.028688  -0.016326   0.061796   0.213993   0.001885  -0.010292
     52       0.012114   0.006585  -0.024726  -0.087099  -0.000726   0.001547
     53      -0.072314  -0.039729   0.145724   0.511416   0.001101  -0.026124
     54       0.010221  -0.011783   0.081660   0.189475  -0.000289  -0.005466
     55       0.034531  -0.041189   0.284258   0.661502  -0.000422  -0.008605
     56       0.014974  -0.016417   0.116352   0.271616  -0.000010  -0.001866
     57       0.012847   0.001375   0.001117  -0.016321  -0.000905  -0.320272
     58      -0.006278  -0.001834  -0.004168   0.000771   0.000523   0.039937
     59       0.030111   0.001524   0.010045  -0.026249   0.000966  -0.942415
# -----------------------------------------------------------
$ THERMOCHEMISTRY_Energies
   description: The Thermochemistry energies
   geom. index: 1
   prop. index: 1
        Temperature (Kelvin)           :        298.1500000000
        Pressure (atm)                 :          1.0000000000
        Total Mass (AMU)               :        112.1760000000
        Spin Degeneracy                :          1.0000000000
        Electronic Energy (Hartree)    :       -345.5134836822
        Translational Energy (Hartree) :          0.0014162714
        Rotational Energy (Hartree)    :          0.0014162714
        Vibrational Energy (Hartree)   :          0.0036036613
        Number of frequencies          :     60      
        Scaling Factor for frequencies :          1.0000000000
        Vibrational frequencies        :     
                  0    
      0       0.000000
      1       0.000000
      2       0.000000
      3       0.000000
      4       0.000000
      5       0.000000
      6     129.310242
      7     218.248871
      8     277.370250
      9     352.823893
     10     419.428474
     11     466.658588
     12     584.026578
     13     682.856156
     14     788.688937
     15     810.620480
     16     860.698038
     17     901.778142
     18     907.717367
     19     975.921468
     20     993.594759
     21     1015.496028
     22     1030.897451
     23     1090.257226
     24     1116.754507
     25     1121.092994
     26     1144.951899
     27     1146.776549
     28     1186.746261
     29     1204.466686
     30     1236.119861
     31     1272.133855
     32     1293.387944
     33     1324.089528
     34     1355.077375
     35     1363.896520
     36     1378.321837
     37     1386.431619
     38     1409.276393
     39     1427.697382
     40     1444.661013
     41     1460.748974
     42     1487.826418
     43     1502.389436
     44     1516.370657
     45     1537.546633
     46     1547.833484
     47     1579.217914
     48     2913.683774
     49     2915.025562
     50     2938.168642
     51     2946.211557
     52     2953.763075
     53     2964.581011
     54     2969.915048
     55     2986.759953
     56     2995.806158
     57     3002.202107
     58     3215.591832
     59     3237.403762
        Zero Point Energy (Hartree)    :          0.1845072498
        Inner Energy (Hartree)         :       -345.3225402282
        Enthalpy (Hartree)             :       -345.3215960192
        Electronic entropy             :          0.0000000000
        Rotational entropy             :          0.0131437573
        Vibrational entropy            :          0.0056628295
        Translational entropy          :          0.0131437573
        Entropy                        :          0.0378405568
        Gibbs Energy (Hartree)         :       -345.3594365760
        Is Linear                      :                 false
# -----------------------------------------------------------
$ PAL_Flags
   description: The PAL Flags
   geom. index: 2
   prop. index: 1
        Diskflag:     2
# -----------------------------------------------------------
$ SCF_Energy
   description: The SCF energy
   geom. index: 2
   prop. index: 1
        SCF Energy:     -345.4873522742
# -----------------------------------------------------------
$ DFT_Energy
   description: The DFT energy
   geom. index: 2
   prop. index: 1
   Number of Alpha Electrons                 30.9999367320 
   Number of Beta  Electrons                 30.9999367320 
   Total number of  Electrons                61.9998734640 
   Exchange energy                          -32.3755189721 
   Correlation energy                        -2.5395917948 
   Correlation energy NL                      0.0000000000 
   Exchange-Correlation energy              -34.9151107669 
   Embedding correction                       0.0000000000 
   Total DFT Energy (No VdW correction)    -345.4873522742 
# -----------------------------------------------------------
$ VdW_Correction
   description: The Van der Waals Correction
   geom. index: 2
   prop. index: 1
        Van der Waals Correction:       -0.0347769763
# -----------------------------------------------------------
$ PAL_Flags
   description: The PAL Flags
   geom. index: 3
   prop. index: 1
        Diskflag:     2
# -----------------------------------------------------------
$ SCF_Energy
   description: The SCF energy
   geom. index: 3
   prop. index: 1
        SCF Energy:     -345.4879418751
# -----------------------------------------------------------
$ DFT_Energy
   description: The DFT energy
   geom. index: 3
   prop. index: 1
   Number of Alpha Electrons                 30.9999647982 
   Number of Beta  Electrons                 30.9999647982 
   Total number of  Electrons                61.9999295964 
   Exchange energy                          -32.3702631184 
   Correlation energy                        -2.5392515426 
   Correlation energy NL                      0.0000000000 
   Exchange-Correlation energy              -34.9095146610 
   Embedding correction                       0.0000000000 
   Total DFT Energy (No VdW correction)    -345.4879418751 
# -----------------------------------------------------------
$ VdW_Correction
   description: The Van der Waals Correction
   geom. index: 3
   prop. index: 1
        Van der Waals Correction:       -0.0347746805
# -----------------------------------------------------------
$ PAL_Flags
   description: The PAL Flags
   geom. index: 4
   prop. index: 1
        Diskflag:     2
# -----------------------------------------------------------
$ SCF_Energy
   description: The SCF energy
   geom. index: 4
   prop. index: 1
        SCF Energy:     -345.4881242795
# -----------------------------------------------------------
$ DFT_Energy
   description: The DFT energy
   geom. index: 4
   prop. index: 1
   Number of Alpha Electrons                 31.0000035489 
   Number of Beta  Electrons                 31.0000035489 
   Total number of  Electrons                62.0000070978 
   Exchange energy                          -32.3684491723 
   Correlation energy                        -2.5392035446 
   Correlation energy NL                      0.0000000000 
   Exchange-Correlation energy              -34.9076527169 
   Embedding correction                       0.0000000000 
   Total DFT Energy (No VdW correction)    -345.4881242795 
# -----------------------------------------------------------
$ VdW_Correction
   description: The Van der Waals Correction
   geom. index: 4
   prop. index: 1
        Van der Waals Correction:       -0.0347840162
# -----------------------------------------------------------
$ PAL_Flags
   description: The PAL Flags
   geom. index: 5
   prop. index: 1
        Diskflag:     2
# -----------------------------------------------------------
$ SCF_Energy
   description: The SCF energy
   geom. index: 5
   prop. index: 1
        SCF Energy:     -345.4881571081
# -----------------------------------------------------------
$ DFT_Energy
   description: The DFT energy
   geom. index: 5
   prop. index: 1
   Number of Alpha Electrons                 31.0000232856 
   Number of Beta  Electrons                 31.0000232856 
   Total number of  Electrons                62.0000465713 
   Exchange energy                          -32.3689282074 
   Correlation energy                        -2.5393264815 
   Correlation energy NL                      0.0000000000 
   Exchange-Correlation energy              -34.9082546890 
   Embedding correction                       0.0000000000 
   Total DFT Energy (No VdW correction)    -345.4881571081 
# -----------------------------------------------------------
$ VdW_Correction
   description: The Van der Waals Correction
   geom. index: 5
   prop. index: 1
        Van der Waals Correction:       -0.0347970328
# -----------------------------------------------------------
$ PAL_Flags
   description: The PAL Flags
   geom. index: 6
   prop. index: 1
        Diskflag:     2
# -----------------------------------------------------------
$ SCF_Energy
   description: The SCF energy
   geom. index: 6
   prop. index: 1
        SCF Energy:     -345.4881722577
# -----------------------------------------------------------
$ DFT_Energy
   description: The DFT energy
   geom. index: 6
   prop. index: 1
   Number of Alpha Electrons                 31.0000209597 
   Number of Beta  Electrons                 31.0000209597 
   Total number of  Electrons                62.0000419195 
   Exchange energy                          -32.3695193884 
   Correlation energy                        -2.5393741806 
   Correlation energy NL                      0.0000000000 
   Exchange-Correlation energy              -34.9088935690 
   Embedding correction                       0.0000000000 
   Total DFT Energy (No VdW correction)    -345.4881722577 
# -----------------------------------------------------------
$ VdW_Correction
   description: The Van der Waals Correction
   geom. index: 6
   prop. index: 1
        Van der Waals Correction:       -0.0347893910
# -----------------------------------------------------------
$ PAL_Flags
   description: The PAL Flags
   geom. index: 7
   prop. index: 1
        Diskflag:     2
# -----------------------------------------------------------
$ SCF_Energy
   description: The SCF energy
   geom. index: 7
   prop. index: 1
        SCF Energy:     -345.4881813053
# -----------------------------------------------------------
$ DFT_Energy
   description: The DFT energy
   geom. index: 7
   prop. index: 1
   Number of Alpha Electrons                 31.0000177818 
   Number of Beta  Electrons                 31.0000177818 
   Total number of  Electrons                62.0000355636 
   Exchange energy                          -32.3697054186 
   Correlation energy                        -2.5393795605 
   Correlation energy NL                      0.0000000000 
   Exchange-Correlation energy              -34.9090849791 
   Embedding correction                       0.0000000000 
   Total DFT Energy (No VdW correction)    -345.4881813053 
# -----------------------------------------------------------
$ Mayer_Pop
   description: The Mayer population analysis
   geom. index: 7
   prop. index: 1
     Number of atoms                     : 20
     Threshold for printing              : 0.1000000
     Number of bond orders printed       : 22
  NA   - Mulliken gross atomic population
  ZA   - Total nuclear charge
  QA   - Mulliken gross atomic charge
  VA   - Mayer's total valence
  BVA  - Mayer's bonded valence
  FA   - Mayer's free valence
  ATOM       NA         ZA         QA         VA         BVA        FA
  0   0     6.3009     6.0000    -0.3009     3.7805     3.7805     0.0000
  1   0     6.4052     6.0000    -0.4052     3.7219     3.7219     0.0000
  2   0     5.9635     6.0000     0.0365     3.4922     3.4922    -0.0000
  3   0     6.3837     6.0000    -0.3837     4.0099     4.0099    -0.0000
  4   0     7.4782     7.0000    -0.4782     2.7927     2.7927    -0.0000
  5   0     5.9394     6.0000     0.0606     3.9044     3.9044     0.0000
  6   0     6.3791     6.0000    -0.3791     3.7539     3.7539     0.0000
  7   0     7.3654     7.0000    -0.3654     2.5641     2.5641    -0.0000
  8   0     0.8342     1.0000     0.1658     0.9214     0.9214     0.0000
  9   0     0.8629     1.0000     0.1371     0.9538     0.9538    -0.0000
 10   0     0.8539     1.0000     0.1461     0.9610     0.9610     0.0000
 11   0     0.8345     1.0000     0.1655     0.9253     0.9253    -0.0000
 12   0     0.8062     1.0000     0.1938     0.8939     0.8939    -0.0000
 13   0     0.8718     1.0000     0.1282     0.9596     0.9596    -0.0000
 14   0     0.8353     1.0000     0.1647     0.8976     0.8976    -0.0000
 15   0     0.6911     1.0000     0.3089     0.8602     0.8602     0.0000
 16   0     0.8308     1.0000     0.1692     0.9192     0.9192    -0.0000
 17   0     0.8571     1.0000     0.1429     0.9468     0.9468    -0.0000
 18   0     0.8371     1.0000     0.1629     0.9380     0.9380     0.0000
 19   0     0.6696     1.0000     0.3304     0.8437     0.8437     0.0000
      Bond orders larger than 0.1000000
           Atom A     A.N. of A          Atom B    A.N. of B              Bond order
                0             6               1            6                0.914364
                0             6               7            7                0.936452
                0             6               8            1                0.984566
                0             6               9            1                0.996762
                1             6               2            6                0.877122
                1             6              10            1                0.990962
                1             6              11            1                0.976480
                2             6               3            6                0.926832
                2             6               5            6                1.041481
                2             6              12            1                0.806016
                3             6               4            7                0.885109
                3             6              13            1                0.972103
                3             6              14            1                0.972719
                4             7               5            6                1.325263
                4             7               6            6               -0.252633
                4             7              15            1                0.856967
                5             6               6            6                0.893993
                5             6              16            1                0.752815
                6             6               7            7                0.993501
                6             6              17            1                1.005579
                6             6              18            1                1.025371
                7             7              19            1                0.866292
# -----------------------------------------------------------
$ VdW_Correction
   description: The Van der Waals Correction
   geom. index: 7
   prop. index: 1
        Van der Waals Correction:       -0.0347825052
# -----------------------------------------------------------
$ SCF_Electric_Properties
   description: The SCF Calculated Electric Properties
   geom. index: 7
   prop. index: 1
       Filename                          : file.scfp 
       Do Dipole Moment Calculation      : true 
       Do Quadrupole Moment Calculation  : false 
       Do Polarizability Calculation     : false 
** Dipole moment part of electric properties **
        Magnitude of dipole moment (Debye) :        2.7636911357
        Electronic Contribution:
                  0    
      0       1.248774
      1       1.433350
      2       0.884693
        Nuclear Contribution:
                  0    
      0      -0.463501
      1      -2.016773
      2      -1.359225
        Total Dipole moment:
                  0    
      0       0.785273
      1      -0.583423
      2      -0.474532
# -------------------------------------------------------------
----------------------- !GEOMETRIES! ------------------------
# -------------------------------------------------------------
------------------------ !GEOMETRY! -------------------------
    Number of atoms:    20 
    Geometry Index:     1 
    Coordinates:
               0 C     -1.770400000000   -0.281800000000    0.190200000000
               1 C     -0.842700000000   -1.017000000000   -0.804500000000
               2 C      0.655400000000   -0.718100000000   -0.624000000000
               3 C      1.226800000000   -0.980000000000    0.761800000000
               4 N      1.523300000000    0.437200000000    0.992500000000
               5 C      0.975300000000    0.738600000000   -0.334600000000
               6 C     -0.269500000000    1.637700000000   -0.249700000000
               7 N     -1.308000000000    1.056700000000    0.611800000000
               8 H     -2.773600000000   -0.176500000000   -0.274700000000
               9 H     -1.910700000000   -0.922900000000    1.089100000000
              10 H     -1.009300000000   -2.112800000000   -0.726000000000
              11 H     -1.124700000000   -0.717300000000   -1.837300000000
              12 H      1.289600000000   -1.144300000000   -1.432300000000
              13 H      2.149000000000   -1.604400000000    0.729300000000
              14 H      0.484000000000   -1.356000000000    1.498000000000
              15 H      2.562300000000    0.568500000000    0.959400000000
              16 H      1.744800000000    1.153400000000   -1.026500000000
              17 H     -0.680900000000    1.803100000000   -1.269300000000
              18 H      0.026600000000    2.630000000000    0.153200000000
              19 H     -0.947200000000    1.005900000000    1.593500000000
------------------------ !GEOMETRY! -------------------------
    Number of atoms:    20 
    Geometry Index:     2 
    Coordinates:
               0 C     -1.760846286136   -0.277642044070    0.183301381558
               1 C     -0.842429102566   -1.014558088073   -0.819421495580
               2 C      0.643158632013   -0.727238361792   -0.615379296334
               3 C      1.244616752552   -1.006968386513    0.781288923582
               4 N      1.542851503827    0.438599319879    0.985123840165
               5 C      0.973561400667    0.762652206845   -0.354336112873
               6 C     -0.271537725609    1.639868419125   -0.251557854130
               7 N     -1.288110932434    1.049811077872    0.610558719457
               8 H     -2.756182802091   -0.175553946265   -0.271512841196
               9 H     -1.896757448323   -0.894756716200    1.078787502827
              10 H     -1.025622720359   -2.094907713660   -0.751961297235
              11 H     -1.111112288270   -0.719122929800   -1.842424851467
              12 H      1.237468021929   -1.163438796497   -1.424213906249
              13 H      2.134127238759   -1.646369191596    0.774536201545
              14 H      0.531407182244   -1.389424188841    1.520656377423
              15 H      2.541799834416    0.596756459850    0.993475095543
              16 H      1.708123618294    1.196888618936   -1.045813908987
              17 H     -0.694038706535    1.805525540747   -1.252851074550
              18 H      0.002558619604    2.620816320770    0.153880362163
              19 H     -0.912934791981    0.999062399283    1.547764234339
------------------------ !GEOMETRY! -------------------------
    Number of atoms:    20 
    Geometry Index:     3 
    Coordinates:
               0 C     -1.763412479947   -0.277304195013    0.181146105551
               1 C     -0.846993870372   -1.009145299580   -0.825380935404
               2 C      0.637691046065   -0.735362799706   -0.604998952161
               3 C      1.250125153235   -1.006574801256    0.790306686442
               4 N      1.538276622725    0.443719181533    0.979063593226
               5 C      0.974978566747    0.761858767218   -0.367169702260
               6 C     -0.273899049175    1.636037427768   -0.256930783201
               7 N     -1.278725759956    1.042559929873    0.617737479091
               8 H     -2.758576658967   -0.168419924618   -0.271456823599
               9 H     -1.900885139357   -0.894344049907    1.076297067102
              10 H     -1.047063059026   -2.087337531575   -0.783022639814
              11 H     -1.099690335199   -0.692087066606   -1.845797747515
              12 H      1.222832518481   -1.184772717732   -1.413701061088
              13 H      2.138723095914   -1.648848883056    0.781392505109
              14 H      0.552072571047   -1.395364886619    1.541495821439
              15 H      2.533536284057    0.630100226016    1.029965423423
              16 H      1.702719002778    1.194032486010   -1.066678096944
              17 H     -0.707262631719    1.799874905865   -1.253203866669
              18 H     -0.003038748268    2.618304856162    0.147040717137
              19 H     -0.871307129063    0.973074375226    1.543795210135
------------------------ !GEOMETRY! -------------------------
    Number of atoms:    20 
    Geometry Index:     4 
    Coordinates:
               0 C     -1.764627505069   -0.270610501571    0.184296050877
               1 C     -0.851613827693   -1.007060384594   -0.822066539034
               2 C      0.635580584655   -0.739041810246   -0.604903134630
               3 C      1.259224033324   -1.014828583459    0.784869051195
               4 N      1.518103152007    0.437964918976    0.985486327803
               5 C      0.974091005498    0.759882410232   -0.366755027429
               6 C     -0.275669721620    1.635981165436   -0.267144628034
               7 N     -1.273365460339    1.047892659710    0.621101822848
               8 H     -2.759543210299   -0.157006643782   -0.267563978541
               9 H     -1.904471120703   -0.884814507011    1.081323728827
              10 H     -1.059634861224   -2.084260871655   -0.786072151638
              11 H     -1.099790771877   -0.683028319016   -1.841406551106
              12 H      1.213541388159   -1.190694697647   -1.417704415251
              13 H      2.158160050918   -1.643491092907    0.759726732294
              14 H      0.576220527519   -1.425920110262    1.538890030036
              15 H      2.501247818704    0.659769439084    1.088872707569
              16 H      1.708291065286    1.187587387617   -1.062877404886
              17 H     -0.713667615108    1.786344701902   -1.263592230338
              18 H     -0.007031430851    2.624445323902    0.123725945767
              19 H     -0.834944101288    0.960889515292    1.531693663670
------------------------ !GEOMETRY! -------------------------
    Number of atoms:    20 
    Geometry Index:     5 
    Coordinates:
               0 C     -1.764990178510   -0.265808561131    0.186440350287
               1 C     -0.853492248587   -1.006736886709   -0.818548106717
               2 C      0.635004480895   -0.739948978739   -0.607111967697
               3 C      1.262982736590   -1.019920485838    0.780054074704
               4 N      1.505962139355    0.432153234067    0.988087834961
               5 C      0.973148430720    0.758148041185   -0.365048777589
               6 C     -0.276082785320    1.636646703086   -0.272140794082
               7 N     -1.271065738975    1.052467469877    0.622733341235
               8 H     -2.758952006497   -0.149059753336   -0.266789483012
               9 H     -1.908081837334   -0.878639613460    1.083976012554
              10 H     -1.061886430574   -2.083793248734   -0.778910702213
              11 H     -1.103699524692   -0.685606212072   -1.838417296146
              12 H      1.210059386604   -1.188958087267   -1.423441121306
              13 H      2.169963416811   -1.636159837558    0.743582144907
              14 H      0.587282879548   -1.446020786408    1.532646408235
              15 H      2.480842456356    0.674160807085    1.121646888765
              16 H      1.713824194106    1.183081432053   -1.056001817509
              17 H     -0.715241563508    1.778702398395   -1.269244640404
              18 H     -0.007061277147    2.628445990416    0.110300231535
              19 H     -0.818416529842    0.956846375088    1.526087419491
------------------------ !GEOMETRY! -------------------------
    Number of atoms:    20 
    Geometry Index:     6 
    Coordinates:
               0 C     -1.765137628590   -0.263476288498    0.187403567792
               1 C     -0.853981172955   -1.007150086247   -0.816103036565
               2 C      0.635070286609   -0.739740431515   -0.608904256980
               3 C      1.265486740995   -1.023191098515    0.776471419936
               4 N      1.500487696644    0.428431411432    0.990253667284
               5 C      0.972761945551    0.757457297303   -0.363020164141
               6 C     -0.275606891582    1.637644802136   -0.274033282460
               7 N     -1.271998816519    1.056054729647    0.620956747298
               8 H     -2.758884406673   -0.147594898089   -0.266559925278
               9 H     -1.908748750022   -0.874644688962    1.086000425100
              10 H     -1.060895532207   -2.084307455546   -0.771146783509
              11 H     -1.106959096302   -0.690910026497   -1.836827598431
              12 H      1.208296409802   -1.185996284243   -1.427936586055
              13 H      2.176761152897   -1.632754030607    0.734624445295
              14 H      0.592963409043   -1.457601930016    1.527171737108
              15 H      2.472097342861    0.677123999823    1.133769627299
              16 H      1.717241542995    1.181535583184   -1.050487718515
              17 H     -0.713030461930    1.777382089191   -1.272254292350
              18 H     -0.006121734270    2.630277856285    0.106009219296
              19 H     -0.819702036348    0.961459449735    1.524512787875
------------------------ !GEOMETRY! -------------------------
    Number of atoms:    20 
    Geometry Index:     7 
    Coordinates:
               0 C     -1.764996171670   -0.262873215675    0.187951394058
               1 C     -0.854137118178   -1.007220230399   -0.815294472334
               2 C      0.635122681477   -0.739757901664   -0.609641281016
               3 C      1.266428198510   -1.024664721348    0.775049569040
               4 N      1.498313040435    0.426833044496    0.991269190448
               5 C      0.972750987025    0.757047929424   -0.362252401796
               6 C     -0.275129401987    1.638039355922   -0.274889560330
               7 N     -1.272998588496    1.057823677934    0.619216674728
               8 H     -2.759161392941   -0.148691551805   -0.265560340949
               9 H     -1.907445405712   -0.873043824887    1.087422891688
              10 H     -1.060609236579   -2.084373158645   -0.768418114048
              11 H     -1.108355000766   -0.692687101069   -1.836254046659
              12 H      1.207412311963   -1.184915264704   -1.429926234349
              13 H      2.179453111856   -1.631377669835    0.730959978915
              14 H      0.595403855677   -1.462776102080    1.524948196413
              15 H      2.468910479643    0.677761705022    1.138033750341
              16 H      1.718800904642    1.180891056543   -1.048169428390
              17 H     -0.711175821243    1.777674819393   -1.273718913433
              18 H     -0.005321103666    2.630654351530    0.104999225292
              19 H     -0.823166329991    0.965654801847    1.524173922381
