    37
     1   -1.606975   -3.608293    1.327153      1
     2    2.630471   -2.730399    2.000235      1
     3   -0.887566   -1.807066    0.746109      1
     4    1.101827   -2.658195   -2.796772      1
     5    1.543156   -1.217659    2.003209      1
     6   -0.328339   -1.405499   -2.083278      1
     7   -1.968296   -1.448227   -3.274726      1
     8   -4.583464    0.010805    0.765562      1
     9   -2.584814    0.947025    3.232790      1
    10   -2.657066    0.430565    1.271071      1
    11    4.441240    0.201042   -0.438172      1
    12    2.687131    0.802062    0.406483      1
    13    0.629443    1.287799   -1.605634      1
    14   -1.616343    2.436742   -0.412338      1
    15    3.057212    2.471792    1.508323      1
    16    1.250874    2.347774   -3.216309      1
    17   -1.149276    3.955143    0.561021      1
    18   -1.341669   -2.950922    1.115544      2
    19    2.368319   -2.366197    1.989717      2
    20    0.115055   -1.575627    1.239178      2
    21   -0.621939   -1.641715   -0.676382      2
    22    0.574367   -2.191580   -2.526464      2
    23   -1.782086   -0.697088    1.019506      2
    24   -1.369249   -1.430944   -2.834997      2
    25   -3.875156    0.162556    0.946993      2
    26    0.728172   -0.438962   -0.070815      3
    27   -2.608385    0.764199    2.518242      2
    28    2.217455   -0.043835    1.047536      2
    29   -0.915939    0.226985   -0.328159      3
    30    0.155912   -0.066548   -1.878452      2
    31   -2.210903    1.255186    0.595944      2
    32    3.791400    0.415340   -0.126541      2
    33    1.656947    1.061117   -0.616688      2
    34    2.916766    1.860899    1.102714      2
    35   -0.272420    1.759415   -1.095899      2
    36    1.026996    1.963371   -2.626885      2
    37   -1.254485    3.584634    0.332710      2
