-------------------------------------------------------------
----------------------- !PROPERTIES! ------------------------
-------------------------------------------------------------
# -----------------------------------------------------------
$ PAL_Flags
   description: The PAL Flags
   geom. index: 1
   prop. index: 1
        Diskflag:     2
# -----------------------------------------------------------
$ SCF_Energy
   description: The SCF energy
   geom. index: 1
   prop. index: 1
        SCF Energy:     -306.1639680839
# -----------------------------------------------------------
$ DFT_Energy
   description: The DFT energy
   geom. index: 1
   prop. index: 1
   Number of Alpha Electrons                 27.0000168877 
   Number of Beta  Electrons                 27.0000168877 
   Total number of  Electrons                54.0000337754 
   Exchange energy                          -28.4963964879 
   Correlation energy                        -2.2228540311 
   Correlation energy NL                      0.0000000000 
   Exchange-Correlation energy              -30.7192505190 
   Embedding correction                       0.0000000000 
   Total DFT Energy (No VdW correction)    -306.1639680839 
# -----------------------------------------------------------
$ Mayer_Pop
   description: The Mayer population analysis
   geom. index: 1
   prop. index: 1
     Number of atoms                     : 17
     Threshold for printing              : 0.1000000
     Number of bond orders printed       : 21
  NA   - Mulliken gross atomic population
  ZA   - Total nuclear charge
  QA   - Mulliken gross atomic charge
  VA   - Mayer's total valence
  BVA  - Mayer's bonded valence
  FA   - Mayer's free valence
  ATOM       NA         ZA         QA         VA         BVA        FA
  0   0     6.4271     6.0000    -0.4271     3.9591     3.9591    -0.0000
  1   0     7.3989     7.0000    -0.3989     2.8181     2.8181    -0.0000
  2   0     5.7727     6.0000     0.2273     3.3036     3.3036    -0.0000
  3   0     6.4528     6.0000    -0.4528     3.9135     3.9135    -0.0000
  4   0     7.4077     7.0000    -0.4077     2.7684     2.7684     0.0000
  5   0     5.8092     6.0000     0.1908     3.2047     3.2047    -0.0000
  6   0     6.6581     6.0000    -0.6581     3.9564     3.9564    -0.0000
  7   0     0.8417     1.0000     0.1583     0.9285     0.9285    -0.0000
  8   0     0.8713     1.0000     0.1287     0.9593     0.9593    -0.0000
  9   0     0.6928     1.0000     0.3072     0.8414     0.8414    -0.0000
 10   0     0.8150     1.0000     0.1850     0.9228     0.9228    -0.0000
 11   0     0.8529     1.0000     0.1471     0.9428     0.9428    -0.0000
 12   0     0.8322     1.0000     0.1678     0.9331     0.9331    -0.0000
 13   0     0.7072     1.0000     0.2928     0.8648     0.8648     0.0000
 14   0     0.8179     1.0000     0.1821     0.9178     0.9178    -0.0000
 15   0     0.8273     1.0000     0.1727     0.9349     0.9349    -0.0000
 16   0     0.8152     1.0000     0.1848     0.9271     0.9271     0.0000
      Bond orders larger than 0.1000000
           Atom A     A.N. of A          Atom B    A.N. of B              Bond order
                0             6               1            7                0.932852
                0             6               5            6                0.843771
                0             6               6            6                0.104884
                0             6               7            1                0.990368
                0             6               8            1                0.997593
                1             7               2            6                1.196827
                1             7               9            1                0.866894
                2             6               3            6                0.856702
                2             6               4            7               -0.189880
                2             6               6            6                0.765426
                2             6              10            1                0.850360
                3             6               4            7                0.991915
                3             6               6            6                0.165807
                3             6              11            1                0.998516
                3             6              12            1                0.982596
                4             7               5            6                1.053561
                4             7              13            1                0.873679
                5             6               6            6                0.792958
                5             6              14            1                0.883673
                6             6              15            1                0.967797
                6             6              16            1                0.992180
# -----------------------------------------------------------
$ VdW_Correction
   description: The Van der Waals Correction
   geom. index: 1
   prop. index: 1
        Van der Waals Correction:       -0.0297151589
# -----------------------------------------------------------
$ Hessian
   description: Details about the Hessian
   geom. index: 1
   prop. index: 1
Normal modes:
Number of Rows: 51 Number of Columns: 51
                  0          1          2          3          4          5    
      0       0.000000   0.000000   0.000000   0.000000   0.000000   0.000000
      1       0.000000   0.000000   0.000000   0.000000   0.000000   0.000000
      2       0.000000   0.000000   0.000000   0.000000   0.000000   0.000000
      3       0.000000   0.000000   0.000000   0.000000   0.000000   0.000000
      4       0.000000   0.000000   0.000000   0.000000   0.000000   0.000000
      5       0.000000   0.000000   0.000000   0.000000   0.000000   0.000000
      6       0.000000   0.000000   0.000000   0.000000   0.000000   0.000000
      7       0.000000   0.000000   0.000000   0.000000   0.000000   0.000000
      8       0.000000   0.000000   0.000000   0.000000   0.000000   0.000000
      9       0.000000   0.000000   0.000000   0.000000   0.000000   0.000000
     10       0.000000   0.000000   0.000000   0.000000   0.000000   0.000000
     11       0.000000   0.000000   0.000000   0.000000   0.000000   0.000000
     12       0.000000   0.000000   0.000000   0.000000   0.000000   0.000000
     13       0.000000   0.000000   0.000000   0.000000   0.000000   0.000000
     14       0.000000   0.000000   0.000000   0.000000   0.000000   0.000000
     15       0.000000   0.000000   0.000000   0.000000   0.000000   0.000000
     16       0.000000   0.000000   0.000000   0.000000   0.000000   0.000000
     17       0.000000   0.000000   0.000000   0.000000   0.000000   0.000000
     18       0.000000   0.000000   0.000000   0.000000   0.000000   0.000000
     19       0.000000   0.000000   0.000000   0.000000   0.000000   0.000000
     20       0.000000   0.000000   0.000000   0.000000   0.000000   0.000000
     21       0.000000   0.000000   0.000000   0.000000   0.000000   0.000000
     22       0.000000   0.000000   0.000000   0.000000   0.000000   0.000000
     23       0.000000   0.000000   0.000000   0.000000   0.000000   0.000000
     24       0.000000   0.000000   0.000000   0.000000   0.000000   0.000000
     25       0.000000   0.000000   0.000000   0.000000   0.000000   0.000000
     26       0.000000   0.000000   0.000000   0.000000   0.000000   0.000000
     27       0.000000   0.000000   0.000000   0.000000   0.000000   0.000000
     28       0.000000   0.000000   0.000000   0.000000   0.000000   0.000000
     29       0.000000   0.000000   0.000000   0.000000   0.000000   0.000000
     30       0.000000   0.000000   0.000000   0.000000   0.000000   0.000000
     31       0.000000   0.000000   0.000000   0.000000   0.000000   0.000000
     32       0.000000   0.000000   0.000000   0.000000   0.000000   0.000000
     33       0.000000   0.000000   0.000000   0.000000   0.000000   0.000000
     34       0.000000   0.000000   0.000000   0.000000   0.000000   0.000000
     35       0.000000   0.000000   0.000000   0.000000   0.000000   0.000000
     36       0.000000   0.000000   0.000000   0.000000   0.000000   0.000000
     37       0.000000   0.000000   0.000000   0.000000   0.000000   0.000000
     38       0.000000   0.000000   0.000000   0.000000   0.000000   0.000000
     39       0.000000   0.000000   0.000000   0.000000   0.000000   0.000000
     40       0.000000   0.000000   0.000000   0.000000   0.000000   0.000000
     41       0.000000   0.000000   0.000000   0.000000   0.000000   0.000000
     42       0.000000   0.000000   0.000000   0.000000   0.000000   0.000000
     43       0.000000   0.000000   0.000000   0.000000   0.000000   0.000000
     44       0.000000   0.000000   0.000000   0.000000   0.000000   0.000000
     45       0.000000   0.000000   0.000000   0.000000   0.000000   0.000000
     46       0.000000   0.000000   0.000000   0.000000   0.000000   0.000000
     47       0.000000   0.000000   0.000000   0.000000   0.000000   0.000000
     48       0.000000   0.000000   0.000000   0.000000   0.000000   0.000000
     49       0.000000   0.000000   0.000000   0.000000   0.000000   0.000000
     50       0.000000   0.000000   0.000000   0.000000   0.000000   0.000000
                  6          7          8          9         10         11    
      0      -0.083447  -0.048857   0.113236  -0.036702  -0.205655   0.172582
      1       0.054881   0.096174  -0.116805  -0.014960  -0.095446   0.055605
      2       0.135375   0.043408  -0.020505  -0.068207  -0.004496   0.119252
      3       0.048346   0.097525   0.145603  -0.007974   0.008570   0.033924
      4      -0.157053  -0.070410  -0.113352  -0.059707  -0.068044   0.094681
      5      -0.052709  -0.082007  -0.001557  -0.072707   0.222495  -0.123750
      6       0.003713   0.008597   0.049706  -0.062893   0.180790  -0.002268
      7      -0.000554   0.002596   0.056373   0.025339  -0.101641  -0.110583
      8      -0.002503   0.069644   0.100061   0.002720  -0.002514  -0.138105
      9       0.114259  -0.054297  -0.104239  -0.033167   0.205958  -0.013788
     10       0.086889   0.009720   0.011607   0.071046   0.002848   0.061073
     11       0.093723  -0.109149  -0.090397   0.028417  -0.113908  -0.067241
     12      -0.080757   0.093204  -0.160706  -0.023156  -0.025559  -0.128980
     13      -0.006035   0.059745   0.035218   0.066043   0.242788   0.211922
     14      -0.163008   0.059367  -0.116562   0.065860  -0.013227   0.005554
     15       0.002806  -0.009969  -0.009903  -0.072610  -0.185397  -0.027021
     16      -0.002962  -0.045635   0.077194   0.023989   0.050360  -0.094826
     17      -0.000170  -0.024461   0.097206  -0.004298  -0.056282   0.226480
     18      -0.000676  -0.074124  -0.005272   0.194442  -0.004178  -0.066850
     19       0.002564  -0.055707   0.083233  -0.087318  -0.024188  -0.252723
     20      -0.004623   0.059660   0.093568   0.050904  -0.045676  -0.072009
     21      -0.328130  -0.346599   0.381308   0.025682  -0.066586   0.315624
     22       0.031258   0.118964  -0.208512  -0.062856  -0.078425   0.018766
     23       0.257323   0.114472   0.024219  -0.020644  -0.085449   0.143839
     24       0.039311   0.102204  -0.049540  -0.078060  -0.296222   0.079312
     25       0.281236   0.334200  -0.202483  -0.013019  -0.151200   0.057686
     26       0.229721   0.185006  -0.285376  -0.149269  -0.140048  -0.082349
     27       0.057731   0.093224   0.046173  -0.051529   0.137003   0.107396
     28      -0.135450  -0.056774  -0.178652  -0.083167   0.008770   0.130771
     29      -0.273380  -0.297348  -0.105491  -0.183970   0.288494   0.319115
     30      -0.081251  -0.004988   0.014171  -0.110966   0.010885   0.056264
     31       0.031655   0.025175   0.064860   0.047605  -0.037927  -0.047091
     32      -0.014975   0.131360   0.080840   0.012969  -0.025626   0.183995
     33       0.031731   0.052163  -0.001691  -0.048147   0.262322  -0.106630
     34       0.093859  -0.067341  -0.214581   0.113709  -0.097228   0.202753
     35       0.370597  -0.404895  -0.251958   0.041634  -0.200758   0.136823
     36       0.378455  -0.399271  -0.367077  -0.009045   0.086218   0.266757
     37       0.168368   0.029592   0.138563   0.025163  -0.045754  -0.149582
     38       0.075031  -0.116547  -0.124758   0.042438  -0.107574  -0.009148
     39      -0.156880   0.224085  -0.317393   0.065570   0.241346  -0.002317
     40       0.128643  -0.074946   0.106987   0.023715   0.028528   0.081427
     41      -0.302603   0.171760  -0.124206   0.077515   0.155843   0.141356
     42       0.081879  -0.026446   0.040248  -0.113462  -0.010390   0.045174
     43      -0.024082  -0.111004   0.060834   0.020495  -0.001780  -0.140942
     44       0.017457  -0.069255   0.106035  -0.020900  -0.022260   0.228334
     45      -0.013384  -0.110247  -0.023843   0.473870   0.093828  -0.098974
     46      -0.021496  -0.083692   0.089309   0.042262   0.207613  -0.235113
     47       0.009785   0.031578   0.047859   0.399023  -0.254299  -0.175607
     48       0.004146  -0.105720  -0.031152   0.408895  -0.121285  -0.088303
     49       0.034310  -0.051159   0.099614  -0.417574  -0.258166  -0.110519
     50      -0.014297   0.102540   0.130164  -0.217283   0.139457  -0.058674
                 12         13         14         15         16         17    
      0       0.074451  -0.134260   0.123782   0.076042  -0.091135  -0.055349
      1      -0.103073   0.031849   0.016577   0.122174   0.011077  -0.017197
      2       0.074871  -0.065054  -0.023508  -0.009819  -0.036894   0.061113
      3       0.131292   0.116116   0.046540   0.049848   0.021966  -0.044142
      4      -0.024645   0.002501  -0.044117  -0.049467   0.006950   0.006825
      5       0.152867   0.061065   0.084611   0.180123   0.044028  -0.051950
      6       0.091969  -0.025578  -0.030841  -0.100641  -0.014480   0.127372
      7       0.228679  -0.121458  -0.154987   0.045509   0.059984   0.030750
      8      -0.039668   0.003332  -0.040518  -0.071412  -0.005902  -0.035688
      9      -0.148118  -0.115342  -0.143593   0.047512  -0.054977  -0.090934
     10       0.115242   0.115372   0.009388  -0.003929  -0.078083   0.058004
     11       0.094521   0.009266   0.031944  -0.133934   0.047547  -0.027461
     12      -0.083748   0.097590  -0.020095   0.017217  -0.085278   0.039966
     13      -0.035406  -0.072834   0.084954  -0.072994   0.110775  -0.052010
     14       0.097667  -0.024844  -0.031029   0.037205  -0.027412   0.017155
     15      -0.054329  -0.017789  -0.011020  -0.048597   0.142785  -0.018626
     16      -0.110307  -0.067801   0.008714   0.035841  -0.061438   0.059755
     17      -0.120490   0.160401  -0.130640   0.013569  -0.023374  -0.031013
     18       0.008965   0.038240   0.014694  -0.019675   0.063350   0.058345
     19      -0.073389   0.030723   0.069768  -0.054128  -0.014785  -0.058914
     20      -0.308800  -0.076082   0.084655   0.014139   0.008103   0.056345
     21      -0.244686  -0.025807  -0.111784   0.275001   0.044914   0.179711
     22       0.032778   0.093604   0.040390   0.079246   0.049599  -0.106159
     23      -0.016325  -0.198790   0.021720  -0.024925  -0.149959   0.113234
     24       0.259718  -0.271906   0.281912  -0.039326  -0.164722  -0.151326
     25       0.055661   0.093520   0.124699   0.012063  -0.069062  -0.197713
     26       0.332116  -0.378696   0.212683  -0.159337  -0.121939  -0.006938
     27      -0.008032   0.236446   0.083656  -0.036312  -0.009113  -0.069876
     28      -0.127270   0.086959  -0.033102  -0.093679   0.004282   0.004092
     29       0.057566  -0.001038   0.180234  -0.561825  -0.399721  -0.206044
     30       0.063190   0.043557   0.107332  -0.364865   0.026309   0.337400
     31       0.251679  -0.162844  -0.309223   0.156293   0.022655  -0.084518
     32       0.005429  -0.033684  -0.355672  -0.067085  -0.075274  -0.139766
     33      -0.097850  -0.178613  -0.259448  -0.053437  -0.076492  -0.184394
     34      -0.035146   0.332368   0.280081   0.117014  -0.120141   0.222814
     35       0.017959   0.035299   0.212725   0.096088   0.182782   0.147801
     36      -0.294157  -0.067389   0.104439   0.339686   0.082462   0.127870
     37       0.113621   0.238760   0.027168  -0.180213  -0.139593   0.083596
     38       0.099478  -0.019559   0.030987  -0.086415   0.065522  -0.029628
     39       0.036180   0.062233   0.137201  -0.111421   0.270627   0.013262
     40      -0.023418   0.019452  -0.054900  -0.021150  -0.258322  -0.025129
     41       0.010448  -0.145104   0.090658   0.014095   0.327964  -0.019324
     42      -0.072416   0.128767  -0.180981  -0.244254   0.352018  -0.034029
     43       0.204043  -0.001472  -0.201811   0.055979  -0.107930   0.187386
     44       0.058895   0.254968  -0.325930  -0.051579   0.030152   0.038954
     45       0.045086   0.060279   0.044906  -0.088413  -0.197036  -0.141521
     46      -0.078610   0.152843   0.158182  -0.112710  -0.305544  -0.138695
     47      -0.230650  -0.242287  -0.009475  -0.018945  -0.022230  -0.215271
     48      -0.025248   0.078056  -0.014931  -0.068108   0.008130  -0.267013
     49      -0.239883   0.258974   0.003257  -0.044486   0.280083  -0.180455
     50      -0.246759  -0.154115   0.127734   0.073661   0.057149   0.522891
                 18         19         20         21         22         23    
      0       0.040512  -0.002882  -0.018148  -0.009806  -0.007717   0.101053
      1       0.072213  -0.073174  -0.003714  -0.044946  -0.063436   0.042280
      2       0.083233   0.032324   0.076825  -0.049486  -0.004314  -0.127728
      3      -0.043768   0.023111   0.068950   0.031201   0.004749  -0.122722
      4      -0.001987   0.039054   0.027391   0.001297   0.055362  -0.039866
      5      -0.009468  -0.047791   0.006967  -0.005646   0.014488   0.045378
      6      -0.015663   0.016867  -0.022490  -0.056300   0.005561   0.045778
      7      -0.071560   0.094311   0.017781  -0.070794  -0.022858   0.007281
      8       0.105316   0.005201  -0.031006   0.115736   0.027646   0.018760
      9      -0.001057   0.002190  -0.022624  -0.016606  -0.037362   0.013247
     10      -0.007631  -0.010973  -0.058530  -0.000492  -0.049467  -0.015501
     11       0.045158  -0.114053   0.024633  -0.085904  -0.013267   0.049234
     12       0.002795  -0.012382   0.053040  -0.024564   0.038248   0.009920
     13      -0.000267  -0.047380  -0.007359  -0.015463   0.054422   0.013886
     14      -0.043425  -0.018241  -0.069255   0.020992  -0.000583  -0.088953
     15      -0.038951  -0.088180  -0.014365   0.073380   0.017056  -0.028857
     16       0.024602  -0.093746   0.049708   0.136195  -0.004594  -0.001476
     17      -0.059073   0.054938  -0.010449  -0.054745   0.020554   0.127344
     18       0.017186   0.010335  -0.136398   0.003373  -0.042577  -0.006390
     19      -0.005382   0.093197   0.021856  -0.042325   0.009665  -0.017865
     20      -0.084473   0.041447  -0.015557  -0.044584  -0.015786  -0.019990
     21       0.442991  -0.131357   0.192580  -0.220495  -0.119594  -0.246210
     22      -0.058896  -0.029278  -0.020293  -0.047535   0.036243   0.098804
     23       0.146380   0.019763   0.041146   0.036071  -0.122524  -0.096604
     24      -0.106432   0.055944  -0.126610   0.117764   0.090027   0.249153
     25      -0.244618   0.045645  -0.071929   0.129240  -0.124890   0.284442
     26       0.004110   0.072175  -0.097677   0.083988   0.238400   0.012093
     27      -0.040890  -0.073632   0.106701   0.038793  -0.084141  -0.283374
     28       0.018524  -0.028917   0.056395  -0.004539   0.019272  -0.152260
     29      -0.303874   0.069734   0.003151   0.225921  -0.538975  -0.238740
     30       0.072963   0.020095   0.145000  -0.120446   0.182003   0.169018
     31      -0.041343   0.138210  -0.108682   0.034974  -0.036946  -0.078403
     32       0.361067   0.129847  -0.232402   0.409512   0.241887  -0.089774
     33       0.025262  -0.116432  -0.043339  -0.139703  -0.090271   0.057887
     34      -0.029472   0.021500   0.005861   0.106352   0.078503  -0.068374
     35      -0.013175   0.270299   0.062604   0.233747   0.070574  -0.030786
     36      -0.130357   0.410322   0.035150   0.287458   0.142374  -0.113099
     37       0.207049   0.022122   0.052976   0.102506  -0.232289   0.193145
     38      -0.012195  -0.124036  -0.007246  -0.108592   0.040253  -0.010272
     39       0.287552   0.314283   0.236626  -0.065771  -0.270212   0.287557
     40      -0.214058  -0.407893  -0.189168  -0.153606   0.293441  -0.216693
     41       0.108696   0.308006   0.093279   0.237723  -0.169094   0.105538
     42      -0.170392  -0.114014   0.191423   0.170750   0.132822   0.020053
     43      -0.040293  -0.220357   0.199163   0.486794  -0.096963   0.287843
     44      -0.154626  -0.021538   0.152080   0.186309   0.008626   0.322384
     45       0.073324   0.172168   0.076115  -0.073043   0.180499   0.048090
     46       0.154750   0.341918  -0.043289  -0.125668   0.293505   0.080334
     47      -0.263588  -0.037919   0.532886  -0.073063  -0.069113  -0.083010
     48       0.091175   0.048381   0.041470  -0.016542   0.013989  -0.109043
     49       0.133827   0.118154  -0.482333  -0.065203  -0.198157  -0.243203
     50      -0.212142  -0.005360  -0.211897  -0.027094  -0.070009   0.147247
                 24         25         26         27         28         29    
      0      -0.000795  -0.002307  -0.005856   0.007147   0.005657  -0.039709
      1       0.043542  -0.123648  -0.041653   0.045008   0.012999  -0.023257
      2      -0.005094   0.038260  -0.024287   0.025702   0.001881  -0.028492
      3       0.003721   0.092951  -0.006120  -0.007676  -0.010362  -0.003971
      4      -0.057974   0.123508   0.016811  -0.064746  -0.018870  -0.029178
      5      -0.001193  -0.018675   0.031302  -0.034941   0.010753   0.024143
      6       0.002901  -0.126457   0.031908   0.017090   0.015322   0.079907
      7       0.090723  -0.027341   0.008536   0.007829  -0.004977  -0.022738
      8       0.024876  -0.036373   0.007357   0.042164  -0.008557  -0.162312
      9      -0.102027   0.040852   0.001980  -0.018567   0.036573  -0.040655
     10      -0.125982  -0.034018  -0.014014  -0.016886   0.050805   0.022777
     11       0.053286   0.069018  -0.027405  -0.022864   0.004107   0.056923
     12       0.117690   0.012873   0.022191   0.016556  -0.073272   0.009542
     13       0.049520   0.006070   0.019355   0.025490  -0.043605  -0.025584
     14      -0.076681  -0.078215  -0.004151  -0.013436  -0.003396  -0.048149
     15      -0.048721  -0.090251  -0.045144  -0.044871   0.026375   0.073778
     16       0.044802   0.032401   0.023048  -0.038852  -0.029442   0.107386
     17       0.005232   0.014429   0.025969   0.000537  -0.040170   0.074561
     18       0.025378   0.091950  -0.001442   0.019606  -0.021790  -0.038746
     19      -0.031940  -0.013265  -0.014625   0.022481   0.033082  -0.017151
     20      -0.024469   0.031774  -0.007640   0.002129   0.024179   0.031727
     21       0.017315  -0.147317  -0.119374   0.079357   0.023466  -0.090156
     22      -0.102777  -0.098689  -0.164864   0.408430   0.000054   0.099097
     23       0.207901   0.066707   0.194338  -0.536327   0.014005  -0.195673
     24      -0.083510   0.125225   0.048883   0.002294  -0.030742   0.024499
     25       0.219345  -0.040609   0.083775  -0.359955   0.081547  -0.150558
     26      -0.295666   0.235133   0.006945   0.305600  -0.122488   0.208891
     27      -0.079684   0.085301  -0.088418   0.070092  -0.070574   0.186683
     28      -0.138952   0.132340  -0.042202  -0.006945  -0.065744   0.103047
     29       0.408524  -0.221020  -0.109258   0.149311   0.022355   0.000950
     30      -0.112942  -0.311035   0.411798   0.000707   0.229845  -0.157069
     31       0.206346   0.029788  -0.140847  -0.002260  -0.016053   0.285685
     32       0.260336  -0.097779   0.031138  -0.021115   0.257146   0.559698
     33      -0.133836   0.111995  -0.023206  -0.036203   0.028992  -0.018819
     34      -0.006463   0.085501   0.060555   0.009313   0.574488  -0.008876
     35       0.094289  -0.240510   0.013927   0.028516  -0.354883  -0.006411
     36       0.133963  -0.204243   0.086651   0.112993  -0.046481  -0.141472
     37      -0.470390  -0.204660   0.027233  -0.152196  -0.518163   0.055733
     38       0.149419   0.110922  -0.039719   0.013815   0.160348   0.050938
     39       0.103487   0.307406   0.003170   0.053746   0.143416   0.058241
     40       0.154376  -0.065472   0.079041   0.072675  -0.120169  -0.190488
     41      -0.212589  -0.118807  -0.079392  -0.094302  -0.002287   0.166946
     42      -0.025103  -0.216114  -0.323551  -0.156153   0.095442  -0.367634
     43      -0.059675   0.333281   0.046519   0.317187   0.116086  -0.155756
     44      -0.056688   0.151065  -0.063048   0.175350   0.073568  -0.247890
     45       0.007651  -0.108548  -0.180310  -0.056564   0.033569   0.006283
     46       0.038340  -0.110070  -0.390719  -0.127779   0.063990  -0.033172
     47      -0.178341  -0.196555   0.282872   0.119791   0.089190   0.148977
     48      -0.045679  -0.085899   0.182112   0.039806   0.014839   0.010040
     49       0.025378   0.114453   0.400186   0.153740   0.007768  -0.042295
     50       0.063500   0.261778  -0.305210  -0.036380  -0.018036  -0.024049
                 30         31         32         33         34         35    
      0      -0.038863   0.041937  -0.013861   0.002103   0.014019   0.058727
      1       0.033661  -0.019027  -0.038331   0.012891  -0.032046  -0.079202
      2      -0.065492   0.040947   0.065370  -0.014948   0.058744   0.078422
      3      -0.006662  -0.026005   0.011670  -0.032887  -0.018898  -0.055954
      4       0.008237   0.005924  -0.005363   0.015488   0.019260   0.024714
      5       0.003793   0.020913  -0.000068  -0.007014  -0.008899  -0.019345
      6       0.069821   0.013067  -0.096826   0.049070   0.072892   0.099427
      7       0.001778  -0.060584   0.020737  -0.075972   0.005629  -0.039924
      8       0.028158  -0.113862   0.006932   0.055749  -0.005643   0.085392
      9      -0.034314  -0.034149   0.019793  -0.024225   0.011504  -0.036747
     10       0.060333   0.050598   0.038761   0.015556  -0.125865   0.080957
     11      -0.008246  -0.003961  -0.007392  -0.030074   0.011669  -0.001991
     12      -0.002350   0.014175   0.006653  -0.013907  -0.011510   0.011611
     13       0.004338   0.004296   0.019315   0.023571   0.037440  -0.029603
     14      -0.018617   0.029794  -0.017615   0.012412   0.012067  -0.019924
     15       0.076408  -0.049620   0.105641   0.040931   0.049895  -0.030566
     16      -0.047825  -0.055313  -0.019273  -0.107103  -0.054035   0.084850
     17      -0.003412  -0.094623   0.002810   0.028738  -0.037558  -0.001303
     18      -0.073226  -0.003932   0.001442   0.046396  -0.027293  -0.014957
     19      -0.063264   0.022211  -0.004115   0.166629  -0.020563  -0.018264
     20       0.053284   0.081989  -0.006688  -0.105494   0.030341  -0.003772
     21       0.081742   0.009363  -0.078530   0.016899  -0.093755  -0.176172
     22      -0.267682   0.025823   0.146275  -0.166799   0.082437   0.217155
     23       0.336506  -0.013771  -0.196217   0.234230  -0.090229  -0.282521
     24       0.023532  -0.012129  -0.137393  -0.026181  -0.107093  -0.029134
     25      -0.139882   0.209951   0.168816   0.033933   0.147274   0.244662
     26       0.182325  -0.247790  -0.321568  -0.084639  -0.309417  -0.320131
     27       0.118326   0.012146  -0.035211   0.119732  -0.064101   0.063713
     28       0.099538   0.030298  -0.040624   0.131955  -0.006195   0.128387
     29      -0.017678  -0.119855   0.056991  -0.117126  -0.084009  -0.205972
     30      -0.221956   0.031118   0.375146  -0.306650  -0.315513  -0.332414
     31       0.031201   0.080347  -0.178557   0.089661   0.159129   0.025203
     32      -0.299252   0.411163   0.005239   0.140040  -0.058702  -0.305148
     33       0.003873   0.029226   0.080109  -0.047275  -0.133501   0.010625
     34      -0.192609  -0.498012  -0.284120  -0.056226   0.500084  -0.106390
     35       0.056519   0.169691   0.040072   0.086523   0.007451  -0.006063
     36       0.058529  -0.010377   0.010219   0.053261  -0.110794   0.068440
     37      -0.286927   0.036105  -0.112095  -0.126011   0.411769  -0.352122
     38       0.090134  -0.002342   0.032199   0.013338  -0.131173   0.123845
     39       0.052352   0.152545  -0.092705   0.107786  -0.074324   0.006664
     40      -0.028313   0.111845  -0.015743   0.093334   0.106420  -0.114880
     41       0.005058  -0.205261   0.093062  -0.147337  -0.040014   0.098812
     42      -0.266690   0.258987  -0.567044  -0.322411  -0.258763   0.082409
     43       0.356882   0.319590   0.181522   0.026565   0.263079  -0.186850
     44       0.113615   0.241769  -0.130107  -0.017709   0.033414  -0.130536
     45       0.167416   0.039777   0.054723  -0.141029   0.096406  -0.125935
     46       0.297277   0.066543   0.135233  -0.313260   0.133420  -0.141544
     47      -0.096498   0.118619  -0.149162   0.347835   0.010965  -0.053818
     48       0.110164   0.043339  -0.056826  -0.165560   0.041976   0.143766
     49       0.138276   0.215641  -0.168124  -0.398895   0.118112   0.015713
     50      -0.215886   0.009749   0.087971   0.256616  -0.068080  -0.240546
                 36         37         38         39         40         41    
      0       0.017590   0.009901   0.042270   0.048326   0.055932   0.069128
      1       0.005577  -0.037958   0.025537   0.015920   0.022341   0.005446
      2       0.002384  -0.010076  -0.004404  -0.006330   0.008749  -0.011101
      3      -0.013061  -0.066930  -0.007395  -0.017356   0.005542  -0.001685
      4      -0.002682  -0.054587  -0.011968  -0.020566   0.003484   0.002336
      5       0.002181   0.008639   0.003544   0.003067   0.000898  -0.001013
      6       0.001059  -0.034878  -0.007506  -0.020201  -0.009152  -0.001183
      7      -0.003674   0.063905   0.015278   0.029625  -0.006655  -0.000448
      8      -0.000619   0.020690  -0.025521   0.001846   0.014050  -0.000293
      9       0.016315  -0.007646  -0.030541   0.059116  -0.025374   0.001374
     10       0.021397  -0.031286  -0.009818  -0.007592   0.005521  -0.000156
     11       0.024386  -0.000437   0.037913  -0.049251   0.009631  -0.000617
     12       0.067724  -0.011343   0.016873  -0.006918  -0.019461   0.000019
     13       0.020192   0.000938   0.010800  -0.004441  -0.007624   0.000093
     14      -0.059231   0.011548  -0.013309   0.004155   0.013689   0.000406
     15      -0.059114  -0.001737  -0.022017  -0.006102   0.015168  -0.003401
     16      -0.049958   0.004769  -0.045432   0.009707   0.034158  -0.004062
     17      -0.030147   0.002429  -0.013504   0.006711   0.003715   0.004179
     18       0.018154   0.003240   0.013643  -0.000635  -0.009523  -0.000901
     19      -0.003513  -0.022544   0.048622   0.003360  -0.045887   0.007560
     20      -0.033180  -0.012929   0.060932   0.018738  -0.053737   0.009356
     21      -0.004573   0.159593  -0.296213  -0.336394  -0.476064  -0.058023
     22      -0.044687  -0.046585  -0.021025   0.014160   0.055096  -0.346107
     23       0.075374  -0.039401   0.162081   0.114443   0.121475  -0.232584
     24      -0.007218   0.142528  -0.130768  -0.122156  -0.208941  -0.745295
     25      -0.015914   0.250453  -0.281591  -0.287597  -0.400109   0.278819
     26      -0.039973   0.018955  -0.114959  -0.111614  -0.189063   0.382875
     27       0.104445   0.689482   0.152830   0.237702   0.010916   0.024489
     28       0.083586   0.504745   0.105989   0.166844   0.008773  -0.022166
     29      -0.037369  -0.079767  -0.005817  -0.004844  -0.026303   0.003350
     30      -0.003252   0.158757   0.038892   0.109620  -0.006825   0.003947
     31       0.009488  -0.012565   0.031097  -0.014962  -0.030216   0.006566
     32       0.042302   0.000866   0.080992   0.006874  -0.036488  -0.000933
     33      -0.013724   0.021194   0.095225  -0.152313   0.065950  -0.016990
     34       0.059005   0.071809  -0.013057   0.105369  -0.076353  -0.004183
     35       0.083775  -0.145552  -0.336077   0.516714  -0.211350  -0.005877
     36      -0.179241   0.162904   0.313354  -0.518041   0.241921  -0.000061
     37      -0.115755   0.083619   0.135486  -0.148524   0.051652   0.004113
     38       0.071453  -0.038611  -0.006859  -0.002999  -0.009258   0.013271
     39      -0.618512   0.077938  -0.205531   0.116127   0.155438  -0.000814
     40      -0.155068   0.037828  -0.033999   0.019706   0.008682  -0.003968
     41       0.541616  -0.087529   0.167419  -0.093054  -0.097390  -0.003479
     42       0.033755   0.024136   0.013214   0.050871   0.029099   0.029696
     43       0.076378  -0.015717   0.076199  -0.024609  -0.047347   0.040060
     44       0.083929  -0.001586   0.077617   0.007322  -0.051463  -0.060230
     45       0.141528   0.092188  -0.300868  -0.077710   0.288028   0.099226
     46       0.001315   0.071623  -0.106734  -0.009539   0.116181  -0.081804
     47       0.237297   0.017155  -0.324283  -0.121698   0.281812  -0.046470
     48      -0.141341  -0.070243   0.237634   0.070331  -0.228454  -0.087753
     49       0.217846   0.075685  -0.283490  -0.081281   0.258233  -0.004457
     50       0.177326   0.078820  -0.224723  -0.074447   0.224964  -0.059651
                 42         43         44         45         46         47    
      0       0.005700  -0.009601   0.011865  -0.010419  -0.000906  -0.003852
      1       0.000908  -0.002467  -0.054648   0.045380  -0.000805   0.010372
      2      -0.000468  -0.000034  -0.043266   0.036188  -0.001120   0.008030
      3      -0.000490   0.000022  -0.002026   0.001564  -0.000458   0.000849
      4       0.000242  -0.000265   0.001357  -0.001248   0.001986   0.000101
      5       0.000136   0.000285   0.000958  -0.000947   0.000052   0.000075
      6      -0.001837  -0.005708  -0.004091  -0.003601  -0.024902  -0.012566
      7      -0.001189  -0.011723  -0.011328  -0.009007  -0.063191  -0.025615
      8       0.002430   0.002292   0.004292   0.003835   0.018167   0.007153
      9       0.046110   0.032147   0.029278   0.039767  -0.010038  -0.014509
     10      -0.002891  -0.003161   0.016302   0.021459  -0.000772  -0.005948
     11      -0.029132  -0.022924   0.045574   0.057843  -0.002626  -0.016244
     12      -0.000401   0.000036  -0.000209  -0.000726  -0.000232   0.000406
     13       0.001764   0.001169  -0.000490  -0.001813   0.000733   0.000352
     14      -0.000358  -0.000408  -0.001550  -0.003128   0.000080   0.000614
     15      -0.001337   0.002073  -0.000023  -0.001042  -0.008182  -0.007257
     16      -0.000332   0.003303  -0.001759   0.000731  -0.015250  -0.009065
     17       0.003887  -0.007879   0.000757   0.001441   0.024929   0.015651
     18      -0.001722   0.001075  -0.018770  -0.005054   0.038742  -0.077156
     19      -0.024571   0.032555   0.005980   0.002170  -0.015548   0.025666
     20      -0.032178   0.042521  -0.005267  -0.000495   0.002407  -0.015816
     21      -0.006727   0.013233   0.127568  -0.105079   0.002982  -0.019851
     22      -0.032488   0.067733   0.563887  -0.463867   0.016465  -0.092512
     23      -0.022669   0.045392   0.380346  -0.312720   0.011267  -0.061935
     24      -0.057938   0.098459  -0.269130   0.230954   0.007852   0.072929
     25       0.021713  -0.037418   0.092004  -0.078606  -0.003888  -0.025147
     26       0.030427  -0.050400   0.127860  -0.109718  -0.002692  -0.033167
     27       0.003476  -0.000232   0.017408  -0.015272   0.005846  -0.000787
     28      -0.003033  -0.000388  -0.022339   0.016765  -0.019357  -0.002076
     29      -0.000676   0.000742  -0.005225   0.001914  -0.003363   0.003215
     30       0.011897   0.066938   0.055641   0.044240   0.299735   0.125730
     31       0.016688   0.152672   0.133117   0.105009   0.725415   0.299904
     32      -0.009892  -0.041889  -0.039297  -0.030915  -0.207348  -0.085716
     33      -0.546157  -0.377881  -0.359715  -0.483969   0.113560   0.178698
     34      -0.129419  -0.089861  -0.080039  -0.108913   0.022262   0.037536
     35      -0.180255  -0.125246  -0.109490  -0.146577   0.034528   0.053529
     36       0.012323   0.007560   0.003121   0.004490  -0.001217  -0.000671
     37       0.144205   0.110013  -0.119366  -0.149689  -0.000518   0.037944
     38       0.524969   0.396772  -0.426550  -0.534718   0.002469   0.135642
     39       0.003372   0.000824   0.000661   0.013457  -0.001978  -0.002198
     40      -0.010588  -0.007972   0.018378   0.024363  -0.000240  -0.010112
     41      -0.006487  -0.005478   0.015754   0.023608  -0.000634  -0.007034
     42       0.015700  -0.037367   0.005403   0.004975   0.109013   0.070892
     43       0.022061  -0.058115   0.010681   0.005155   0.176797   0.111004
     44      -0.041733   0.101629  -0.017978  -0.009160  -0.294637  -0.185724
     45      -0.309308   0.413068   0.090862   0.035537  -0.239645   0.403589
     46       0.258258  -0.345833  -0.077207  -0.032982   0.202901  -0.346906
     47       0.142391  -0.191237  -0.044360  -0.018367   0.118444  -0.197339
     48       0.326731  -0.423559   0.141681   0.024867  -0.223574   0.528583
     49       0.019276  -0.023932   0.010443   0.001636  -0.018889   0.038758
     50       0.227871  -0.295118   0.102260   0.015864  -0.157421   0.383570
                 48         49         50    
      0      -0.007892  -0.003508  -0.000272
      1      -0.002767   0.001475  -0.000203
      2      -0.001294   0.004649   0.000033
      3       0.000161  -0.042335  -0.001002
      4      -0.000751   0.058102   0.001449
      5      -0.000580  -0.001361  -0.000082
      6       0.013061   0.001018   0.000029
      7       0.031650   0.003080  -0.000459
      8      -0.009698   0.001908   0.000485
      9       0.009316  -0.000062   0.001702
     10       0.001330  -0.000453  -0.000475
     11       0.001322   0.000085   0.005711
     12      -0.000220  -0.000384   0.018722
     13       0.000295  -0.001546   0.058565
     14      -0.000302  -0.000828   0.037342
     15      -0.023128  -0.000093   0.002473
     16      -0.039710  -0.000265   0.000029
     17       0.062696   0.000445   0.000724
     18       0.005517   0.000227   0.000095
     19       0.006711   0.000215  -0.000560
     20       0.010992   0.000172   0.000017
     21       0.010991  -0.003204  -0.003375
     22       0.049882  -0.011917  -0.000489
     23       0.035029  -0.012065  -0.003317
     24       0.068231   0.036917   0.005898
     25      -0.025042  -0.017549  -0.003713
     26      -0.028766  -0.016610  -0.002447
     27      -0.005732   0.588451   0.013857
     28       0.012739  -0.802268  -0.019472
     29       0.000480  -0.038635  -0.001156
     30      -0.145936  -0.009105   0.000434
     31      -0.352913  -0.020439  -0.000059
     32       0.101640   0.003217  -0.000389
     33      -0.096068  -0.001176  -0.017218
     34      -0.019631   0.001644  -0.001350
     35      -0.029455  -0.000584  -0.006458
     36       0.000016   0.000657  -0.000989
     37       0.001642  -0.000953  -0.013462
     38       0.005741  -0.002034  -0.038070
     39      -0.002779   0.007464  -0.286455
     40      -0.003246   0.018683  -0.777623
     41       0.001890   0.013778  -0.552592
     42       0.269742   0.000430  -0.003892
     43       0.436523   0.000573   0.000960
     44      -0.724692  -0.000978   0.004343
     45       0.055167   0.001580  -0.001624
     46      -0.050626  -0.000910   0.002164
     47      -0.027865  -0.002908   0.000439
     48      -0.115579   0.000428  -0.000864
     49      -0.009794  -0.001046  -0.001021
     50      -0.084542   0.000747  -0.001159
# -----------------------------------------------------------
$ THERMOCHEMISTRY_Energies
   description: The Thermochemistry energies
   geom. index: 1
   prop. index: 1
        Temperature (Kelvin)           :        298.1500000000
        Pressure (atm)                 :          1.0000000000
        Total Mass (AMU)               :         98.1490000000
        Spin Degeneracy                :          1.0000000000
        Electronic Energy (Hartree)    :       -306.1936832428
        Translational Energy (Hartree) :          0.0014162714
        Rotational Energy (Hartree)    :          0.0014162714
        Vibrational Energy (Hartree)   :          0.0020874480
        Number of frequencies          :     51      
        Scaling Factor for frequencies :          1.0000000000
        Vibrational frequencies        :     
                  0    
      0       0.000000
      1       0.000000
      2       0.000000
      3       0.000000
      4       0.000000
      5       0.000000
      6     231.896599
      7     428.974315
      8     474.247347
      9     531.246901
     10     605.319661
     11     828.694621
     12     838.391626
     13     887.973566
     14     925.286751
     15     969.192616
     16     974.435909
     17     1018.669516
     18     1036.446775
     19     1038.744512
     20     1061.289728
     21     1063.648811
     22     1075.651189
     23     1140.276417
     24     1152.190417
     25     1178.562675
     26     1207.459775
     27     1262.425037
     28     1280.446819
     29     1316.054859
     30     1350.084608
     31     1364.655684
     32     1370.115972
     33     1377.274157
     34     1426.076134
     35     1442.483680
     36     1512.986428
     37     1523.176866
     38     1535.127242
     39     1547.045042
     40     1554.193882
     41     2922.721566
     42     2933.160767
     43     2936.128896
     44     2976.688293
     45     2979.099002
     46     2987.035151
     47     2988.794856
     48     2995.432327
     49     3217.167250
     50     3226.971224
        Zero Point Energy (Hartree)    :          0.1564963229
        Inner Energy (Hartree)         :       -306.0322669290
        Enthalpy (Hartree)             :       -306.0313227199
        Electronic entropy             :          0.0000000000
        Rotational entropy             :          0.0125811491
        Vibrational entropy            :          0.0029627240
        Translational entropy          :          0.0125811491
        Entropy                        :          0.0343886544
        Gibbs Energy (Hartree)         :       -306.0657113744
        Is Linear                      :                 false
# -----------------------------------------------------------
$ PAL_Flags
   description: The PAL Flags
   geom. index: 2
   prop. index: 1
        Diskflag:     2
# -----------------------------------------------------------
$ SCF_Energy
   description: The SCF energy
   geom. index: 2
   prop. index: 1
        SCF Energy:     -306.1708282106
# -----------------------------------------------------------
$ DFT_Energy
   description: The DFT energy
   geom. index: 2
   prop. index: 1
   Number of Alpha Electrons                 27.0000040096 
   Number of Beta  Electrons                 27.0000040096 
   Total number of  Electrons                54.0000080192 
   Exchange energy                          -28.5139751104 
   Correlation energy                        -2.2224041143 
   Correlation energy NL                      0.0000000000 
   Exchange-Correlation energy              -30.7363792247 
   Embedding correction                       0.0000000000 
   Total DFT Energy (No VdW correction)    -306.1708282106 
# -----------------------------------------------------------
$ VdW_Correction
   description: The Van der Waals Correction
   geom. index: 2
   prop. index: 1
        Van der Waals Correction:       -0.0295240808
# -----------------------------------------------------------
$ PAL_Flags
   description: The PAL Flags
   geom. index: 3
   prop. index: 1
        Diskflag:     2
# -----------------------------------------------------------
$ SCF_Energy
   description: The SCF energy
   geom. index: 3
   prop. index: 1
        SCF Energy:     -306.1711313405
# -----------------------------------------------------------
$ DFT_Energy
   description: The DFT energy
   geom. index: 3
   prop. index: 1
   Number of Alpha Electrons                 26.9999894077 
   Number of Beta  Electrons                 26.9999894077 
   Total number of  Electrons                53.9999788155 
   Exchange energy                          -28.5079665356 
   Correlation energy                        -2.2218618874 
   Correlation energy NL                      0.0000000000 
   Exchange-Correlation energy              -30.7298284230 
   Embedding correction                       0.0000000000 
   Total DFT Energy (No VdW correction)    -306.1711313405 
# -----------------------------------------------------------
$ VdW_Correction
   description: The Van der Waals Correction
   geom. index: 3
   prop. index: 1
        Van der Waals Correction:       -0.0294667197
# -----------------------------------------------------------
$ PAL_Flags
   description: The PAL Flags
   geom. index: 4
   prop. index: 1
        Diskflag:     2
# -----------------------------------------------------------
$ SCF_Energy
   description: The SCF energy
   geom. index: 4
   prop. index: 1
        SCF Energy:     -306.1711864198
# -----------------------------------------------------------
$ DFT_Energy
   description: The DFT energy
   geom. index: 4
   prop. index: 1
   Number of Alpha Electrons                 26.9999876513 
   Number of Beta  Electrons                 26.9999876513 
   Total number of  Electrons                53.9999753026 
   Exchange energy                          -28.5074345429 
   Correlation energy                        -2.2218191996 
   Correlation energy NL                      0.0000000000 
   Exchange-Correlation energy              -30.7292537426 
   Embedding correction                       0.0000000000 
   Total DFT Energy (No VdW correction)    -306.1711864198 
# -----------------------------------------------------------
$ VdW_Correction
   description: The Van der Waals Correction
   geom. index: 4
   prop. index: 1
        Van der Waals Correction:       -0.0294489549
# -----------------------------------------------------------
$ PAL_Flags
   description: The PAL Flags
   geom. index: 5
   prop. index: 1
        Diskflag:     2
# -----------------------------------------------------------
$ SCF_Energy
   description: The SCF energy
   geom. index: 5
   prop. index: 1
        SCF Energy:     -306.1711911260
# -----------------------------------------------------------
$ DFT_Energy
   description: The DFT energy
   geom. index: 5
   prop. index: 1
   Number of Alpha Electrons                 26.9999888854 
   Number of Beta  Electrons                 26.9999888854 
   Total number of  Electrons                53.9999777709 
   Exchange energy                          -28.5078525332 
   Correlation energy                        -2.2218616753 
   Correlation energy NL                      0.0000000000 
   Exchange-Correlation energy              -30.7297142085 
   Embedding correction                       0.0000000000 
   Total DFT Energy (No VdW correction)    -306.1711911260 
# -----------------------------------------------------------
$ VdW_Correction
   description: The Van der Waals Correction
   geom. index: 5
   prop. index: 1
        Van der Waals Correction:       -0.0294473064
# -----------------------------------------------------------
$ PAL_Flags
   description: The PAL Flags
   geom. index: 6
   prop. index: 1
        Diskflag:     2
# -----------------------------------------------------------
$ SCF_Energy
   description: The SCF energy
   geom. index: 6
   prop. index: 1
        SCF Energy:     -306.1711911508
# -----------------------------------------------------------
$ DFT_Energy
   description: The DFT energy
   geom. index: 6
   prop. index: 1
   Number of Alpha Electrons                 26.9999894589 
   Number of Beta  Electrons                 26.9999894589 
   Total number of  Electrons                53.9999789178 
   Exchange energy                          -28.5080154313 
   Correlation energy                        -2.2218769286 
   Correlation energy NL                      0.0000000000 
   Exchange-Correlation energy              -30.7298923599 
   Embedding correction                       0.0000000000 
   Total DFT Energy (No VdW correction)    -306.1711911508 
# -----------------------------------------------------------
$ Mayer_Pop
   description: The Mayer population analysis
   geom. index: 6
   prop. index: 1
     Number of atoms                     : 17
     Threshold for printing              : 0.1000000
     Number of bond orders printed       : 23
  NA   - Mulliken gross atomic population
  ZA   - Total nuclear charge
  QA   - Mulliken gross atomic charge
  VA   - Mayer's total valence
  BVA  - Mayer's bonded valence
  FA   - Mayer's free valence
  ATOM       NA         ZA         QA         VA         BVA        FA
  0   0     6.4230     6.0000    -0.4230     3.9619     3.9619    -0.0000
  1   0     7.4069     7.0000    -0.4069     2.8158     2.8158    -0.0000
  2   0     5.7775     6.0000     0.2225     3.3371     3.3371     0.0000
  3   0     6.4355     6.0000    -0.4355     3.9051     3.9051     0.0000
  4   0     7.4228     7.0000    -0.4228     2.7516     2.7516     0.0000
  5   0     5.8078     6.0000     0.1922     3.2224     3.2224    -0.0000
  6   0     6.6686     6.0000    -0.6686     3.9627     3.9627    -0.0000
  7   0     0.8411     1.0000     0.1589     0.9276     0.9276     0.0000
  8   0     0.8687     1.0000     0.1313     0.9547     0.9547     0.0000
  9   0     0.6857     1.0000     0.3143     0.8371     0.8371     0.0000
 10   0     0.8201     1.0000     0.1799     0.9273     0.9273    -0.0000
 11   0     0.8515     1.0000     0.1485     0.9404     0.9404    -0.0000
 12   0     0.8319     1.0000     0.1681     0.9327     0.9327     0.0000
 13   0     0.6999     1.0000     0.3001     0.8581     0.8581    -0.0000
 14   0     0.8196     1.0000     0.1804     0.9199     0.9199    -0.0000
 15   0     0.8294     1.0000     0.1706     0.9347     0.9347    -0.0000
 16   0     0.8102     1.0000     0.1898     0.9208     0.9208    -0.0000
      Bond orders larger than 0.1000000
           Atom A     A.N. of A          Atom B    A.N. of B              Bond order
                0             6               1            7                0.943772
                0             6               5            6                0.852748
                0             6               6            6                0.106919
                0             6               7            1                0.985235
                0             6               8            1                1.000751
                1             7               2            6                1.217634
                1             7               3            6               -0.129815
                1             7               9            1                0.862772
                2             6               3            6                0.874450
                2             6               4            7               -0.175121
                2             6               6            6                0.765088
                2             6              10            1                0.853529
                3             6               4            7                1.002276
                3             6               5            6               -0.103662
                3             6               6            6                0.166160
                3             6              11            1                1.001451
                3             6              12            1                0.975823
                4             7               5            6                1.029805
                4             7              13            1                0.864660
                5             6               6            6                0.796585
                5             6              14            1                0.887503
                6             6              15            1                0.976105
                6             6              16            1                0.994720
# -----------------------------------------------------------
$ VdW_Correction
   description: The Van der Waals Correction
   geom. index: 6
   prop. index: 1
        Van der Waals Correction:       -0.0294474977
# -----------------------------------------------------------
$ SCF_Electric_Properties
   description: The SCF Calculated Electric Properties
   geom. index: 6
   prop. index: 1
       Filename                          : file.scfp 
       Do Dipole Moment Calculation      : true 
       Do Quadrupole Moment Calculation  : false 
       Do Polarizability Calculation     : false 
** Dipole moment part of electric properties **
        Magnitude of dipole moment (Debye) :        1.5093286156
        Electronic Contribution:
                  0    
      0      -0.229665
      1       0.317404
      2       0.325429
        Nuclear Contribution:
                  0    
      0       0.670738
      1      -0.674905
      2      -0.499356
        Total Dipole moment:
                  0    
      0       0.441073
      1      -0.357501
      2      -0.173927
# -------------------------------------------------------------
----------------------- !GEOMETRIES! ------------------------
# -------------------------------------------------------------
------------------------ !GEOMETRY! -------------------------
    Number of atoms:    17 
    Geometry Index:     1 
    Coordinates:
               0 C      1.390700000000    0.425400000000    0.218800000000
               1 N      0.823800000000   -0.634400000000    1.068100000000
               2 C     -0.449700000000   -0.934800000000    0.395600000000
               3 C     -1.393400000000    0.244000000000    0.655000000000
               4 N     -0.858600000000    1.315000000000   -0.200300000000
               5 C      0.301800000000    0.669500000000   -0.839700000000
               6 C     -0.161400000000   -0.739400000000   -1.068900000000
               7 H      1.595700000000    1.335800000000    0.821500000000
               8 H      2.337300000000    0.090300000000   -0.264600000000
               9 H      1.434900000000   -1.483000000000    1.004000000000
              10 H     -0.866900000000   -1.928800000000    0.667400000000
              11 H     -2.429200000000   -0.005800000000    0.337700000000
              12 H     -1.394600000000    0.536600000000    1.729500000000
              13 H     -0.545200000000    2.121900000000    0.389200000000
              14 H      0.646500000000    1.203200000000   -1.750700000000
              15 H      0.638100000000   -1.415400000000   -1.450800000000
              16 H     -1.069600000000   -0.800100000000   -1.711900000000
------------------------ !GEOMETRY! -------------------------
    Number of atoms:    17 
    Geometry Index:     2 
    Coordinates:
               0 C      1.417806428131    0.429343009061    0.213295575729
               1 N      0.823096611138   -0.642862517254    1.063479403307
               2 C     -0.465530305449   -0.950234453485    0.402881248695
               3 C     -1.407909881993    0.231753602960    0.667043794333
               4 N     -0.851850457693    1.303015574249   -0.209196685860
               5 C      0.325358942713    0.681069409527   -0.849726762661
               6 C     -0.174688629588   -0.743482444460   -1.091365920036
               7 H      1.616156035999    1.329900251514    0.807403088874
               8 H      2.362244140115    0.107678845370   -0.245689713987
               9 H      1.412660139518   -1.464040507828    1.025741787930
              10 H     -0.863701514850   -1.920997656892    0.705454339727
              11 H     -2.437000029409   -0.006787001256    0.369730034928
              12 H     -1.399925717058    0.515958227740    1.724056427731
              13 H     -0.560194824403    2.093662071520    0.350756352078
              14 H      0.662159095284    1.233711576108   -1.730193232178
              15 H      0.603344446238   -1.412223808716   -1.474254132657
              16 H     -1.061824478693   -0.785464178160   -1.729515605953
------------------------ !GEOMETRY! -------------------------
    Number of atoms:    17 
    Geometry Index:     3 
    Coordinates:
               0 C      1.420961105558    0.427094244100    0.213538108304
               1 N      0.818121399607   -0.642108659181    1.062261035965
               2 C     -0.469204752169   -0.954335335447    0.398201611012
               3 C     -1.408236058588    0.228438012290    0.669805890237
               4 N     -0.853639002266    1.294728669033   -0.215216778456
               5 C      0.331139249381    0.681301467030   -0.850724016785
               6 C     -0.174887162313   -0.744360345615   -1.099188361660
               7 H      1.619973728762    1.328590973889    0.806003880772
               8 H      2.367133777854    0.103856817050   -0.241051448297
               9 H      1.409907639724   -1.466051296721    1.045538097114
              10 H     -0.858275704374   -1.925353377438    0.712675319213
              11 H     -2.442977054747   -0.001856900348    0.386208023832
              12 H     -1.383145779814    0.508881310898    1.727800749823
              13 H     -0.580066222780    2.104770978260    0.331223441347
              14 H      0.665458959708    1.248343021914   -1.723050676515
              15 H      0.598101086978   -1.418306155646   -1.483239861499
              16 H     -1.060165210520   -0.773633424068   -1.740885014406
------------------------ !GEOMETRY! -------------------------
    Number of atoms:    17 
    Geometry Index:     4 
    Coordinates:
               0 C      1.421772970563    0.425192868655    0.214545283284
               1 N      0.816466364791   -0.643298394791    1.060619913758
               2 C     -0.469966444412   -0.956089900790    0.395357011227
               3 C     -1.406772770691    0.227614737437    0.671821497538
               4 N     -0.854817889409    1.290544525801   -0.217766380914
               5 C      0.333031871842    0.681298379980   -0.850322061164
               6 C     -0.174199043898   -0.744228067928   -1.102388222341
               7 H      1.620994072161    1.326252214717    0.807987355020
               8 H      2.368166576452    0.101290494836   -0.239793362443
               9 H      1.408269797067   -1.466638877949    1.057361253138
              10 H     -0.857074219365   -1.927915162450    0.711038665337
              11 H     -2.444943807578    0.001251892375    0.396797890137
              12 H     -1.370394243909    0.506144803293    1.730311787516
              13 H     -0.595511050096    2.112658840341    0.316496226884
              14 H      0.667440955446    1.253586526589   -1.719624549699
              15 H      0.596792790978   -1.420239085360   -1.487264714039
              16 H     -1.059055929943   -0.767425794756   -1.745277593238
------------------------ !GEOMETRY! -------------------------
    Number of atoms:    17 
    Geometry Index:     5 
    Coordinates:
               0 C      1.421947132125    0.424563428012    0.214950435120
               1 N      0.816476417665   -0.644033859204    1.060108558375
               2 C     -0.469792786357   -0.956290272708    0.394831703425
               3 C     -1.406225152304    0.227734114628    0.672452791996
               4 N     -0.855236477794    1.289581765377   -0.218175076059
               5 C      0.333142196515    0.681406659136   -0.849858081481
               6 C     -0.173860702855   -0.743885944472   -1.102562672495
               7 H      1.621479391167    1.325037433396    0.809094851083
               8 H      2.367936982916    0.100707714431   -0.240175233201
               9 H      1.408428615908   -1.467418016019    1.059746049872
              10 H     -0.857646406012   -1.928210522056    0.708924214315
              11 H     -2.445016706917    0.001758241618    0.399509533199
              12 H     -1.367350749943    0.505973946268    1.730896062352
              13 H     -0.600585450343    2.115775825360    0.312136782871
              14 H      0.668024719666    1.253612278258   -1.718957829064
              15 H      0.597116007888   -1.419750512101   -1.487566125267
              16 H     -1.058637031323   -0.766562279923   -1.745455965041
------------------------ !GEOMETRY! -------------------------
    Number of atoms:    17 
    Geometry Index:     6 
    Coordinates:
               0 C      1.421968782830    0.424434046323    0.215100759653
               1 N      0.816601842347   -0.644356044733    1.060057226578
               2 C     -0.469680724491   -0.956258505285    0.394823575514
               3 C     -1.406059176806    0.227844025339    0.672622739873
               4 N     -0.855335011693    1.289469454253   -0.218203209027
               5 C      0.333088023823    0.681473746693   -0.849665535289
               6 C     -0.173749439781   -0.743758029912   -1.102423305393
               7 H      1.621642604867    1.324699456466    0.809498074419
               8 H      2.367825816906    0.100644344470   -0.240362931440
               9 H      1.408483988715   -1.467696423980    1.059561038166
              10 H     -0.858049525342   -1.928154878798    0.708321680603
              11 H     -2.444913095119    0.001733743571    0.400002671897
              12 H     -1.366909063766    0.506134581731    1.731059109710
              13 H     -0.601804811588    2.116552836872    0.311114729275
              14 H      0.668192240227    1.253345531211   -1.718897538707
              15 H      0.597422020854   -1.419432688346   -1.487387730224
              16 H     -1.058524471982   -0.766675195875   -1.745321355607
