    33
     1   -0.524261   -2.667434    2.515386      1
     2   -0.495555   -2.650194    0.647264      1
     3    3.417834   -2.984266    0.631865      1
     4   -4.270334   -1.572851    0.526001      1
     5    1.994199   -1.816886   -0.232280      1
     6    2.078508   -2.151567   -2.243533      1
     7   -2.502390   -0.991039   -0.293829      1
     8   -2.645957   -1.283695   -2.308309      1
     9    2.645973    1.283716    2.308296      1
    10    2.502390    0.991045    0.293819      1
    11   -2.078483    2.151550    2.243550      1
    12   -1.994197    1.816886    0.232293      1
    13    4.270328    1.572849   -0.526029      1
    14   -3.417840    2.984275   -0.631828      1
    15    0.495548    2.650194   -0.647272      1
    16    0.524238    2.667418   -2.515394      1
    17   -0.515432   -2.653093    2.062207      2
    18    2.894656   -2.552478    0.321699      2
    19    0.991263   -2.123751    0.132283      2
    20   -1.684113   -1.632304    0.095644      2
    21   -3.619844   -1.356391    0.232132      2
    22    2.043581   -2.021582   -1.505460      2
    23   -2.587018   -1.170991   -1.568901      2
    24    2.246024   -0.412512    0.030714      2
    25   -0.000000    0.000000   -0.000000      3
    26   -2.246024    0.412515   -0.030712      2
    27    2.587028    1.171007    1.568889      2
    28   -2.043565    2.021571    1.505475      2
    29    3.619840    1.356392   -0.232153      2
    30    1.684110    1.632308   -0.095653      2
    31   -0.991265    2.123752   -0.132278      2
    32   -2.894659    2.552484   -0.321671      2
    33    0.515413    2.653081   -2.062215      2
