-------------------------------------------------------------
----------------------- !PROPERTIES! ------------------------
-------------------------------------------------------------
# -----------------------------------------------------------
$ PAL_Flags
   description: The PAL Flags
   geom. index: 1
   prop. index: 1
        Diskflag:     2
# -----------------------------------------------------------
$ SCF_Energy
   description: The SCF energy
   geom. index: 1
   prop. index: 1
        SCF Energy:     -268.0544877741
# -----------------------------------------------------------
$ DFT_Energy
   description: The DFT energy
   geom. index: 1
   prop. index: 1
   Number of Alpha Electrons                 24.0000504544 
   Number of Beta  Electrons                 24.0000504544 
   Total number of  Electrons                48.0001009088 
   Exchange energy                          -24.9119550069 
   Correlation energy                        -1.9536060993 
   Correlation energy NL                      0.0000000000 
   Exchange-Correlation energy              -26.8655611061 
   Embedding correction                       0.0000000000 
   Total DFT Energy (No VdW correction)    -268.0544877741 
# -----------------------------------------------------------
$ Mayer_Pop
   description: The Mayer population analysis
   geom. index: 1
   prop. index: 1
     Number of atoms                     : 16
     Threshold for printing              : 0.1000000
     Number of bond orders printed       : 16
  NA   - Mulliken gross atomic population
  ZA   - Total nuclear charge
  QA   - Mulliken gross atomic charge
  VA   - Mayer's total valence
  BVA  - Mayer's bonded valence
  FA   - Mayer's free valence
  ATOM       NA         ZA         QA         VA         BVA        FA
  0   0     6.2676     6.0000    -0.2676     3.7171     3.7171    -0.0000
  1   0     6.2668     6.0000    -0.2668     3.7162     3.7162    -0.0000
  2   0     7.3801     7.0000    -0.3801     2.5613     2.5613    -0.0000
  3   0     6.2676     6.0000    -0.2676     3.7171     3.7171    -0.0000
  4   0     6.2668     6.0000    -0.2668     3.7162     3.7162    -0.0000
  5   0     7.3801     7.0000    -0.3801     2.5613     2.5613    -0.0000
  6   0     0.8478     1.0000     0.1522     0.9356     0.9356    -0.0000
  7   0     0.8448     1.0000     0.1552     0.9459     0.9459    -0.0000
  8   0     0.8477     1.0000     0.1523     0.9357     0.9357    -0.0000
  9   0     0.8447     1.0000     0.1553     0.9458     0.9458    -0.0000
 10   0     0.7004     1.0000     0.2996     0.8573     0.8573     0.0000
 11   0     0.8448     1.0000     0.1552     0.9459     0.9459    -0.0000
 12   0     0.8478     1.0000     0.1522     0.9356     0.9356    -0.0000
 13   0     0.8447     1.0000     0.1553     0.9458     0.9458    -0.0000
 14   0     0.8477     1.0000     0.1523     0.9357     0.9357     0.0000
 15   0     0.7004     1.0000     0.2996     0.8573     0.8573    -0.0000
      Bond orders larger than 0.1000000
           Atom A     A.N. of A          Atom B    A.N. of B              Bond order
                0             6               1            6                0.897835
                0             6               5            7                0.903638
                0             6               6            1                0.984492
                0             6               7            1                0.980337
                1             6               2            7                0.903652
                1             6               8            1                0.984659
                1             6               9            1                0.979749
                2             7               3            6                0.903643
                2             7              10            1                0.881550
                3             6               4            6                0.897843
                3             6              11            1                0.980339
                3             6              12            1                0.984485
                4             6               5            7                0.903656
                4             6              13            1                0.979747
                4             6              14            1                0.984663
                5             7              15            1                0.881551
# -----------------------------------------------------------
$ VdW_Correction
   description: The Van der Waals Correction
   geom. index: 1
   prop. index: 1
        Van der Waals Correction:       -0.0237591608
# -----------------------------------------------------------
$ Hessian
   description: Details about the Hessian
   geom. index: 1
   prop. index: 1
Normal modes:
Number of Rows: 48 Number of Columns: 48
                  0          1          2          3          4          5    
      0       0.000000   0.000000   0.000000   0.000000   0.000000   0.000000
      1       0.000000   0.000000   0.000000   0.000000   0.000000   0.000000
      2       0.000000   0.000000   0.000000   0.000000   0.000000   0.000000
      3       0.000000   0.000000   0.000000   0.000000   0.000000   0.000000
      4       0.000000   0.000000   0.000000   0.000000   0.000000   0.000000
      5       0.000000   0.000000   0.000000   0.000000   0.000000   0.000000
      6       0.000000   0.000000   0.000000   0.000000   0.000000   0.000000
      7       0.000000   0.000000   0.000000   0.000000   0.000000   0.000000
      8       0.000000   0.000000   0.000000   0.000000   0.000000   0.000000
      9       0.000000   0.000000   0.000000   0.000000   0.000000   0.000000
     10       0.000000   0.000000   0.000000   0.000000   0.000000   0.000000
     11       0.000000   0.000000   0.000000   0.000000   0.000000   0.000000
     12       0.000000   0.000000   0.000000   0.000000   0.000000   0.000000
     13       0.000000   0.000000   0.000000   0.000000   0.000000   0.000000
     14       0.000000   0.000000   0.000000   0.000000   0.000000   0.000000
     15       0.000000   0.000000   0.000000   0.000000   0.000000   0.000000
     16       0.000000   0.000000   0.000000   0.000000   0.000000   0.000000
     17       0.000000   0.000000   0.000000   0.000000   0.000000   0.000000
     18       0.000000   0.000000   0.000000   0.000000   0.000000   0.000000
     19       0.000000   0.000000   0.000000   0.000000   0.000000   0.000000
     20       0.000000   0.000000   0.000000   0.000000   0.000000   0.000000
     21       0.000000   0.000000   0.000000   0.000000   0.000000   0.000000
     22       0.000000   0.000000   0.000000   0.000000   0.000000   0.000000
     23       0.000000   0.000000   0.000000   0.000000   0.000000   0.000000
     24       0.000000   0.000000   0.000000   0.000000   0.000000   0.000000
     25       0.000000   0.000000   0.000000   0.000000   0.000000   0.000000
     26       0.000000   0.000000   0.000000   0.000000   0.000000   0.000000
     27       0.000000   0.000000   0.000000   0.000000   0.000000   0.000000
     28       0.000000   0.000000   0.000000   0.000000   0.000000   0.000000
     29       0.000000   0.000000   0.000000   0.000000   0.000000   0.000000
     30       0.000000   0.000000   0.000000   0.000000   0.000000   0.000000
     31       0.000000   0.000000   0.000000   0.000000   0.000000   0.000000
     32       0.000000   0.000000   0.000000   0.000000   0.000000   0.000000
     33       0.000000   0.000000   0.000000   0.000000   0.000000   0.000000
     34       0.000000   0.000000   0.000000   0.000000   0.000000   0.000000
     35       0.000000   0.000000   0.000000   0.000000   0.000000   0.000000
     36       0.000000   0.000000   0.000000   0.000000   0.000000   0.000000
     37       0.000000   0.000000   0.000000   0.000000   0.000000   0.000000
     38       0.000000   0.000000   0.000000   0.000000   0.000000   0.000000
     39       0.000000   0.000000   0.000000   0.000000   0.000000   0.000000
     40       0.000000   0.000000   0.000000   0.000000   0.000000   0.000000
     41       0.000000   0.000000   0.000000   0.000000   0.000000   0.000000
     42       0.000000   0.000000   0.000000   0.000000   0.000000   0.000000
     43       0.000000   0.000000   0.000000   0.000000   0.000000   0.000000
     44       0.000000   0.000000   0.000000   0.000000   0.000000   0.000000
     45       0.000000   0.000000   0.000000   0.000000   0.000000   0.000000
     46       0.000000   0.000000   0.000000   0.000000   0.000000   0.000000
     47       0.000000   0.000000   0.000000   0.000000   0.000000   0.000000
                  6          7          8          9         10         11    
      0      -0.013471  -0.060713   0.173872   0.055193   0.099065  -0.047823
      1       0.035268  -0.032412   0.005492  -0.032488  -0.163785   0.057269
      2      -0.120842  -0.080043  -0.036443   0.069151  -0.036354   0.025969
      3      -0.028607   0.047140   0.159640   0.065049  -0.149598   0.064297
      4      -0.027309  -0.052461  -0.066641   0.010494  -0.118105   0.036667
      5       0.120695  -0.077625   0.041050  -0.067431  -0.039859   0.027581
      6       0.047173   0.010770  -0.060301   0.008466  -0.085246  -0.016036
      7      -0.008848   0.070421  -0.324667   0.053083   0.015651  -0.088144
      8       0.000170   0.169716   0.052027   0.094220  -0.001113  -0.008783
      9      -0.013471  -0.060714  -0.173872  -0.055193  -0.099064  -0.047823
     10       0.035269  -0.032412  -0.005492   0.032488   0.163784   0.057269
     11      -0.120841  -0.080044   0.036443  -0.069151   0.036355   0.025969
     12      -0.028606   0.047140  -0.159640  -0.065049   0.149599   0.064297
     13      -0.027308  -0.052461   0.066641  -0.010494   0.118106   0.036668
     14       0.120695  -0.077625  -0.041051   0.067432   0.039857   0.027580
     15       0.047174   0.010769   0.060301  -0.008466   0.085245  -0.016035
     16      -0.008847   0.070420   0.324668  -0.053084  -0.015651  -0.088143
     17       0.000170   0.169715  -0.052026  -0.094221   0.001112  -0.008782
     18      -0.156933  -0.296133   0.222413   0.263754   0.206239  -0.216362
     19       0.236760  -0.038182   0.019609  -0.181525  -0.346401   0.295744
     20      -0.155996  -0.087635  -0.034312   0.098686  -0.004389  -0.019015
     21       0.039088   0.007066  -0.003062  -0.019430   0.103985   0.016924
     22      -0.054142  -0.061007  -0.172783   0.040218  -0.017935  -0.057822
     23      -0.332079  -0.233719   0.027022   0.295922   0.155484  -0.245252
     24      -0.236512   0.263755   0.200128   0.313889  -0.315184   0.307701
     25      -0.164183  -0.142587  -0.097041   0.075812  -0.250550   0.199483
     26       0.151016  -0.078714   0.040152  -0.090667  -0.011714  -0.011677
     27       0.047080  -0.021704   0.059284  -0.024555  -0.107644  -0.029873
     28       0.038719  -0.055379   0.162511  -0.032204   0.021006  -0.049288
     29       0.334764  -0.231632  -0.026319  -0.296789   0.152287  -0.245915
     30       0.153151   0.059104  -0.072531   0.043074  -0.143444  -0.051858
     31      -0.029062   0.329912  -0.390610   0.240439   0.026443  -0.282613
     32       0.001677   0.152085   0.062360   0.082174  -0.001924   0.005820
     33       0.039088   0.007066   0.003061   0.019430  -0.103985   0.016924
     34      -0.054142  -0.061008   0.172783  -0.040218   0.017936  -0.057821
     35      -0.332079  -0.233721  -0.027020  -0.295924  -0.155480  -0.245250
     36      -0.156934  -0.296134  -0.222413  -0.263754  -0.206237  -0.216361
     37       0.236762  -0.038181  -0.019611   0.181529   0.346398   0.295743
     38      -0.155996  -0.087636   0.034312  -0.098686   0.004391  -0.019014
     39       0.047080  -0.021704  -0.059284   0.024555   0.107644  -0.029873
     40       0.038719  -0.055379  -0.162511   0.032204  -0.021006  -0.049288
     41       0.334761  -0.231630   0.026318   0.296790  -0.152289  -0.245917
     42      -0.236508   0.263754  -0.200128  -0.313889   0.315185   0.307703
     43      -0.164181  -0.142587   0.097040  -0.075810   0.250552   0.199484
     44       0.151015  -0.078713  -0.040153   0.090668   0.011712  -0.011678
     45       0.153153   0.059103   0.072531  -0.043074   0.143443  -0.051858
     46      -0.029061   0.329910   0.390612  -0.240442  -0.026442  -0.282612
     47       0.001678   0.152085  -0.062360  -0.082175   0.001924   0.005821
                 12         13         14         15         16         17    
      0       0.148801  -0.026246   0.109275  -0.044540  -0.019863  -0.010438
      1      -0.140058   0.062987   0.047684   0.157798   0.016396  -0.020399
      2      -0.049153  -0.068390  -0.044209   0.033276  -0.033012   0.035747
      3       0.187770   0.048490  -0.084123  -0.096788  -0.025224   0.001629
      4       0.078508   0.049086   0.083138  -0.131925  -0.008050  -0.022589
      5       0.053544  -0.067556  -0.046890  -0.035166   0.032309   0.035943
      6       0.030029   0.058471  -0.035032   0.099365   0.009265  -0.000726
      7       0.156820  -0.010881  -0.185003  -0.018165   0.051532  -0.007659
      8      -0.084001   0.000887   0.084713   0.001322   0.016730  -0.052229
      9      -0.148801   0.026249   0.109274  -0.044541   0.019862  -0.010437
     10       0.140058  -0.062987   0.047687   0.157798  -0.016395  -0.020398
     11       0.049153   0.068389  -0.044212   0.033277   0.033013   0.035747
     12      -0.187769  -0.048492  -0.084119  -0.096789   0.025224   0.001629
     13      -0.078507  -0.049082   0.083141  -0.131926   0.008048  -0.022589
     14      -0.053544   0.067555  -0.046894  -0.035165  -0.032308   0.035943
     15      -0.030029  -0.058473  -0.035029   0.099365  -0.009264  -0.000726
     16      -0.156821   0.010876  -0.185005  -0.018164  -0.051531  -0.007658
     17       0.084001  -0.000885   0.084713   0.001322  -0.016732  -0.052229
     18      -0.022616   0.189130   0.088297   0.100595   0.152734   0.046227
     19      -0.043808  -0.266299   0.026535   0.094273  -0.065404   0.213115
     20      -0.067783  -0.008292  -0.035687   0.049307  -0.010997   0.007331
     21       0.146571  -0.125732   0.249498   0.088392  -0.023156  -0.088374
     22      -0.286975   0.194374   0.223427   0.400629   0.118399  -0.171380
     23      -0.236768   0.280038  -0.041559   0.144580   0.113120  -0.035128
     24      -0.008321  -0.271218  -0.072091   0.061816   0.165378   0.032116
     25       0.048591  -0.181981   0.055942  -0.123955   0.006574   0.215836
     26       0.067310  -0.014881  -0.037927  -0.047007   0.015409   0.007172
     27       0.233362   0.178839  -0.152822  -0.055792  -0.060520   0.022763
     28       0.217971   0.138179   0.297148  -0.407103  -0.102801  -0.191675
     29       0.243144   0.284008  -0.047251  -0.144157  -0.114011  -0.033426
     30      -0.034582  -0.019648   0.074175   0.108259  -0.112026   0.102313
     31      -0.193541   0.004246   0.408867  -0.019714  -0.607504   0.552752
     32      -0.073233  -0.000235   0.070808   0.001421   0.043964  -0.074428
     33      -0.146572   0.125738   0.249491   0.088393   0.023152  -0.088373
     34       0.286974  -0.194372   0.223434   0.400628  -0.118400  -0.171377
     35       0.236767  -0.280040  -0.041547   0.144578  -0.113118  -0.035127
     36       0.022616  -0.189129   0.088304   0.100596  -0.152733   0.046229
     37       0.043808   0.266300   0.026522   0.094275   0.065407   0.213114
     38       0.067783   0.008291  -0.035688   0.049307   0.010998   0.007330
     39      -0.233361  -0.178843  -0.152811  -0.055796   0.060521   0.022764
     40      -0.217969  -0.138168   0.297157  -0.407108   0.102794  -0.191677
     41      -0.243143  -0.284008  -0.047234  -0.144165   0.114009  -0.033427
     42       0.008320   0.271216  -0.072109   0.061822  -0.165376   0.032118
     43      -0.048591   0.181984   0.055933  -0.123952  -0.006574   0.215835
     44      -0.067309   0.014880  -0.037928  -0.047007  -0.015408   0.007172
     45       0.034582   0.019649   0.074176   0.108257   0.112028   0.102312
     46       0.193544  -0.004234   0.408880  -0.019724   0.607506   0.552746
     47       0.073233   0.000236   0.070807   0.001422  -0.043965  -0.074428
                 18         19         20         21         22         23    
      0       0.096958  -0.016506   0.131892   0.132599   0.134026  -0.020273
      1       0.125889  -0.011137  -0.077023   0.101475   0.002871   0.009141
      2       0.026259  -0.098961   0.021163  -0.019454  -0.037078   0.022703
      3       0.046744  -0.014616  -0.151149   0.087125  -0.123082   0.021564
      4      -0.152303   0.016652  -0.024989  -0.141841   0.049874   0.001448
      5      -0.024202   0.098631   0.016764   0.022501  -0.040832   0.023209
      6       0.011102  -0.017364   0.016172  -0.196373   0.194130  -0.041141
      7       0.057619   0.003356   0.088017   0.036057  -0.035556   0.007552
      8      -0.049251  -0.000260   0.008986  -0.002686   0.002664  -0.000567
      9      -0.096958  -0.016509   0.131891   0.132597  -0.134027   0.020272
     10      -0.125888  -0.011141  -0.077023   0.101475  -0.002872  -0.009141
     11      -0.026254  -0.098961   0.021164  -0.019455   0.037078  -0.022703
     12      -0.046743  -0.014617  -0.151149   0.087127   0.123081  -0.021564
     13       0.152302   0.016657  -0.024989  -0.141841  -0.049872  -0.001447
     14       0.024198   0.098631   0.016763   0.022502   0.040832  -0.023210
     15      -0.011101  -0.017365   0.016172  -0.196375  -0.194128   0.041142
     16      -0.057620   0.003354   0.088017   0.036058   0.035556  -0.007552
     17       0.049250  -0.000259   0.008987  -0.002686  -0.002664   0.000567
     18       0.079670   0.331670  -0.008750   0.243858  -0.041448  -0.316676
     19       0.222817  -0.131947   0.224007   0.288001   0.044669  -0.285616
     20       0.015592  -0.064794  -0.035123  -0.035854  -0.051444   0.057067
     21       0.278415  -0.163103   0.234323   0.035947   0.276617   0.130102
     22       0.279510   0.036303  -0.152818  -0.011184   0.121272   0.159610
     23      -0.069031   0.218435  -0.258648  -0.019465  -0.134094  -0.020646
     24      -0.004245   0.355250   0.086642   0.124754   0.055604   0.192878
     25      -0.236666   0.006469   0.206403  -0.355478   0.025890  -0.379547
     26      -0.014481   0.074226  -0.034098   0.040865  -0.050160   0.064040
     27       0.159261  -0.160369  -0.265606   0.036461  -0.211506  -0.064425
     28      -0.360243   0.022697  -0.060800  -0.001840   0.210819   0.195637
     29       0.075135  -0.223744  -0.264395   0.019958  -0.140517  -0.023320
     30       0.013350   0.248720  -0.041860  -0.330391   0.430503   0.196615
     31       0.069631  -0.045871  -0.224326   0.060440  -0.079116  -0.036029
     32      -0.059484   0.003414   0.015469  -0.004484   0.005867   0.002702
     33      -0.278408  -0.163111   0.234321   0.035941  -0.276617  -0.130104
     34      -0.279512   0.036295  -0.152820  -0.011187  -0.121271  -0.159611
     35       0.069021   0.218437  -0.258647  -0.019462   0.134094   0.020647
     36      -0.079687   0.331667  -0.008751   0.243864   0.041445   0.316676
     37      -0.222811  -0.131955   0.224010   0.288002  -0.044673   0.285615
     38      -0.015589  -0.064794  -0.035123  -0.035855   0.051445  -0.057067
     39      -0.159252  -0.160374  -0.265607   0.036465   0.211507   0.064425
     40       0.360242   0.022708  -0.060798  -0.001845  -0.210821  -0.195636
     41      -0.075123  -0.223747  -0.264396   0.019959   0.140517   0.023320
     42       0.004227   0.355251   0.086640   0.124752  -0.055605  -0.192878
     43       0.236665   0.006476   0.206405  -0.355472  -0.025885   0.379547
     44       0.014478   0.074227  -0.034098   0.040865   0.050159  -0.064040
     45      -0.013361   0.248720  -0.041862  -0.330400  -0.430499  -0.196612
     46      -0.069625  -0.045875  -0.224325   0.060442   0.079117   0.036028
     47       0.059484   0.003416   0.015470  -0.004485  -0.005867  -0.002702
                 24         25         26         27         28         29    
      0       0.008351  -0.009018  -0.022590   0.000450   0.065107  -0.037564
      1       0.016061   0.032292  -0.005204   0.034530   0.047383  -0.076101
      2       0.123038   0.043316  -0.044485  -0.010655  -0.007277   0.033808
      3       0.005463  -0.018689   0.020445  -0.011961  -0.043858  -0.007362
      4      -0.018652  -0.027275  -0.013269  -0.032616   0.067705   0.084670
      5      -0.122807  -0.043619  -0.043888   0.010514  -0.008843  -0.034546
      6       0.003521   0.043272  -0.001720   0.006182  -0.012514  -0.015565
      7       0.026172  -0.007922  -0.003899   0.029289   0.002290   0.002789
      8       0.086728   0.000530   0.073011  -0.056384  -0.000275  -0.000114
      9      -0.008351  -0.009019  -0.022590  -0.000456  -0.065107  -0.037564
     10      -0.016061   0.032292  -0.005194  -0.034532  -0.047383  -0.076100
     11      -0.123037   0.043317  -0.044489   0.010643   0.007278   0.033808
     12      -0.005463  -0.018688   0.020441   0.011967   0.043858  -0.007362
     13       0.018652  -0.027275  -0.013278   0.032613  -0.067704   0.084670
     14       0.122806  -0.043620  -0.043885  -0.010526   0.008842  -0.034546
     15      -0.003520   0.043272  -0.001718  -0.006182   0.012514  -0.015565
     16      -0.026172  -0.007921  -0.003890  -0.029290  -0.002290   0.002789
     17      -0.086728   0.000531   0.072994   0.056404   0.000276  -0.000114
     18      -0.210284   0.073224   0.372142   0.221399  -0.116722   0.227887
     19       0.212187   0.200036   0.246373   0.218348  -0.171200   0.364479
     20       0.084079   0.022074  -0.067967  -0.025424   0.013904  -0.025620
     21      -0.053741  -0.298580  -0.131998  -0.284047  -0.259538   0.161658
     22      -0.224027  -0.318223  -0.065461  -0.232761  -0.354299   0.114746
     23      -0.113702   0.044420   0.051997   0.096756  -0.007677  -0.036220
     24      -0.269669  -0.001743  -0.258441   0.128235   0.048539   0.082395
     25      -0.123629  -0.213251   0.362609  -0.281596  -0.204272  -0.421806
     26      -0.090742  -0.021028  -0.076717   0.030139   0.016460   0.029805
     27       0.026540  -0.164954   0.098444  -0.180469   0.116640   0.110136
     28       0.228722   0.403734  -0.107237   0.319185  -0.422995  -0.167005
     29       0.113471  -0.050805   0.055162  -0.103147  -0.002907   0.039959
     30      -0.065968   0.120901  -0.030664   0.014155   0.115352   0.169537
     31      -0.351394  -0.021992  -0.162069   0.074505  -0.021063  -0.031283
     32       0.092623   0.001579   0.076134  -0.065152   0.001464   0.002454
     33       0.053739  -0.298579  -0.132084   0.284012   0.259538   0.161653
     34       0.224024  -0.318223  -0.065531   0.232744   0.354299   0.114742
     35       0.113702   0.044420   0.052026  -0.096742   0.007676  -0.036219
     36       0.210283   0.073222   0.372209  -0.221295   0.116725   0.227886
     37      -0.212186   0.200035   0.246439  -0.218278   0.171202   0.364477
     38      -0.084079   0.022075  -0.067974   0.025405  -0.013904  -0.025620
     39      -0.026542  -0.164953   0.098391   0.180497  -0.116638   0.110136
     40      -0.228719   0.403735  -0.107142  -0.319217   0.422991  -0.167007
     41      -0.113473  -0.050804   0.055131   0.103163   0.002908   0.039959
     42       0.269669  -0.001744  -0.258402  -0.128307  -0.048539   0.082397
     43       0.123629  -0.213251   0.362523   0.281696   0.204269  -0.421810
     44       0.090742  -0.021028  -0.076708  -0.030160  -0.016459   0.029805
     45       0.065971   0.120901  -0.030660  -0.014163  -0.115350   0.169538
     46       0.351392  -0.021995  -0.162047  -0.074552   0.021063  -0.031283
     47      -0.092623   0.001580   0.076114   0.065173  -0.001464   0.002454
                 30         31         32         33         34         35    
      0       0.040077   0.061507   0.030837  -0.026628  -0.038908   0.035425
      1       0.091730   0.056157  -0.020698   0.026910   0.017540  -0.018081
      2      -0.022785  -0.011272  -0.014770   0.024895   0.026042  -0.027039
      3       0.004044  -0.037165  -0.035976  -0.034430   0.041361   0.038614
      4      -0.099536   0.073844  -0.008505  -0.015802   0.002527   0.004426
      5       0.023327  -0.012460  -0.015820  -0.026121   0.026757   0.028008
      6       0.005221  -0.004570   0.006166  -0.007437   0.000748   0.001303
      7       0.028747  -0.023564  -0.001146   0.001327   0.003779   0.006928
      8       0.001658   0.022105   0.000077  -0.000056  -0.006333   0.001423
      9      -0.040079   0.061506  -0.030833  -0.026631  -0.038902  -0.035431
     10      -0.091732   0.056154   0.020694   0.026912   0.017538   0.018085
     11       0.022785  -0.011272   0.014766   0.024896   0.026038   0.027045
     12      -0.004042  -0.037166   0.035980  -0.034425   0.041369  -0.038608
     13       0.099533   0.073847   0.008506  -0.015801   0.002528  -0.004426
     14      -0.023327  -0.012461   0.015822  -0.026119   0.026762  -0.028004
     15      -0.005221  -0.004570  -0.006166  -0.007438   0.000748  -0.001304
     16      -0.028746  -0.023564   0.001145   0.001327   0.003780  -0.006927
     17      -0.001659   0.022105  -0.000077  -0.000056  -0.006333  -0.001424
     18      -0.205050  -0.033557  -0.291853   0.263414   0.268630  -0.300707
     19      -0.380923  -0.185433   0.192307  -0.205013  -0.206422   0.161059
     20       0.038194   0.013085  -0.050760   0.064121   0.069388  -0.062993
     21      -0.167497  -0.259112  -0.094267   0.083815   0.138756  -0.086147
     22      -0.151708  -0.370309   0.078525  -0.105283  -0.039232   0.101994
     23      -0.008099  -0.043226   0.314613  -0.330817  -0.331694   0.332745
     24      -0.055053  -0.035487   0.344193   0.325546  -0.321293  -0.338070
     25       0.427704  -0.183457   0.076095   0.099019  -0.095906  -0.043237
     26      -0.041690   0.012956  -0.042262  -0.056906   0.060313   0.053968
     27      -0.102334   0.110904   0.108110   0.108919  -0.133069  -0.107362
     28       0.199421  -0.437097   0.041792   0.069803   0.011978  -0.066082
     29       0.004370  -0.038659   0.319071   0.338280  -0.330326  -0.333795
     30       0.004269  -0.009295  -0.127085   0.049195   0.007341  -0.002167
     31       0.019994  -0.045308   0.023350  -0.009316   0.037952  -0.008142
     32      -0.003732   0.031469  -0.001756   0.000731  -0.008811  -0.001117
     33       0.167508  -0.259109   0.094255   0.083825   0.138743   0.086171
     34       0.151722  -0.370306  -0.078512  -0.105292  -0.039217  -0.102004
     35       0.008099  -0.043224  -0.314568  -0.330851  -0.331644  -0.332806
     36       0.205052  -0.033553   0.291815   0.263445   0.268584   0.300755
     37       0.380929  -0.185420  -0.192279  -0.205035  -0.206399  -0.161098
     38      -0.038194   0.013084   0.050751   0.064127   0.069378   0.063006
     39       0.102330   0.110908  -0.108119   0.108904  -0.133090   0.107341
     40      -0.199405  -0.437104  -0.041801   0.069797   0.011966   0.066083
     41      -0.004369  -0.038660  -0.319105   0.338238  -0.330390   0.333742
     42       0.055055  -0.035485  -0.344226   0.325501  -0.321358   0.338017
     43      -0.427701  -0.183472  -0.076104   0.099009  -0.095915   0.043223
     44       0.041690   0.012958   0.042267  -0.056901   0.060324  -0.053959
     45      -0.004268  -0.009294   0.127083   0.049209   0.007340   0.002176
     46      -0.019992  -0.045309  -0.023350  -0.009318   0.037951   0.008147
     47       0.003731   0.031469   0.001757   0.000731  -0.008811   0.001116
                 36         37         38         39         40         41    
      0      -0.027881  -0.018456   0.022125  -0.025878   0.011600  -0.015982
      1      -0.017611  -0.017802  -0.021505   0.024107  -0.014742   0.018099
      2      -0.026721  -0.031982  -0.016265   0.017601  -0.022640   0.024885
      3      -0.020504   0.011804  -0.026343   0.025223   0.024942  -0.022143
      4       0.026458  -0.023306  -0.011598   0.009490   0.013556  -0.012016
      5       0.026023  -0.031520  -0.015921   0.010412   0.027869  -0.026409
      6       0.073356  -0.070624  -0.000580  -0.000152   0.000436   0.000104
      7      -0.013454   0.012958   0.000087  -0.000471  -0.000163   0.000727
      8       0.001025  -0.000987  -0.000024  -0.000582  -0.000091   0.000845
      9      -0.027883   0.018455  -0.022123  -0.025877   0.011602   0.015982
     10      -0.017612   0.017801   0.021503   0.024107  -0.014744  -0.018099
     11      -0.026721   0.031981   0.016263   0.017600  -0.022642  -0.024885
     12      -0.020504  -0.011804   0.026344   0.025224   0.024941   0.022141
     13       0.026457   0.023306   0.011599   0.009490   0.013555   0.012015
     14       0.026022   0.031521   0.015923   0.010414   0.027869   0.026408
     15       0.073353   0.070626   0.000580  -0.000152   0.000436  -0.000104
     16      -0.013453  -0.012959  -0.000087  -0.000471  -0.000163  -0.000727
     17       0.001025   0.000987   0.000024  -0.000582  -0.000091  -0.000845
     18       0.154154   0.085533  -0.009167   0.012464  -0.011103   0.014952
     19       0.051402   0.137998   0.047629  -0.052304   0.051785  -0.056690
     20      -0.030353  -0.054352   0.354937  -0.390466   0.361184  -0.407715
     21      -0.040068  -0.072708  -0.258345   0.292356  -0.134960   0.177889
     22      -0.007020   0.015876   0.205119  -0.230856   0.113797  -0.146677
     23       0.002001   0.091023  -0.160461   0.179204  -0.086637   0.110404
     24       0.125052  -0.029727   0.014890  -0.012758  -0.024536   0.024113
     25      -0.102392   0.158822   0.040553  -0.029392  -0.058839   0.052082
     26       0.034141  -0.055820   0.335143  -0.256558  -0.469567   0.428294
     27      -0.034815   0.071003   0.301604  -0.282089  -0.274550   0.237711
     28       0.020861  -0.010620   0.093607  -0.085078  -0.090306   0.078497
     29      -0.002834   0.092586  -0.144551   0.132646   0.132323  -0.112798
     30      -0.647112   0.626192  -0.000351  -0.000055   0.003665  -0.000372
     31       0.118695  -0.114881   0.000150   0.003849  -0.000035  -0.003357
     32      -0.008874   0.008590   0.000316   0.009468   0.001656  -0.018066
     33      -0.040068   0.072705   0.258329   0.292355  -0.134983  -0.177895
     34      -0.007021  -0.015876  -0.205106  -0.230856   0.113815   0.146682
     35       0.001997  -0.091020   0.160451   0.179203  -0.086651  -0.110408
     36       0.154162  -0.085530   0.009166   0.012463  -0.011104  -0.014952
     37       0.051403  -0.137995  -0.047624  -0.052303   0.051790   0.056690
     38      -0.030353   0.054351  -0.354903  -0.390459   0.361221   0.407719
     39      -0.034812  -0.071004  -0.301618  -0.282104  -0.274535  -0.237694
     40       0.020861   0.010620  -0.093612  -0.085082  -0.090302  -0.078492
     41      -0.002829  -0.092584   0.144558   0.132653   0.132316   0.112790
     42       0.125053   0.029732  -0.014891  -0.012759  -0.024536  -0.024112
     43      -0.102387  -0.158825  -0.040557  -0.029395  -0.058837  -0.052079
     44       0.034139   0.055821  -0.335172  -0.256580  -0.469553  -0.428272
     45      -0.647093  -0.626211   0.000351  -0.000055   0.003665   0.000372
     46       0.118692   0.114884  -0.000150   0.003850  -0.000035   0.003357
     47      -0.008874  -0.008590  -0.000316   0.009469   0.001656   0.018066
                 42         43         44         45         46         47    
      0       0.024851   0.025466   0.017552   0.016780   0.001312  -0.001503
      1      -0.017333  -0.017705  -0.011464  -0.010702   0.001216  -0.001219
      2       0.037179   0.037346   0.040819   0.041594   0.002758  -0.002538
      3       0.029348   0.029493  -0.024168  -0.022567  -0.000862  -0.001033
      4       0.007079   0.007081  -0.004929  -0.004334   0.001615   0.001681
      5      -0.033521  -0.032868   0.043137   0.043282   0.002733   0.002514
      6      -0.000473  -0.000018   0.000014  -0.000017  -0.000743  -0.000701
      7       0.000068  -0.000013  -0.000001  -0.000440  -0.000273  -0.000039
      8      -0.000118   0.001324  -0.000058  -0.003307   0.050107   0.050127
      9       0.024852  -0.025466  -0.017549   0.016781   0.001312   0.001503
     10      -0.017334   0.017705   0.011463  -0.010703   0.001216   0.001219
     11       0.037181  -0.037347  -0.040814   0.041596   0.002759   0.002538
     12       0.029348  -0.029492   0.024167  -0.022570  -0.000862   0.001033
     13       0.007079  -0.007081   0.004929  -0.004334   0.001615  -0.001681
     14      -0.033520   0.032866  -0.043135   0.043287   0.002733  -0.002514
     15      -0.000473   0.000018  -0.000014  -0.000017  -0.000743   0.000701
     16       0.000068   0.000013   0.000001  -0.000440  -0.000273   0.000039
     17      -0.000118  -0.001324   0.000058  -0.003307   0.050103  -0.050131
     18       0.011400   0.013688   0.011579   0.016118  -0.000625   0.000142
     19      -0.041674  -0.041950  -0.053998  -0.056035  -0.004534  -0.000181
     20      -0.266951  -0.274225  -0.340891  -0.359687  -0.024020   0.018961
     21      -0.305501  -0.305590  -0.231487  -0.220268  -0.010433   0.007631
     22       0.250505   0.250819   0.190224   0.181979   0.005912  -0.002092
     23      -0.181216  -0.182915  -0.136468  -0.132054  -0.005165   0.002061
     24       0.016444   0.018356  -0.022452  -0.026425  -0.000382   0.000702
     25       0.032525   0.031026  -0.050675  -0.050490  -0.004584   0.000020
     26       0.239585   0.241053  -0.361971  -0.375751  -0.024006  -0.019023
     27      -0.364924  -0.357781   0.319166   0.298480   0.011982   0.007937
     28      -0.119892  -0.117781   0.105353   0.099288   0.001793  -0.000758
     29       0.165289   0.163805  -0.143817  -0.136369  -0.004868  -0.001863
     30       0.003329  -0.000367  -0.008216   0.001286   0.004428   0.004119
     31      -0.000229  -0.001918   0.001589   0.010533  -0.028527  -0.030252
     32       0.001345  -0.025009   0.000967   0.038454  -0.703657  -0.704019
     33      -0.305513   0.305592   0.231458  -0.220279  -0.010434  -0.007631
     34       0.250514  -0.250821  -0.190200   0.181988   0.005912   0.002092
     35      -0.181223   0.182916   0.136450  -0.132060  -0.005165  -0.002061
     36       0.011400  -0.013689  -0.011577   0.016119  -0.000625  -0.000142
     37      -0.041676   0.041951   0.053992  -0.056038  -0.004534   0.000182
     38      -0.266966   0.274234   0.340851  -0.359707  -0.024021  -0.018960
     39      -0.364917   0.357768  -0.319153   0.298517   0.011981  -0.007938
     40      -0.119889   0.117777  -0.105348   0.099300   0.001793   0.000758
     41       0.165286  -0.163799   0.143811  -0.136386  -0.004868   0.001863
     42       0.016443  -0.018355   0.022451  -0.026427  -0.000382  -0.000702
     43       0.032523  -0.031024   0.050672  -0.050495  -0.004584  -0.000020
     44       0.239575  -0.241039   0.361949  -0.375789  -0.024004   0.019025
     45       0.003329   0.000367   0.008217   0.001285   0.004428  -0.004119
     46      -0.000229   0.001917  -0.001588   0.010533  -0.028524   0.030254
     47       0.001345   0.025007  -0.000964   0.038455  -0.703607   0.704069
# -----------------------------------------------------------
$ THERMOCHEMISTRY_Energies
   description: The Thermochemistry energies
   geom. index: 1
   prop. index: 1
        Temperature (Kelvin)           :        298.1500000000
        Pressure (atm)                 :          1.0000000000
        Total Mass (AMU)               :         86.1380000000
        Spin Degeneracy                :          1.0000000000
        Electronic Energy (Hartree)    :       -268.0782469349
        Translational Energy (Hartree) :          0.0014162714
        Rotational Energy (Hartree)    :          0.0014162714
        Vibrational Energy (Hartree)   :          0.0021404836
        Number of frequencies          :     48      
        Scaling Factor for frequencies :          1.0000000000
        Vibrational frequencies        :     
                  0    
      0       0.000000
      1       0.000000
      2       0.000000
      3       0.000000
      4       0.000000
      5       0.000000
      6     330.984645
      7     343.836310
      8     451.193629
      9     485.086755
     10     511.945651
     11     660.170354
     12     863.293870
     13     891.232403
     14     903.036059
     15     919.110498
     16     946.636065
     17     1013.524309
     18     1041.586159
     19     1050.051525
     20     1072.424441
     21     1164.049682
     22     1175.578377
     23     1194.976671
     24     1230.382335
     25     1295.717934
     26     1349.334088
     27     1350.387189
     28     1384.836766
     29     1396.280874
     30     1426.124984
     31     1431.393195
     32     1499.252264
     33     1505.023264
     34     1512.730987
     35     1516.075415
     36     1549.498313
     37     1560.820978
     38     2942.737894
     39     2944.917935
     40     2946.654764
     41     2953.325542
     42     2989.440467
     43     2990.175994
     44     3000.463518
     45     3002.436129
     46     3220.046947
     47     3221.194288
        Zero Point Energy (Hartree)    :          0.1486230303
        Inner Energy (Hartree)         :       -267.9246508782
        Enthalpy (Hartree)             :       -267.9237066691
        Electronic entropy             :          0.0000000000
        Rotational entropy             :          0.0124264743
        Vibrational entropy            :          0.0030011043
        Translational entropy          :          0.0124264743
        Entropy                        :          0.0340874853
        Gibbs Energy (Hartree)         :       -267.9577941544
        Is Linear                      :                 false
# -----------------------------------------------------------
$ PAL_Flags
   description: The PAL Flags
   geom. index: 2
   prop. index: 1
        Diskflag:     2
# -----------------------------------------------------------
$ SCF_Energy
   description: The SCF energy
   geom. index: 2
   prop. index: 1
        SCF Energy:     -268.0588529050
# -----------------------------------------------------------
$ DFT_Energy
   description: The DFT energy
   geom. index: 2
   prop. index: 1
   Number of Alpha Electrons                 24.0000536324 
   Number of Beta  Electrons                 24.0000536324 
   Total number of  Electrons                48.0001072648 
   Exchange energy                          -24.9622988067 
   Correlation energy                        -1.9568481260 
   Correlation energy NL                      0.0000000000 
   Exchange-Correlation energy              -26.9191469327 
   Embedding correction                       0.0000000000 
   Total DFT Energy (No VdW correction)    -268.0588529050 
# -----------------------------------------------------------
$ VdW_Correction
   description: The Van der Waals Correction
   geom. index: 2
   prop. index: 1
        Van der Waals Correction:       -0.0237584306
# -----------------------------------------------------------
$ PAL_Flags
   description: The PAL Flags
   geom. index: 3
   prop. index: 1
        Diskflag:     2
# -----------------------------------------------------------
$ SCF_Energy
   description: The SCF energy
   geom. index: 3
   prop. index: 1
        SCF Energy:     -268.0591157090
# -----------------------------------------------------------
$ DFT_Energy
   description: The DFT energy
   geom. index: 3
   prop. index: 1
   Number of Alpha Electrons                 24.0000561273 
   Number of Beta  Electrons                 24.0000561273 
   Total number of  Electrons                48.0001122546 
   Exchange energy                          -24.9603863982 
   Correlation energy                        -1.9566483772 
   Correlation energy NL                      0.0000000000 
   Exchange-Correlation energy              -26.9170347753 
   Embedding correction                       0.0000000000 
   Total DFT Energy (No VdW correction)    -268.0591157090 
# -----------------------------------------------------------
$ VdW_Correction
   description: The Van der Waals Correction
   geom. index: 3
   prop. index: 1
        Van der Waals Correction:       -0.0236865981
# -----------------------------------------------------------
$ PAL_Flags
   description: The PAL Flags
   geom. index: 4
   prop. index: 1
        Diskflag:     2
# -----------------------------------------------------------
$ SCF_Energy
   description: The SCF energy
   geom. index: 4
   prop. index: 1
        SCF Energy:     -268.0591966739
# -----------------------------------------------------------
$ DFT_Energy
   description: The DFT energy
   geom. index: 4
   prop. index: 1
   Number of Alpha Electrons                 24.0000552389 
   Number of Beta  Electrons                 24.0000552389 
   Total number of  Electrons                48.0001104778 
   Exchange energy                          -24.9599157117 
   Correlation energy                        -1.9565530425 
   Correlation energy NL                      0.0000000000 
   Exchange-Correlation energy              -26.9164687542 
   Embedding correction                       0.0000000000 
   Total DFT Energy (No VdW correction)    -268.0591966739 
# -----------------------------------------------------------
$ VdW_Correction
   description: The Van der Waals Correction
   geom. index: 4
   prop. index: 1
        Van der Waals Correction:       -0.0236415689
# -----------------------------------------------------------
$ PAL_Flags
   description: The PAL Flags
   geom. index: 5
   prop. index: 1
        Diskflag:     2
# -----------------------------------------------------------
$ SCF_Energy
   description: The SCF energy
   geom. index: 5
   prop. index: 1
        SCF Energy:     -268.0592033825
# -----------------------------------------------------------
$ DFT_Energy
   description: The DFT energy
   geom. index: 5
   prop. index: 1
   Number of Alpha Electrons                 24.0000553532 
   Number of Beta  Electrons                 24.0000553532 
   Total number of  Electrons                48.0001107064 
   Exchange energy                          -24.9600329800 
   Correlation energy                        -1.9565539788 
   Correlation energy NL                      0.0000000000 
   Exchange-Correlation energy              -26.9165869587 
   Embedding correction                       0.0000000000 
   Total DFT Energy (No VdW correction)    -268.0592033825 
# -----------------------------------------------------------
$ Mayer_Pop
   description: The Mayer population analysis
   geom. index: 5
   prop. index: 1
     Number of atoms                     : 16
     Threshold for printing              : 0.1000000
     Number of bond orders printed       : 16
  NA   - Mulliken gross atomic population
  ZA   - Total nuclear charge
  QA   - Mulliken gross atomic charge
  VA   - Mayer's total valence
  BVA  - Mayer's bonded valence
  FA   - Mayer's free valence
  ATOM       NA         ZA         QA         VA         BVA        FA
  0   0     6.2699     6.0000    -0.2699     3.7065     3.7065     0.0000
  1   0     6.2693     6.0000    -0.2693     3.7058     3.7058     0.0000
  2   0     7.3830     7.0000    -0.3830     2.5462     2.5462     0.0000
  3   0     6.2699     6.0000    -0.2699     3.7065     3.7065     0.0000
  4   0     6.2693     6.0000    -0.2693     3.7058     3.7058     0.0000
  5   0     7.3830     7.0000    -0.3830     2.5462     2.5462    -0.0000
  6   0     0.8471     1.0000     0.1529     0.9369     0.9369    -0.0000
  7   0     0.8444     1.0000     0.1556     0.9463     0.9463     0.0000
  8   0     0.8471     1.0000     0.1529     0.9370     0.9370     0.0000
  9   0     0.8443     1.0000     0.1557     0.9461     0.9461     0.0000
 10   0     0.6949     1.0000     0.3051     0.8551     0.8551     0.0000
 11   0     0.8444     1.0000     0.1556     0.9463     0.9463     0.0000
 12   0     0.8471     1.0000     0.1529     0.9369     0.9369     0.0000
 13   0     0.8443     1.0000     0.1557     0.9461     0.9461     0.0000
 14   0     0.8471     1.0000     0.1529     0.9370     0.9370    -0.0000
 15   0     0.6949     1.0000     0.3051     0.8551     0.8551    -0.0000
      Bond orders larger than 0.1000000
           Atom A     A.N. of A          Atom B    A.N. of B              Bond order
                0             6               1            6                0.890258
                0             6               5            7                0.903320
                0             6               6            1                0.990476
                0             6               7            1                0.983219
                1             6               2            7                0.903330
                1             6               8            1                0.990667
                1             6               9            1                0.982682
                2             7               3            6                0.903319
                2             7              10            1                0.882527
                3             6               4            6                0.890253
                3             6              11            1                0.983223
                3             6              12            1                0.990475
                4             6               5            7                0.903331
                4             6              13            1                0.982687
                4             6              14            1                0.990663
                5             7              15            1                0.882527
# -----------------------------------------------------------
$ VdW_Correction
   description: The Van der Waals Correction
   geom. index: 5
   prop. index: 1
        Van der Waals Correction:       -0.0236362387
# -----------------------------------------------------------
$ SCF_Electric_Properties
   description: The SCF Calculated Electric Properties
   geom. index: 5
   prop. index: 1
       Filename                          : file.scfp 
       Do Dipole Moment Calculation      : true 
       Do Quadrupole Moment Calculation  : false 
       Do Polarizability Calculation     : false 
** Dipole moment part of electric properties **
        Magnitude of dipole moment (Debye) :        0.0000164921
        Electronic Contribution:
                  0    
      0      -0.000008
      1       0.000003
      2      -0.000001
        Nuclear Contribution:
                  0    
      0       0.000006
      1      -0.000007
      2       0.000006
        Total Dipole moment:
                  0    
      0      -0.000002
      1      -0.000004
      2       0.000005
# -------------------------------------------------------------
----------------------- !GEOMETRIES! ------------------------
# -------------------------------------------------------------
------------------------ !GEOMETRY! -------------------------
    Number of atoms:    16 
    Geometry Index:     1 
    Coordinates:
               0 C     -1.054400000000    0.956900000000    0.147500000000
               1 C     -1.321300000000   -0.520800000000   -0.180200000000
               2 N     -0.258400000000   -1.380900000000    0.355200000000
               3 C      1.054400000000   -0.956900000000   -0.147500000000
               4 C      1.321300000000    0.520800000000    0.180200000000
               5 N      0.258400000000    1.380900000000   -0.355200000000
               6 H     -1.105100000000    1.116100000000    1.247200000000
               7 H     -1.845100000000    1.583500000000   -0.318600000000
               8 H     -1.395800000000   -0.656900000000   -1.281600000000
               9 H     -2.295000000000   -0.823400000000    0.261600000000
              10 H     -0.259100000000   -1.306600000000    1.400200000000
              11 H      1.845100000000   -1.583500000000    0.318600000000
              12 H      1.105100000000   -1.116100000000   -1.247200000000
              13 H      2.295000000000    0.823400000000   -0.261600000000
              14 H      1.395800000000    0.656900000000    1.281600000000
              15 H      0.259100000000    1.306600000000   -1.400200000000
------------------------ !GEOMETRY! -------------------------
    Number of atoms:    16 
    Geometry Index:     2 
    Coordinates:
               0 C     -1.052346607027    0.959700441655    0.129335001208
               1 C     -1.320808887171   -0.524022744043   -0.161907690762
               2 N     -0.261779539440   -1.399236376654    0.350841177321
               3 C      1.052346943659   -0.959700009817   -0.129336903627
               4 C      1.320809549995    0.524022965228    0.161906488154
               5 N      0.261779989386    1.399237240611   -0.350841095945
               6 H     -1.087176129104    1.129184834688    1.215300209643
               7 H     -1.824320464278    1.592625438973   -0.324627321713
               8 H     -1.384608320305   -0.675577768828   -1.249249013726
               9 H     -2.279068676741   -0.839293994399    0.268130586877
              10 H     -0.268437352872   -1.359576604604    1.364872533957
              11 H      1.824318594309   -1.592624574918    0.324630100079
              12 H      1.087176398320   -1.129187861647   -1.215301058353
              13 H      2.279070425086    0.839294155523   -0.268128994227
              14 H      1.384605668075    0.675575081865    1.249248565599
              15 H      0.268438408109    1.359579776368   -1.364872584487
------------------------ !GEOMETRY! -------------------------
    Number of atoms:    16 
    Geometry Index:     3 
    Coordinates:
               0 C     -1.053753983711    0.960679853387    0.124895762981
               1 C     -1.322515370353   -0.524315913262   -0.157431156068
               2 N     -0.262297203441   -1.402369980754    0.345728316635
               3 C      1.053754407359   -0.960675847327   -0.124885598805
               4 C      1.322517900032    0.524324009296    0.157420267402
               5 N      0.262293074561    1.402374836725   -0.345731221199
               6 H     -1.092703772715    1.137018998651    1.210012732599
               7 H     -1.823668399832    1.592787169126   -0.333840612249
               8 H     -1.392483626854   -0.680767466479   -1.244073015615
               9 H     -2.278685928552   -0.839656145315    0.277360159489
              10 H     -0.274230900085   -1.391384351132    1.362725457787
              11 H      1.823669418206   -1.592779704015    0.333854834023
              12 H      1.092714258689   -1.137040846699   -1.209998843472
              13 H      2.278690967512    0.839654598677   -0.277371178272
              14 H      1.392484264248    0.680774190510    1.244062825693
              15 H      0.274214894937    1.391376598612   -1.362728730931
------------------------ !GEOMETRY! -------------------------
    Number of atoms:    16 
    Geometry Index:     4 
    Coordinates:
               0 C     -1.055083904588    0.961395456859    0.122971370605
               1 C     -1.324002929119   -0.524444842959   -0.155520334991
               2 N     -0.262283040727   -1.402592429288    0.343064717184
               3 C      1.055084884054   -0.961394829383   -0.122959104920
               4 C      1.324003421648    0.524450842862    0.155510302849
               5 N      0.262277203379    1.402594123441   -0.343070578212
               6 H     -1.099350493559    1.141697705627    1.207474408057
               7 H     -1.823405882295    1.591753571147   -0.341347984622
               8 H     -1.400253341012   -0.682558553401   -1.241725013131
               9 H     -2.278204812461   -0.838766056124    0.284887254803
              10 H     -0.277624871616   -1.410442842640    1.359526823828
              11 H      1.823402191019   -1.591746297704    0.341376877248
              12 H      1.099371391296   -1.141715917900   -1.207458501984
              13 H      2.278201663420    0.838764769676   -0.284909989913
              14 H      1.400263839044    0.682574372880    1.241712907913
              15 H      0.277604681516    1.410430926907   -1.359533154713
------------------------ !GEOMETRY! -------------------------
    Number of atoms:    16 
    Geometry Index:     5 
    Coordinates:
               0 C     -1.055285012531    0.961454369176    0.122924542497
               1 C     -1.324208512534   -0.524434243633   -0.155487978089
               2 N     -0.262237121551   -1.402427055601    0.342515927185
               3 C      1.055285734854   -0.961454348050   -0.122917696256
               4 C      1.324208696438    0.524437318361    0.155482809787
               5 N      0.262233569407    1.402427198368   -0.342519873724
               6 H     -1.100853070835    1.142237290266    1.207248671345
               7 H     -1.823129394655    1.591251704254   -0.342823845759
               8 H     -1.401854376457   -0.682502417260   -1.241553303540
               9 H     -2.277802710512   -0.838391181636    0.286371916835
              10 H     -0.278061010441   -1.412923151646    1.358974597055
              11 H      1.823125996616   -1.591247075935    0.342843658560
              12 H      1.100866340249   -1.142246896248   -1.207239673154
              13 H      2.277799570370    0.838390207140   -0.286386974381
              14 H      1.401862495471    0.682514009633    1.241546161126
              15 H      0.278048806110    1.412914272810   -1.358978939487
