    45
     1   -0.215056   -3.904793    2.200273      1
     2    2.944437   -3.257989    1.573176      1
     3    0.636098   -3.624642   -2.442247      1
     4    1.056507   -2.495941    1.452707      1
     5   -3.600975   -2.451237   -0.841894      1
     6    0.398821   -1.945394   -1.324359      1
     7   -0.224143   -0.310417    4.375754      1
     8   -2.335690   -0.998310   -1.492341      1
     9    0.903329   -0.112095    2.908108      1
    10   -2.777635   -0.621766   -3.436451      1
    11   -3.959372    1.186373    1.615604      1
    12    3.797732   -0.605024   -2.458085      1
    13    2.050406    0.030911   -2.366245      1
    14   -2.581810    1.428161    0.137217      1
    15    0.016524    1.988010    1.319173      1
    16    1.953943    2.350046   -0.801594      1
    17   -3.187857    3.010022   -0.988778      1
    18   -0.053509    3.663499    2.465368      1
    19    3.767699    2.746980    0.027603      1
    20    1.421318    3.944154   -1.953246      1
    21    0.250293   -3.378115    1.925568      2
    22    2.250824   -2.975034    1.524957      2
    23    0.551621   -3.009197   -2.030210      2
    24    0.722606   -2.213891    0.048595      2
    25   -3.126845   -1.910124   -1.077407      2
    26    0.969341   -1.525004    2.037411      2
    27    0.039486   -0.265007    4.015871      2
    28   -0.979907   -1.465675   -1.404614      2
    29    1.075562   -1.146288   -1.717565      2
    30   -2.613994   -0.756701   -2.722670      2
    31   -0.065689   -0.125829    0.193058      3
    32    0.540610   -0.009377    0.093244      3
    33    0.163971    0.023461   -0.012478      4
    34   -2.459793    0.212987   -0.677519      2
    35    0.097187    0.163441   -0.245389      3
    36   -3.441930    1.271664    1.067201      2
    37    3.377689   -0.453280   -2.425694      2
    38    0.348911    1.129706    1.947634      2
    39   -1.282305    1.707843    0.728685      2
    40    1.996777    1.393748   -1.416753      2
    41    0.982347    2.161922    0.255946      2
    42   -2.958375    2.423276   -0.574620      2
    43   -0.029710    3.048138    2.045891      2
    44    3.106696    2.596282   -0.277404      2
    45    1.612000    3.357103   -1.529682      2
