-------------------------------------------------------------
----------------------- !PROPERTIES! ------------------------
-------------------------------------------------------------
# -----------------------------------------------------------
$ PAL_Flags
   description: The PAL Flags
   geom. index: 1
   prop. index: 1
        Diskflag:     2
# -----------------------------------------------------------
$ SCF_Energy
   description: The SCF energy
   geom. index: 1
   prop. index: 1
        SCF Energy:     -345.5105522393
# -----------------------------------------------------------
$ DFT_Energy
   description: The DFT energy
   geom. index: 1
   prop. index: 1
   Number of Alpha Electrons                 31.0000627291 
   Number of Beta  Electrons                 31.0000627291 
   Total number of  Electrons                62.0001254581 
   Exchange energy                          -32.3064216982 
   Correlation energy                        -2.5374860583 
   Correlation energy NL                      0.0000000000 
   Exchange-Correlation energy              -34.8439077565 
   Embedding correction                       0.0000000000 
   Total DFT Energy (No VdW correction)    -345.5105522393 
# -----------------------------------------------------------
$ Mayer_Pop
   description: The Mayer population analysis
   geom. index: 1
   prop. index: 1
     Number of atoms                     : 20
     Threshold for printing              : 0.1000000
     Number of bond orders printed       : 23
  NA   - Mulliken gross atomic population
  ZA   - Total nuclear charge
  QA   - Mulliken gross atomic charge
  VA   - Mayer's total valence
  BVA  - Mayer's bonded valence
  FA   - Mayer's free valence
  ATOM       NA         ZA         QA         VA         BVA        FA
  0   0     6.4270     6.0000    -0.4270     3.7293     3.7293    -0.0000
  1   0     6.5066     6.0000    -0.5066     3.8561     3.8561    -0.0000
  2   0     5.7637     6.0000     0.2363     3.2620     3.2620    -0.0000
  3   0     6.4567     6.0000    -0.4567     3.8865     3.8865    -0.0000
  4   0     7.3777     7.0000    -0.3777     2.6342     2.6342     0.0000
  5   0     5.8328     6.0000     0.1672     3.4376     3.4376    -0.0000
  6   0     6.4423     6.0000    -0.4423     3.9405     3.9405    -0.0000
  7   0     7.3712     7.0000    -0.3712     2.7086     2.7086    -0.0000
  8   0     0.8498     1.0000     0.1502     0.9447     0.9447     0.0000
  9   0     0.8495     1.0000     0.1505     0.9606     0.9606    -0.0000
 10   0     0.8534     1.0000     0.1466     0.9611     0.9611    -0.0000
 11   0     0.8251     1.0000     0.1749     0.9312     0.9312    -0.0000
 12   0     0.8281     1.0000     0.1719     0.9152     0.9152    -0.0000
 13   0     0.8414     1.0000     0.1586     0.9201     0.9201    -0.0000
 14   0     0.8700     1.0000     0.1300     0.9517     0.9517    -0.0000
 15   0     0.6995     1.0000     0.3005     0.8484     0.8484    -0.0000
 16   0     0.8211     1.0000     0.1789     0.9044     0.9044    -0.0000
 17   0     0.8460     1.0000     0.1540     0.9312     0.9312    -0.0000
 18   0     0.8434     1.0000     0.1566     0.9348     0.9348    -0.0000
 19   0     0.6947     1.0000     0.3053     0.8461     0.8461     0.0000
      Bond orders larger than 0.1000000
           Atom A     A.N. of A          Atom B    A.N. of B              Bond order
                0             6               1            6                0.867616
                0             6               5            6                0.921395
                0             6               8            1                0.974104
                0             6               9            1                1.017365
                1             6               2            6                0.950380
                1             6               5            6               -0.114381
                1             6              10            1                1.001386
                1             6              11            1                0.985624
                2             6               3            6                0.768261
                2             6               4            7               -0.177892
                2             6               7            7                1.033627
                2             6              12            1                0.880503
                3             6               4            7                0.982255
                3             6              13            1                1.001802
                3             6              14            1                1.019370
                4             7               5            6                1.044958
                4             7              15            1                0.868968
                5             6               6            6                0.880886
                5             6              16            1                0.872003
                6             6               7            7                0.969385
                6             6              17            1                0.993650
                6             6              18            1                0.988378
                7             7              19            1                0.859338
# -----------------------------------------------------------
$ VdW_Correction
   description: The Van der Waals Correction
   geom. index: 1
   prop. index: 1
        Van der Waals Correction:       -0.0361483489
# -----------------------------------------------------------
$ Hessian
   description: Details about the Hessian
   geom. index: 1
   prop. index: 1
Normal modes:
Number of Rows: 60 Number of Columns: 60
                  0          1          2          3          4          5    
      0       0.000000   0.000000   0.000000   0.000000   0.000000   0.000000
      1       0.000000   0.000000   0.000000   0.000000   0.000000   0.000000
      2       0.000000   0.000000   0.000000   0.000000   0.000000   0.000000
      3       0.000000   0.000000   0.000000   0.000000   0.000000   0.000000
      4       0.000000   0.000000   0.000000   0.000000   0.000000   0.000000
      5       0.000000   0.000000   0.000000   0.000000   0.000000   0.000000
      6       0.000000   0.000000   0.000000   0.000000   0.000000   0.000000
      7       0.000000   0.000000   0.000000   0.000000   0.000000   0.000000
      8       0.000000   0.000000   0.000000   0.000000   0.000000   0.000000
      9       0.000000   0.000000   0.000000   0.000000   0.000000   0.000000
     10       0.000000   0.000000   0.000000   0.000000   0.000000   0.000000
     11       0.000000   0.000000   0.000000   0.000000   0.000000   0.000000
     12       0.000000   0.000000   0.000000   0.000000   0.000000   0.000000
     13       0.000000   0.000000   0.000000   0.000000   0.000000   0.000000
     14       0.000000   0.000000   0.000000   0.000000   0.000000   0.000000
     15       0.000000   0.000000   0.000000   0.000000   0.000000   0.000000
     16       0.000000   0.000000   0.000000   0.000000   0.000000   0.000000
     17       0.000000   0.000000   0.000000   0.000000   0.000000   0.000000
     18       0.000000   0.000000   0.000000   0.000000   0.000000   0.000000
     19       0.000000   0.000000   0.000000   0.000000   0.000000   0.000000
     20       0.000000   0.000000   0.000000   0.000000   0.000000   0.000000
     21       0.000000   0.000000   0.000000   0.000000   0.000000   0.000000
     22       0.000000   0.000000   0.000000   0.000000   0.000000   0.000000
     23       0.000000   0.000000   0.000000   0.000000   0.000000   0.000000
     24       0.000000   0.000000   0.000000   0.000000   0.000000   0.000000
     25       0.000000   0.000000   0.000000   0.000000   0.000000   0.000000
     26       0.000000   0.000000   0.000000   0.000000   0.000000   0.000000
     27       0.000000   0.000000   0.000000   0.000000   0.000000   0.000000
     28       0.000000   0.000000   0.000000   0.000000   0.000000   0.000000
     29       0.000000   0.000000   0.000000   0.000000   0.000000   0.000000
     30       0.000000   0.000000   0.000000   0.000000   0.000000   0.000000
     31       0.000000   0.000000   0.000000   0.000000   0.000000   0.000000
     32       0.000000   0.000000   0.000000   0.000000   0.000000   0.000000
     33       0.000000   0.000000   0.000000   0.000000   0.000000   0.000000
     34       0.000000   0.000000   0.000000   0.000000   0.000000   0.000000
     35       0.000000   0.000000   0.000000   0.000000   0.000000   0.000000
     36       0.000000   0.000000   0.000000   0.000000   0.000000   0.000000
     37       0.000000   0.000000   0.000000   0.000000   0.000000   0.000000
     38       0.000000   0.000000   0.000000   0.000000   0.000000   0.000000
     39       0.000000   0.000000   0.000000   0.000000   0.000000   0.000000
     40       0.000000   0.000000   0.000000   0.000000   0.000000   0.000000
     41       0.000000   0.000000   0.000000   0.000000   0.000000   0.000000
     42       0.000000   0.000000   0.000000   0.000000   0.000000   0.000000
     43       0.000000   0.000000   0.000000   0.000000   0.000000   0.000000
     44       0.000000   0.000000   0.000000   0.000000   0.000000   0.000000
     45       0.000000   0.000000   0.000000   0.000000   0.000000   0.000000
     46       0.000000   0.000000   0.000000   0.000000   0.000000   0.000000
     47       0.000000   0.000000   0.000000   0.000000   0.000000   0.000000
     48       0.000000   0.000000   0.000000   0.000000   0.000000   0.000000
     49       0.000000   0.000000   0.000000   0.000000   0.000000   0.000000
     50       0.000000   0.000000   0.000000   0.000000   0.000000   0.000000
     51       0.000000   0.000000   0.000000   0.000000   0.000000   0.000000
     52       0.000000   0.000000   0.000000   0.000000   0.000000   0.000000
     53       0.000000   0.000000   0.000000   0.000000   0.000000   0.000000
     54       0.000000   0.000000   0.000000   0.000000   0.000000   0.000000
     55       0.000000   0.000000   0.000000   0.000000   0.000000   0.000000
     56       0.000000   0.000000   0.000000   0.000000   0.000000   0.000000
     57       0.000000   0.000000   0.000000   0.000000   0.000000   0.000000
     58       0.000000   0.000000   0.000000   0.000000   0.000000   0.000000
     59       0.000000   0.000000   0.000000   0.000000   0.000000   0.000000
                  6          7          8          9         10         11    
      0      -0.031234  -0.033125  -0.030789  -0.076509   0.113136   0.011517
      1      -0.070640  -0.105367   0.076430  -0.052177  -0.013925   0.026282
      2       0.098623   0.080296   0.080502   0.138023   0.055744   0.024482
      3       0.029906   0.010637   0.032291  -0.027294   0.122919   0.088126
      4       0.071071   0.038274   0.128270  -0.050825  -0.020534   0.027737
      5      -0.100380  -0.122279   0.009783   0.144641   0.040968   0.022902
      6       0.001226  -0.016141   0.006779   0.036683   0.113498   0.022703
      7      -0.000528   0.004575  -0.015577   0.049032   0.017986  -0.109825
      8       0.000212   0.001088   0.008499  -0.069751  -0.006829   0.140037
      9      -0.120137   0.027366   0.151975  -0.072960  -0.129007   0.047350
     10      -0.030334   0.100822   0.018676   0.014687  -0.014827  -0.179363
     11       0.022833   0.037200  -0.026970  -0.076383   0.077871   0.065152
     12       0.124218  -0.015820  -0.151794  -0.112342  -0.150711  -0.082807
     13       0.031977   0.074793  -0.052906   0.026149  -0.052595  -0.053447
     14      -0.025533   0.074677   0.018118  -0.094398   0.116295  -0.203157
     15       0.000131  -0.007140  -0.012398  -0.011366   0.089347   0.026040
     16       0.002396  -0.000968  -0.001732   0.058109  -0.017974   0.091739
     17      -0.004594  -0.007476   0.015186  -0.091213   0.041293  -0.115123
     18      -0.088458   0.089391  -0.082417   0.123040  -0.045138   0.053650
     19       0.039837  -0.095782  -0.050603  -0.006986   0.025162   0.129739
     20      -0.081491   0.046742  -0.091829  -0.006974  -0.116048  -0.014713
     21       0.092878  -0.069945   0.085045   0.153413  -0.046626  -0.165540
     22      -0.047954  -0.012415  -0.103462  -0.002198   0.066434   0.056353
     23       0.075226  -0.108817   0.004223   0.007658  -0.181786   0.104066
     24       0.066819   0.105477   0.003617   0.127450   0.119838   0.204720
     25      -0.257451  -0.315616  -0.002304  -0.156291  -0.036623  -0.133214
     26       0.154954   0.170901   0.098153   0.310044   0.057469   0.174160
     27      -0.187897  -0.245422  -0.081643  -0.353172   0.083790  -0.277289
     28      -0.028223  -0.069715   0.098144  -0.123240  -0.028452  -0.031970
     29       0.244814   0.248419   0.137779   0.192911   0.052630   0.102809
     30      -0.042778  -0.099741  -0.036480   0.163419   0.149764  -0.147995
     31       0.043060   0.023774   0.135238  -0.155276  -0.029383   0.120168
     32      -0.299697  -0.362017  -0.106767   0.284353   0.070417  -0.227928
     33       0.164119   0.210735   0.123002  -0.282318   0.073069   0.431411
     34       0.234952   0.228699   0.205948  -0.107152  -0.013266   0.155897
     35      -0.100122  -0.132595   0.002668   0.198248   0.056835  -0.036214
     36      -0.004453   0.001693  -0.106751  -0.004465   0.134333   0.038815
     37      -0.005944  -0.044891  -0.030785   0.067250  -0.011178  -0.009924
     38       0.007380   0.080330   0.010475  -0.103573   0.042623  -0.009830
     39      -0.199916   0.052197   0.266978  -0.094800  -0.201471   0.062040
     40      -0.235154   0.163804   0.305656  -0.023950  -0.166068  -0.135920
     41       0.079386   0.000299  -0.136629   0.036186   0.319779   0.136534
     42      -0.296719   0.095847   0.415090  -0.148548  -0.344510   0.051905
     43       0.107732   0.057692  -0.169361   0.045421   0.050388  -0.151819
     44       0.009269   0.061815   0.030456  -0.139718  -0.144185   0.131707
     45       0.227791  -0.069683  -0.283502  -0.158614  -0.294158  -0.067851
     46       0.094461   0.056667  -0.126834   0.040125   0.010833   0.032101
     47       0.081657   0.024944  -0.118071  -0.136331  -0.001618  -0.185018
     48      -0.001706  -0.019075   0.096589   0.035587   0.140498   0.041252
     49       0.001881   0.054258   0.012059   0.065979   0.008457  -0.010843
     50      -0.004189  -0.091429   0.005134  -0.097614   0.005533   0.040280
     51      -0.253526   0.303851  -0.258132   0.284214  -0.277560   0.221172
     52      -0.076203   0.023587  -0.150143   0.019487   0.011009   0.165392
     53      -0.164326   0.112294  -0.145468  -0.045480  -0.030216  -0.048431
     54      -0.100186   0.085756  -0.078306   0.069618   0.015886   0.061000
     55       0.236552  -0.314672   0.144710  -0.077597   0.145393  -0.021604
     56      -0.165013   0.176703  -0.209323   0.158045  -0.321450   0.059318
     57       0.096931  -0.075726   0.087312   0.129383  -0.012073  -0.139807
     58      -0.034267  -0.033943  -0.101917  -0.068663   0.153892   0.144498
     59       0.237471  -0.239098   0.178698   0.091368  -0.305904  -0.222926
                 12         13         14         15         16         17    
      0       0.176339   0.207785  -0.163851   0.128052  -0.026149   0.063810
      1      -0.129769   0.016466   0.106829   0.021032   0.042964  -0.104095
      2      -0.012581   0.074750   0.019304   0.040013  -0.061330   0.022105
      3      -0.126927   0.228559  -0.116341  -0.129462   0.068539   0.057040
      4      -0.108349  -0.049869  -0.080394   0.042985   0.064030   0.048706
      5      -0.095574   0.028271  -0.089737  -0.030630  -0.050667   0.110163
      6      -0.138894   0.025997   0.029869   0.031904   0.026977  -0.067753
      7      -0.008121  -0.237081  -0.233297  -0.113217   0.056989  -0.004620
      8      -0.031791  -0.191132  -0.159194  -0.117013  -0.079894  -0.039004
      9      -0.029170  -0.075755   0.045060   0.044239   0.013887  -0.003648
     10       0.062781   0.104382  -0.174630  -0.061228  -0.100450  -0.094637
     11      -0.039228  -0.211545   0.061866   0.139090   0.006309  -0.029484
     12      -0.070131  -0.033227   0.033055  -0.025157   0.050530   0.047078
     13      -0.003156   0.146409   0.012931   0.081725   0.016900   0.032141
     14       0.067682  -0.120135   0.141966  -0.049793   0.135455   0.124453
     15       0.165046  -0.037279  -0.008053  -0.003187   0.007227  -0.086665
     16       0.029598   0.239277   0.243420  -0.102736   0.037756   0.021562
     17       0.001364   0.186096   0.170777  -0.110229  -0.071466  -0.077183
     18       0.071673  -0.174453   0.108600  -0.109285  -0.038511  -0.012273
     19       0.120867  -0.098484   0.156053  -0.031975  -0.088655   0.067458
     20      -0.033568   0.165510  -0.023611   0.092355  -0.031963  -0.053465
     21      -0.026307  -0.124454   0.075124   0.069116  -0.076280   0.011752
     22       0.025116  -0.118699  -0.023290   0.072567   0.003009   0.004027
     23       0.143112   0.064687  -0.119379  -0.037515   0.132499  -0.022937
     24       0.307782   0.109228  -0.203977   0.237819   0.143557  -0.112108
     25      -0.162251  -0.069950   0.031555   0.077533  -0.285659   0.178836
     26       0.104342  -0.034722  -0.025410   0.152403   0.034682  -0.092040
     27       0.037099   0.146362  -0.269632   0.169720  -0.325801   0.309378
     28      -0.118217  -0.076658   0.040831   0.134657   0.081521  -0.166690
     29       0.081506  -0.019186  -0.023856   0.174754   0.159962  -0.199088
     30      -0.150294   0.165188  -0.182330  -0.185569   0.320430  -0.046941
     31      -0.067338   0.040613  -0.026242   0.146972   0.028457   0.024064
     32      -0.050938   0.094201  -0.080380   0.089189   0.350887  -0.151984
     33      -0.184554   0.101902  -0.175254  -0.316529  -0.284528   0.194778
     34      -0.054482   0.033146  -0.044882   0.111912  -0.253956   0.291010
     35      -0.069794   0.081001  -0.072734   0.031134  -0.028063   0.128981
     36       0.042020   0.035339   0.074360   0.078964   0.003650  -0.250381
     37       0.015073  -0.247848  -0.187680  -0.060344   0.156842   0.071064
     38      -0.035850  -0.181984  -0.241771  -0.191107  -0.238973  -0.187935
     39       0.057733  -0.084342   0.057080   0.055877   0.027657   0.005539
     40       0.266720   0.114945  -0.109760  -0.001767  -0.051267  -0.052069
     41      -0.248581  -0.100785   0.172073   0.283304  -0.031543  -0.068272
     42       0.218283  -0.089928   0.072580   0.056324   0.045260   0.036483
     43      -0.065024   0.187445  -0.136656   0.006705  -0.118510  -0.103393
     44       0.106262  -0.084259   0.184831   0.291156   0.017467   0.014535
     45      -0.314048   0.007219  -0.040946  -0.037747  -0.174610  -0.285640
     46       0.012158   0.006485  -0.049298   0.186707  -0.000102  -0.024010
     47      -0.148958  -0.110377   0.077488  -0.043891  -0.052542  -0.163194
     48      -0.003269  -0.003787  -0.002850  -0.011390   0.075566  -0.271347
     49       0.024868   0.253747   0.183544  -0.042912   0.127862   0.075486
     50      -0.005817   0.176344   0.281231  -0.200711  -0.205166  -0.173371
     51      -0.155913  -0.069532   0.146288  -0.126936   0.016804   0.268553
     52       0.026597  -0.124210   0.085837   0.039044  -0.073627   0.126900
     53      -0.062544   0.095126  -0.130301   0.196599  -0.048715  -0.100171
     54       0.145168  -0.130721   0.170604  -0.191643  -0.041015  -0.076410
     55       0.277209  -0.205942   0.131125   0.001801  -0.115103  -0.101821
     56      -0.283954   0.108612  -0.147645   0.261574  -0.009692   0.186331
     57      -0.066775  -0.079322   0.098614   0.109948  -0.068424   0.000294
     58      -0.067324   0.004726   0.011330   0.176680   0.076341  -0.039974
     59       0.203865   0.127489  -0.061983   0.006941  -0.228002   0.192341
                 18         19         20         21         22         23    
      0       0.075840   0.004761   0.018787  -0.072627  -0.083525   0.051721
      1      -0.033031   0.048157  -0.012271  -0.027224   0.065873   0.047201
      2      -0.074566  -0.060378  -0.040198  -0.077523   0.048615  -0.018162
      3       0.074789  -0.035828  -0.030101   0.050178   0.097522  -0.033333
      4       0.075499  -0.031284   0.072499   0.010495  -0.021871  -0.046828
      5      -0.005159   0.008841   0.037196   0.093918  -0.022887   0.031590
      6      -0.084943  -0.004466   0.032321  -0.069990  -0.042476   0.024733
      7       0.011135  -0.009018  -0.086487  -0.006810  -0.108092  -0.020344
      8       0.023048   0.080235   0.031508  -0.041104   0.025586   0.044001
      9      -0.027210   0.051299   0.011739  -0.006777  -0.141918  -0.066615
     10      -0.026752   0.005310   0.056428  -0.043935   0.046473  -0.035257
     11       0.060386  -0.057813  -0.072495   0.001453  -0.011799  -0.070594
     12      -0.022875   0.051901   0.030320  -0.007355   0.064116  -0.018116
     13      -0.027404  -0.020850   0.010796   0.065723  -0.019735  -0.023470
     14      -0.032359   0.044821   0.030705  -0.006190   0.020223   0.069522
     15      -0.060486   0.043075  -0.074383   0.077255   0.056900  -0.040184
     16       0.010061   0.042747  -0.053675  -0.018999  -0.076371   0.052489
     17       0.031784  -0.043073  -0.009379  -0.011596  -0.060030  -0.055269
     18       0.011583  -0.068115   0.061493   0.046413  -0.031102  -0.021691
     19       0.079809  -0.001071   0.062649  -0.048466   0.064827  -0.033024
     20       0.025418   0.067549   0.032027   0.122533   0.011221   0.001648
     21       0.024345   0.006555   0.020179   0.021646   0.037192   0.041446
     22      -0.032615   0.008062  -0.052375   0.033931   0.029610   0.032537
     23      -0.111846  -0.078005   0.026494  -0.028085  -0.020648  -0.003429
     24       0.211369   0.212670   0.095316   0.003840  -0.147031   0.236137
     25      -0.370194  -0.129504  -0.108269  -0.034879   0.056316   0.046505
     26      -0.015020   0.102476   0.015448  -0.009085  -0.009395   0.149969
     27      -0.190992  -0.285058  -0.039772  -0.246337   0.000304  -0.124596
     28       0.016141   0.040067   0.076892  -0.178057   0.088028  -0.009428
     29       0.147348   0.091417   0.119074  -0.186117   0.033293   0.000093
     30       0.205281  -0.149126  -0.120786  -0.013297   0.186811  -0.211296
     31       0.123629   0.067709   0.203129  -0.043629  -0.059422   0.049233
     32       0.341368   0.005398   0.146716  -0.146165   0.074129  -0.103526
     33      -0.165806   0.127483  -0.057769   0.264165   0.023589   0.154249
     34      -0.211586  -0.129928   0.006502   0.096030  -0.141184   0.069786
     35      -0.002429  -0.055111   0.032942   0.056965  -0.028235   0.008328
     36      -0.248913  -0.018490  -0.049163  -0.317674  -0.008678   0.158339
     37      -0.041331  -0.067954  -0.163725   0.078214  -0.203625  -0.062200
     38       0.075236   0.166067   0.133899  -0.212769   0.176586   0.132167
     39       0.035101  -0.051436  -0.053542   0.013408  -0.025625   0.023535
     40       0.100818  -0.248184  -0.087650   0.025668   0.306860   0.175296
     41      -0.100980   0.067929   0.008190   0.009670  -0.381719  -0.266815
     42       0.143247  -0.185737  -0.141576   0.039006   0.239319   0.126729
     43      -0.119982   0.118819   0.151464  -0.016147  -0.105843  -0.268865
     44       0.161682  -0.223877  -0.137116   0.124738   0.297247  -0.202640
     45       0.266830  -0.322896  -0.177816   0.024180  -0.248143   0.396837
     46       0.037411  -0.140982  -0.131642   0.110078   0.043205   0.039384
     47       0.232438  -0.302161  -0.171935   0.030108  -0.238734   0.453497
     48      -0.236595   0.072737  -0.340730   0.122062   0.273431  -0.014335
     49      -0.077599   0.060200  -0.091283   0.048670  -0.086992   0.167769
     50       0.149126  -0.067484   0.025320  -0.110706  -0.030052  -0.228040
     51       0.052033  -0.038651  -0.138030  -0.483407   0.052012  -0.041451
     52       0.071703   0.049727  -0.069808  -0.166073   0.161416  -0.029787
     53       0.007427   0.133686  -0.057795   0.203408   0.102554   0.008177
     54       0.019637  -0.069467   0.041051   0.105016  -0.109726  -0.072409
     55       0.022896  -0.051762   0.279808   0.333949   0.014269   0.029974
     56       0.029288   0.090323  -0.031445  -0.224542   0.229390   0.084763
     57       0.012632   0.006172   0.044503  -0.000907   0.078975   0.061318
     58      -0.108708  -0.043973   0.045924  -0.030716   0.137217   0.092473
     59       0.252568   0.507743  -0.623826  -0.103997  -0.108421  -0.158608
                 24         25         26         27         28         29    
      0      -0.057747  -0.013198   0.039100  -0.038038  -0.002290   0.019143
      1       0.073410  -0.101909   0.074975  -0.059545   0.001857   0.019202
      2      -0.031620  -0.098518  -0.012840   0.061940  -0.020619   0.072602
      3       0.056002  -0.039591   0.016978   0.020404   0.003201   0.066177
      4       0.005063   0.092557  -0.101438   0.058205   0.023486  -0.017913
      5       0.073335   0.074903   0.004534  -0.074018   0.009814  -0.044523
      6       0.024670  -0.003113  -0.093287  -0.024695   0.064667  -0.117525
      7      -0.115921  -0.068183   0.039472  -0.045043   0.057369  -0.085796
      8      -0.126912  -0.016207  -0.058739   0.017088  -0.084562   0.005914
      9       0.012669   0.000161   0.059181   0.084040  -0.034671   0.040643
     10       0.109299   0.082208   0.061457   0.002455   0.083492   0.078166
     11      -0.014777   0.027795   0.039555  -0.034494   0.105734   0.048159
     12      -0.020730  -0.003457  -0.018918  -0.063450   0.055431   0.009305
     13      -0.009010  -0.080265  -0.046847  -0.009811  -0.152668  -0.112004
     14       0.067518  -0.006996   0.017422   0.030509   0.000961  -0.005148
     15       0.001065   0.075348  -0.002938   0.067367  -0.006107  -0.122646
     16      -0.159600   0.050883  -0.006924   0.016454   0.082627   0.075163
     17      -0.054542   0.048933   0.005298  -0.072943  -0.097862  -0.050271
     18       0.059751  -0.067926  -0.061017  -0.003198  -0.016045   0.092714
     19       0.064749  -0.036304   0.048456   0.086799   0.045535  -0.126906
     20      -0.050430  -0.077391  -0.027832   0.054652   0.100928  -0.026204
     21      -0.085530   0.053817   0.054110  -0.025847  -0.054510   0.019715
     22       0.015983   0.064177  -0.039829  -0.046930  -0.104147   0.169255
     23       0.052226   0.041536   0.030273   0.005542  -0.020035   0.009133
     24       0.104794  -0.120917   0.200371  -0.200252   0.181544  -0.057116
     25      -0.023130  -0.289099   0.019989   0.114588   0.289632   0.077050
     26       0.101417  -0.238185   0.128210  -0.063085   0.203375   0.010435
     27      -0.174343  -0.216546  -0.110411   0.182618  -0.200604   0.141246
     28       0.103135  -0.285737   0.061597  -0.090260  -0.264123   0.050290
     29       0.076424  -0.233454   0.052538  -0.108007  -0.278291   0.044425
     30      -0.094568  -0.221412   0.049195   0.220071   0.133091   0.077014
     31       0.101246   0.263291  -0.221797  -0.034436  -0.156837   0.035895
     32      -0.014561   0.088652  -0.189427   0.116090  -0.134263   0.092595
     33       0.147571  -0.099475   0.280345  -0.231743  -0.256848  -0.023121
     34       0.062429   0.189494  -0.116001  -0.066236   0.399018  -0.104036
     35       0.060957   0.113491  -0.071055  -0.034420   0.159276  -0.039102
     36       0.133613  -0.024037  -0.453027  -0.208447   0.268353  -0.032603
     37      -0.063552  -0.103843   0.070184  -0.170307  -0.029968  -0.081714
     38      -0.197855   0.040779  -0.169385   0.167975   0.084219   0.018143
     39      -0.011672  -0.021433  -0.017942   0.009829  -0.015017  -0.071491
     40       0.073660   0.013217  -0.133505  -0.182294   0.074216  -0.284995
     41       0.194045   0.048415   0.122437   0.087800  -0.042046  -0.104131
     42      -0.084014  -0.027502  -0.120752  -0.150177   0.070303  -0.087644
     43       0.116627   0.124798   0.219602   0.034702   0.027901   0.304372
     44      -0.154495   0.068492   0.057913  -0.336541   0.170337   0.282025
     45       0.248399   0.071284   0.084573   0.230551  -0.018308   0.074210
     46       0.043175  -0.085256  -0.076950   0.056328  -0.177575  -0.395634
     47       0.315299   0.049073   0.097986   0.292989  -0.072074  -0.006570
     48      -0.091160   0.330855   0.093262   0.263940  -0.102184  -0.132324
     49      -0.208552   0.056676  -0.044733   0.193382  -0.004382   0.232236
     50       0.000687   0.053283   0.069290  -0.321872   0.018658  -0.289287
     51       0.115698   0.189409   0.131889  -0.061615  -0.094954  -0.138190
     52       0.126454   0.135382   0.097513   0.107377  -0.094177  -0.226692
     53       0.004643   0.025049  -0.050515   0.109086  -0.036873  -0.075904
     54       0.143101  -0.090715  -0.173900  -0.059499  -0.016226   0.103303
     55      -0.091883  -0.260451  -0.037817   0.141816   0.145991   0.178716
     56      -0.160027   0.106792   0.287220   0.161570   0.037293  -0.212405
     57      -0.109652   0.106455   0.047624  -0.016056  -0.066272  -0.000410
     58      -0.062460   0.235670  -0.015857  -0.023099  -0.148611   0.111068
     59       0.551586  -0.119928  -0.401903  -0.003263  -0.004626   0.156755
                 30         31         32         33         34         35    
      0      -0.013924  -0.017405   0.026231   0.015973   0.042300  -0.045553
      1       0.002358  -0.036204   0.021544   0.030268   0.037557  -0.006623
      2      -0.016643   0.013686   0.017707  -0.047469   0.043919   0.025748
      3      -0.003586  -0.028071   0.025381  -0.014026   0.036600   0.034709
      4       0.029249   0.017841  -0.003523  -0.028262  -0.045276  -0.014454
      5      -0.026547  -0.013615  -0.031594   0.046885  -0.022737   0.033993
      6       0.003476   0.045746  -0.056677  -0.002770  -0.065350  -0.073578
      7      -0.029650  -0.023183  -0.018204  -0.001262   0.033088   0.047920
      8       0.024648   0.005830  -0.001169  -0.021354  -0.031116  -0.111876
      9       0.012906  -0.054318   0.021413  -0.000539   0.002935   0.033194
     10      -0.018676   0.045489  -0.011484  -0.006846  -0.006686  -0.007527
     11      -0.019583   0.023625   0.008367   0.017707   0.042881   0.061808
     12      -0.010680   0.051409   0.010751   0.012005   0.038625  -0.012287
     13       0.028775  -0.063909   0.036219  -0.005716   0.008100  -0.022618
     14       0.002563  -0.015883   0.015210  -0.012317  -0.016810  -0.005511
     15       0.026178   0.021264  -0.030074  -0.012072  -0.105667   0.104155
     16      -0.007561   0.055399  -0.015908   0.006387  -0.005718   0.050374
     17       0.019135  -0.027551  -0.015510   0.002107  -0.013945  -0.051387
     18      -0.026506  -0.006059   0.021593   0.012623   0.018173  -0.043664
     19      -0.026041  -0.023961  -0.042461  -0.003726   0.013678  -0.021112
     20      -0.027634   0.020898  -0.004493   0.005663  -0.024993   0.029340
     21       0.022199  -0.004647  -0.005818  -0.009960   0.031061   0.026474
     22       0.027803   0.017579   0.063005   0.019266  -0.021031   0.009062
     23       0.022441   0.004917   0.000067   0.010283   0.025692   0.015575
     24       0.209341  -0.012652   0.060545  -0.100439  -0.056063  -0.167773
     25       0.296534   0.102832   0.060945  -0.339965  -0.068060  -0.061193
     26       0.250952   0.044762   0.056696  -0.228795  -0.069735  -0.099425
     27      -0.102236   0.135030  -0.157776   0.097447  -0.104491   0.114717
     28      -0.113075   0.072382  -0.232715   0.301187  -0.155126   0.116102
     29      -0.127027   0.073504  -0.222278   0.277432  -0.134232   0.095964
     30       0.260207  -0.020924   0.038667   0.193360  -0.137743  -0.163975
     31      -0.244664   0.033787   0.007179  -0.358917   0.161488   0.187635
     32      -0.098499   0.042006   0.017656  -0.255691   0.077291   0.071380
     33      -0.152062   0.136339  -0.134695  -0.176375  -0.042130   0.228781
     34       0.088587  -0.249849   0.077708   0.363419   0.053621  -0.159228
     35       0.025414  -0.117555   0.029097   0.175896   0.020345  -0.050585
     36      -0.243275  -0.443884  -0.025654  -0.143675   0.076526   0.238575
     37      -0.168426   0.031945  -0.118053  -0.203980  -0.062806  -0.234785
     38       0.192163  -0.163061   0.154763   0.260431   0.138841   0.369524
     39      -0.007211   0.055485   0.028068   0.017266   0.038904   0.008201
     40      -0.079877   0.441815   0.041727   0.055994   0.139061  -0.135075
     41      -0.070161   0.452670   0.107366   0.094853   0.218302  -0.148179
     42      -0.018452   0.070618  -0.038158   0.013617  -0.004701  -0.032302
     43       0.013340  -0.233301  -0.138987  -0.106094  -0.183664  -0.089482
     44      -0.007712  -0.296026  -0.317310  -0.136091  -0.285454  -0.182451
     45      -0.000938  -0.014266  -0.057941  -0.024580  -0.062570  -0.034292
     46       0.017010  -0.015139   0.136174   0.016111  -0.087484   0.266293
     47       0.010011  -0.060946  -0.017887  -0.039953  -0.113188   0.020294
     48      -0.336857  -0.164700   0.197460   0.060696   0.231947  -0.512694
     49      -0.093093   0.023181  -0.297593   0.083688   0.016942  -0.100756
     50       0.118366   0.004904   0.419078  -0.106621  -0.021097   0.127688
     51       0.016285   0.013710   0.072236   0.021366  -0.192552   0.008035
     52       0.160079  -0.078329  -0.295544  -0.046665   0.349999  -0.050230
     53       0.191862  -0.060301  -0.354734  -0.058441   0.492657  -0.026094
     54       0.139910   0.031622  -0.119953   0.022435   0.153499   0.003890
     55      -0.300043  -0.010183   0.209490   0.037036  -0.165906  -0.097397
     56      -0.276739  -0.076170   0.198432  -0.036224  -0.258175  -0.053248
     57       0.092558   0.026667  -0.025088   0.000142  -0.022843   0.001317
     58       0.237033   0.103071   0.005389   0.050909  -0.135855  -0.032350
     59      -0.000511   0.036049   0.034888   0.039320  -0.117592  -0.117274
                 36         37         38         39         40         41    
      0      -0.016751  -0.003535   0.094977  -0.016654   0.011608   0.001241
      1      -0.045789  -0.012507   0.066420  -0.084257   0.012285   0.016907
      2      -0.015999  -0.008894   0.090332  -0.058578  -0.006187   0.011251
      3       0.013722  -0.003145  -0.111225  -0.054450  -0.020504   0.012733
      4      -0.048041   0.008609   0.058915   0.098486   0.033056   0.000550
      5      -0.007759   0.003798   0.021881   0.053363   0.013813  -0.007254
      6       0.084155   0.019472   0.072067  -0.050419   0.006743  -0.083629
      7       0.024797   0.063353   0.003917  -0.029572  -0.036592  -0.028503
      8      -0.023299  -0.080239  -0.028742  -0.035718  -0.021620   0.061785
      9       0.000512  -0.008714  -0.008205   0.003832  -0.000888   0.014160
     10       0.014804  -0.047088   0.004130   0.001442   0.035717   0.006905
     11       0.042710  -0.033230  -0.011056   0.009812   0.143979  -0.023063
     12      -0.012474   0.004410  -0.004303   0.003800   0.009465   0.002056
     13       0.009594   0.006111  -0.007058   0.009068   0.024800  -0.013802
     14       0.015848  -0.016194   0.020345   0.008287  -0.050528   0.008766
     15      -0.056687  -0.028717  -0.033159  -0.057036  -0.003376  -0.002732
     16       0.026088  -0.059880  -0.005052   0.046016  -0.057527  -0.024275
     17      -0.056488   0.072865  -0.071006  -0.013996   0.095923  -0.032362
     18      -0.010086  -0.008192   0.010904   0.006995   0.002125  -0.093043
     19       0.016449   0.037048   0.006202  -0.006979   0.018766   0.047819
     20       0.049100   0.023013   0.027721  -0.007931  -0.002450   0.114394
     21      -0.008422  -0.011955  -0.019757   0.008723  -0.005841   0.053191
     22      -0.007444   0.018278  -0.014823  -0.000915  -0.001527   0.002319
     23       0.007308   0.014745   0.003780   0.002009  -0.001868  -0.021756
     24       0.043319   0.129443  -0.259643   0.201670   0.054844  -0.016822
     25       0.067855   0.141164  -0.339123   0.145772   0.045735  -0.097822
     26       0.058397   0.148197  -0.326568   0.179734   0.048275  -0.033979
     27       0.174563  -0.054460  -0.163593   0.236021  -0.120514   0.026851
     28       0.151924  -0.086169  -0.286340   0.174256  -0.100761  -0.020763
     29       0.148959  -0.074587  -0.245404   0.164369  -0.080965  -0.047839
     30      -0.239088  -0.084264   0.158092   0.302854   0.055834   0.089706
     31       0.217277   0.113981  -0.247998  -0.262290  -0.078727  -0.062080
     32       0.071528   0.060873  -0.106923  -0.048739  -0.065428   0.008119
     33      -0.038132   0.156342   0.290919   0.328898   0.069831  -0.049258
     34       0.060043  -0.146818  -0.326368  -0.247511  -0.148443   0.074335
     35       0.027211  -0.074431  -0.173859  -0.118511  -0.053361   0.030748
     36      -0.412471  -0.099085  -0.124707   0.390571   0.007390   0.286664
     37      -0.050924  -0.317433  -0.084231  -0.048054   0.044086   0.198207
     38       0.004188   0.479323   0.065069   0.063162  -0.156588  -0.216948
     39      -0.036030   0.020320  -0.024064  -0.007466  -0.006910   0.020452
     40      -0.196851   0.078084  -0.081459  -0.030455  -0.107001   0.080976
     41      -0.428496   0.233639  -0.130228   0.037607  -0.510949   0.126950
     42      -0.007818   0.061607   0.031130   0.013120  -0.084406  -0.058388
     43      -0.003392   0.047325   0.059957  -0.053117  -0.240290   0.049765
     44      -0.013875   0.261575   0.152057  -0.058876  -0.509342  -0.058001
     45      -0.009276  -0.018489   0.012235   0.002034  -0.079870   0.002543
     46       0.054091  -0.062324   0.055279  -0.066547  -0.079085   0.087129
     47       0.028180  -0.048408   0.047977  -0.000687  -0.154901   0.027083
     48       0.398273   0.179546   0.007135   0.394325  -0.025189   0.087368
     49      -0.144299   0.221364  -0.125306  -0.085958   0.238641   0.011356
     50       0.233011  -0.331751   0.102190   0.222888  -0.350238  -0.088852
     51       0.052145   0.178982  -0.025710  -0.039668   0.116558   0.344215
     52      -0.048664  -0.134884  -0.026212   0.077173  -0.040331  -0.153533
     53      -0.066238  -0.283675   0.003541   0.111548  -0.130269  -0.346730
     54       0.155284   0.063044   0.089476   0.009649   0.001631   0.246582
     55      -0.104268  -0.029171  -0.044261   0.025569   0.037433  -0.239583
     56      -0.283650  -0.100857  -0.141798  -0.031491   0.006974  -0.532795
     57       0.032470  -0.036959   0.040894  -0.007407   0.011596   0.054858
     58       0.106633  -0.039350   0.147056  -0.041632   0.037354   0.000370
     59       0.038826   0.020571   0.071600  -0.031983   0.022226  -0.173733
                 42         43         44         45         46         47    
      0       0.047125   0.046164   0.001752   0.017776  -0.027799   0.001361
      1      -0.030572  -0.031726  -0.001250  -0.005993   0.016795  -0.000572
      2      -0.011338  -0.008573  -0.003080  -0.005377  -0.001053  -0.005600
      3      -0.040582   0.034434  -0.005314   0.004557  -0.031464   0.021219
      4      -0.027306   0.030332  -0.008474   0.016643  -0.001637  -0.003145
      5      -0.031026   0.028075  -0.003957   0.005099  -0.017548   0.008670
      6      -0.003706   0.001398  -0.011621   0.033297   0.029227  -0.046276
      7      -0.006655  -0.008555   0.015046  -0.022654  -0.027622   0.020652
      8       0.000311   0.005260  -0.009418   0.010738   0.009208  -0.001474
      9       0.001433   0.012028   0.025278  -0.000525   0.016602   0.010823
     10       0.011521  -0.028321  -0.050330   0.043278  -0.006678   0.038450
     11      -0.001705   0.002286   0.009866  -0.025734   0.000964  -0.024123
     12       0.000555   0.002277   0.008813   0.009784   0.013758   0.014950
     13      -0.006181  -0.017182  -0.033596  -0.043883  -0.053578  -0.049493
     14      -0.001198   0.003412  -0.000969  -0.001225  -0.000971  -0.005017
     15      -0.003218  -0.015435  -0.021512  -0.026020  -0.030438  -0.045071
     16      -0.006123   0.004807   0.003155   0.002187   0.009110  -0.004834
     17       0.004603  -0.004432   0.011633   0.022004   0.024393   0.031302
     18       0.003600   0.008094   0.002544  -0.033610   0.017602   0.051090
     19       0.007789   0.025778  -0.045784  -0.043243   0.027847   0.018303
     20       0.000795  -0.001161  -0.002461  -0.003166  -0.016823  -0.005133
     21       0.002217   0.007825  -0.017084   0.008474   0.011482  -0.017380
     22       0.002054   0.019602  -0.034391   0.037416   0.042714  -0.060180
     23      -0.000015   0.001792  -0.004795   0.007368   0.006251  -0.007472
     24      -0.244195  -0.186225   0.014622  -0.022545   0.169851   0.045780
     25       0.377236   0.324911   0.018935   0.099341  -0.211171   0.028459
     26      -0.186748  -0.145132   0.015739  -0.016146   0.133140   0.044047
     27      -0.391645  -0.299707  -0.007313  -0.102369   0.213621   0.000491
     28       0.033543   0.041844   0.001422  -0.012590  -0.028180   0.001433
     29       0.298194   0.266848   0.007860   0.051622  -0.186821   0.000523
     30       0.214411  -0.133691   0.016669  -0.025158   0.127866  -0.075228
     31      -0.012739  -0.027446   0.014743  -0.028699  -0.040469   0.033280
     32       0.444145  -0.380048   0.079919  -0.135252   0.194571  -0.100511
     33       0.336188  -0.264592   0.068841  -0.105932   0.139882  -0.074790
     34       0.357211  -0.311945   0.056619  -0.108094   0.163170  -0.081738
     35      -0.033150   0.022779  -0.005992   0.002789  -0.021849   0.015265
     36      -0.002519   0.021354   0.029208  -0.076856  -0.073690   0.105441
     37       0.003910  -0.007746  -0.000475  -0.012837  -0.023454   0.072178
     38      -0.019044   0.006935   0.021971  -0.024339  -0.026745  -0.040424
     39      -0.025263   0.106765   0.183073  -0.106715   0.074857  -0.094308
     40      -0.063201   0.238931   0.401893  -0.270575   0.140180  -0.235067
     41       0.016539  -0.096213  -0.154178   0.055084  -0.132075   0.150304
     42       0.050608  -0.227898  -0.395544   0.226460  -0.170348   0.202841
     43      -0.042217   0.191368   0.321165  -0.113790   0.161310  -0.112581
     44      -0.014704   0.000438  -0.011304   0.049392  -0.010388   0.012835
     45      -0.011949  -0.014991  -0.055287  -0.094544  -0.114059  -0.116269
     46       0.089275   0.114343   0.262836   0.495048   0.475682   0.514909
     47       0.003862   0.012025  -0.000301   0.008471  -0.012521  -0.012680
     48       0.007166   0.050647   0.013959  -0.004342   0.005671   0.061954
     49       0.011320  -0.001456   0.025290   0.041371   0.071941   0.089060
     50      -0.023421   0.009137  -0.015673  -0.034315  -0.052935  -0.091354
     51      -0.045443  -0.209391   0.288631   0.310624  -0.309989  -0.199915
     52      -0.038437  -0.103308   0.180281   0.203286  -0.108009  -0.091183
     53      -0.031762  -0.060085   0.144605   0.144068  -0.039297  -0.031106
     54       0.012155   0.035301  -0.039360  -0.041202   0.023803   0.038841
     55      -0.060981  -0.256476   0.412335   0.333496  -0.323232  -0.115629
     56       0.014427   0.060723  -0.105946  -0.160744   0.121366   0.096620
     57       0.006529  -0.050818   0.103168  -0.157216  -0.125162   0.220594
     58       0.014260  -0.145069   0.293954  -0.419534  -0.339070   0.600444
     59       0.005584  -0.025371   0.072612  -0.068454  -0.029592   0.086625
                 48         49         50         51         52         53    
      0      -0.002049   0.045580  -0.012985  -0.030643   0.001391  -0.008862
      1       0.000155  -0.028290   0.005911   0.022236  -0.002758  -0.020842
      2       0.001080  -0.007812   0.003505   0.003820   0.001696   0.030450
      3       0.006134  -0.027671   0.011555  -0.042151   0.003537   0.003378
      4       0.005344  -0.015947   0.007374  -0.027397   0.000097   0.011619
      5       0.001244  -0.015183   0.005567  -0.022924   0.008233  -0.019094
      6      -0.001523  -0.000796  -0.000844  -0.000482   0.001008  -0.000857
      7       0.008604   0.006074  -0.000439   0.015336   0.008538   0.002741
      8       0.004185   0.004134  -0.000056   0.010490   0.004966   0.001635
      9       0.000039   0.001634  -0.000530   0.006103   0.090081  -0.014591
     10      -0.061382  -0.005621  -0.001974  -0.002064   0.010035  -0.000241
     11       0.030040   0.002874   0.001189   0.001003  -0.011801   0.001378
     12       0.000713   0.000103  -0.000045  -0.000249  -0.002772   0.000926
     13      -0.000401  -0.000054  -0.000415  -0.000314  -0.002244   0.000118
     14      -0.002817  -0.000261   0.000008  -0.000113   0.001464  -0.000056
     15       0.000103  -0.001092   0.000149   0.001686  -0.000081  -0.000968
     16       0.000052   0.004608  -0.012500  -0.011658  -0.002407  -0.010513
     17      -0.001050   0.002987  -0.007274  -0.007537  -0.002331  -0.007447
     18      -0.003145   0.012986   0.045608   0.003347  -0.010994  -0.054471
     19      -0.003634   0.015992   0.045968  -0.000287   0.005862   0.033373
     20       0.000410  -0.002502  -0.004051   0.001573  -0.010096  -0.050683
     21       0.000458  -0.000377  -0.002062   0.000013  -0.000098   0.003280
     22       0.000018   0.000448   0.001002   0.000298  -0.000017  -0.000101
     23       0.000009   0.000534   0.001617   0.000084   0.000044   0.001300
     24       0.019605  -0.371506   0.110953   0.239766  -0.002398   0.196809
     25       0.004412  -0.089361   0.026160   0.057124  -0.001092   0.039147
     26      -0.021975   0.408864  -0.119989  -0.266218   0.003080  -0.208005
     27       0.004647  -0.161083   0.037771   0.117136  -0.012463  -0.085230
     28      -0.009932   0.420755  -0.099416  -0.307950   0.032622   0.209827
     29       0.008612  -0.317601   0.075238   0.229871  -0.024292  -0.153818
     30      -0.063196   0.242737  -0.104179   0.375670  -0.020102  -0.086957
     31      -0.071811   0.271974  -0.117463   0.425531  -0.020151  -0.096687
     32       0.036192  -0.137444   0.058966  -0.212643   0.010043   0.045493
     33      -0.009564   0.077366  -0.030101   0.113629  -0.027308   0.048326
     34       0.012352  -0.077394   0.030373  -0.112909   0.023115  -0.040713
     35      -0.048157   0.316692  -0.123230   0.472278  -0.105416   0.182992
     36       0.013044   0.007699   0.001417   0.016982   0.010348   0.003531
     37      -0.097613  -0.075542   0.000659  -0.184905  -0.093112  -0.032917
     38      -0.056472  -0.049477   0.000204  -0.122318  -0.059097  -0.022028
     39      -0.504314  -0.062165  -0.012490  -0.076211  -0.758439   0.130612
     40       0.159606   0.020488   0.004007   0.026646   0.268897  -0.046491
     41      -0.024942  -0.003679   0.000333  -0.006236  -0.059079   0.010049
     42       0.510248   0.043464   0.019660   0.003311  -0.312448   0.040009
     43       0.571035   0.048218   0.022153   0.002325  -0.374550   0.048233
     44      -0.308890  -0.026464  -0.013010  -0.000314   0.206731  -0.026351
     45      -0.011973  -0.001398  -0.000137   0.002406   0.027214  -0.004677
     46      -0.008943  -0.001833   0.000332  -0.000070   0.008812  -0.000855
     47       0.022997   0.004342  -0.000658  -0.002698  -0.026748   0.004096
     48      -0.000612   0.007575  -0.004751  -0.011012  -0.001005  -0.004963
     49       0.008370  -0.056957   0.144833   0.139692   0.033902   0.123765
     50       0.007200  -0.038325   0.091174   0.091782   0.023029   0.082226
     51      -0.013083   0.057099   0.159443  -0.002255   0.033208   0.174264
     52       0.033201  -0.148542  -0.410091   0.008097  -0.099035  -0.514024
     53      -0.025916   0.117189   0.324126  -0.006913   0.077703   0.397667
     54       0.049615  -0.206867  -0.684400  -0.035911   0.098630   0.474406
     55       0.009728  -0.040874  -0.136470  -0.007613   0.022197   0.107523
     56       0.021315  -0.091624  -0.297992  -0.014296   0.040524   0.194214
     57      -0.005430   0.005782   0.024290   0.000206  -0.007505  -0.034559
     58       0.000964  -0.000161  -0.001575  -0.000030  -0.000965   0.010692
     59       0.001189  -0.001561  -0.004394  -0.000127   0.003765  -0.002384
                 54         55         56         57         58         59    
      0       0.012376   0.009781  -0.012069   0.012435  -0.000072  -0.000160
      1       0.016990   0.032566   0.005784   0.032042  -0.000120  -0.000013
      2      -0.027797  -0.043840   0.004389  -0.044888   0.000035   0.000190
      3      -0.010135  -0.003960  -0.011084   0.014813   0.000149  -0.000394
      4      -0.016555  -0.021665  -0.007149   0.040595   0.000053   0.000407
      5       0.019308   0.039462  -0.005551  -0.061432  -0.000206   0.000015
      6       0.005332  -0.003853   0.005724   0.000386   0.000031   0.000997
      7      -0.044509   0.026491  -0.044231   0.000695   0.000473  -0.002277
      8      -0.028859   0.018723  -0.029380  -0.001450   0.000117   0.001605
      9       0.001383  -0.011756   0.009848   0.005470   0.004595   0.000241
     10      -0.005293   0.000232  -0.006672   0.001375   0.003590   0.000266
     11       0.002950  -0.000089   0.002495  -0.000933   0.000213  -0.000012
     12      -0.000379   0.000271   0.000130  -0.000630   0.044024   0.004137
     13       0.000009  -0.000313  -0.000150  -0.000441   0.008647   0.000785
     14       0.000847  -0.000249  -0.000591   0.000641  -0.055592  -0.005280
     15       0.002249  -0.001520  -0.002905   0.000121   0.002739   0.000181
     16      -0.040873   0.021196   0.049612   0.001756  -0.000911   0.000025
     17      -0.029136   0.012461   0.033811  -0.000464   0.000021   0.000373
     18      -0.014356  -0.023113  -0.002693  -0.004115  -0.000730   0.003804
     19       0.004556   0.019389   0.013510   0.003269   0.000145   0.000629
     20      -0.009454  -0.024779  -0.010177  -0.004215   0.000052   0.004307
     21       0.000072   0.002024  -0.000250   0.000161  -0.006339   0.066977
     22       0.000681  -0.000183   0.000212  -0.000343   0.002270  -0.024278
     23       0.000522   0.000391   0.000300   0.000333   0.000566  -0.005065
     24      -0.209280  -0.257358   0.101696  -0.283238  -0.003853   0.000317
     25      -0.044418  -0.052814   0.022592  -0.057207  -0.000033   0.000150
     26       0.220708   0.273849  -0.108170   0.300997  -0.000259  -0.000939
     27       0.063066   0.142511   0.035339   0.134865   0.001513  -0.000286
     28      -0.156134  -0.340045  -0.082096  -0.326782  -0.002745   0.000193
     29       0.111890   0.250419   0.063914   0.238183   0.003388  -0.000176
     30       0.157907   0.153823   0.096601  -0.327697  -0.001600   0.001699
     31       0.171147   0.170248   0.105354  -0.363705  -0.001312  -0.000195
     32      -0.082634  -0.079880  -0.052217   0.170846   0.000562  -0.000722
     33      -0.038370  -0.103863   0.028602   0.150137   0.000008  -0.000510
     34       0.031488   0.088453  -0.026374  -0.124530  -0.000204  -0.000100
     35      -0.147787  -0.390478   0.109645   0.565216   0.001017   0.000096
     36      -0.059704   0.037527  -0.060322  -0.000641   0.000151   0.000071
     37       0.515908  -0.316750   0.511184   0.002236  -0.001069   0.011948
     38       0.339405  -0.209722   0.337292   0.002749  -0.000112   0.004124
     39      -0.055235   0.113920  -0.131592  -0.037806  -0.016374  -0.002038
     40       0.019062  -0.039168   0.045028   0.012483   0.003622   0.001712
     41      -0.005126   0.010216  -0.011384  -0.002634  -0.003895  -0.003341
     42       0.040029   0.025449   0.022472  -0.025193  -0.026635  -0.004888
     43       0.046237   0.031911   0.025140  -0.031557  -0.027216  -0.004380
     44      -0.028245  -0.016225  -0.015710   0.018263   0.019136   0.004115
     45       0.005974  -0.002727  -0.005384   0.006750  -0.646087  -0.060782
     46      -0.003664  -0.000645   0.003134   0.000366  -0.138908  -0.012828
     47      -0.000998   0.005796   0.004688  -0.002652   0.739674   0.069150
     48      -0.025183   0.012747   0.029650   0.000401  -0.002268  -0.000439
     49       0.486724  -0.237266  -0.574943  -0.009620   0.009966   0.001361
     50       0.327203  -0.158206  -0.386778  -0.005492   0.003121   0.000745
     51       0.026996   0.093110   0.051574   0.014697   0.000639  -0.003015
     52      -0.080144  -0.279142  -0.152241  -0.048060  -0.000788   0.010835
     53       0.060621   0.217691   0.120939   0.037647  -0.000815  -0.012697
     54       0.138739   0.182431  -0.012940   0.031391   0.003282  -0.040455
     55       0.029350   0.041378  -0.001155   0.006355   0.000174  -0.005340
     56       0.055550   0.074397  -0.005152   0.013021   0.001625  -0.014046
     57      -0.003119  -0.019302   0.003003  -0.004029   0.087604  -0.933502
     58      -0.004180   0.008824  -0.005830   0.000840  -0.031686   0.334571
     59       0.000089  -0.002929  -0.000462   0.001337  -0.001580   0.020251
# -----------------------------------------------------------
$ THERMOCHEMISTRY_Energies
   description: The Thermochemistry energies
   geom. index: 1
   prop. index: 1
        Temperature (Kelvin)           :        298.1500000000
        Pressure (atm)                 :          1.0000000000
        Total Mass (AMU)               :        112.1760000000
        Spin Degeneracy                :          1.0000000000
        Electronic Energy (Hartree)    :       -345.5467005882
        Translational Energy (Hartree) :          0.0014162714
        Rotational Energy (Hartree)    :          0.0014162714
        Vibrational Energy (Hartree)   :          0.0031966846
        Number of frequencies          :     60      
        Scaling Factor for frequencies :          1.0000000000
        Vibrational frequencies        :     
                  0    
      0       0.000000
      1       0.000000
      2       0.000000
      3       0.000000
      4       0.000000
      5       0.000000
      6     163.269424
      7     337.824834
      8     343.634464
      9     425.030616
     10     443.189597
     11     545.211866
     12     563.513266
     13     679.377015
     14     827.471394
     15     836.986621
     16     871.506683
     17     888.296953
     18     894.672241
     19     946.277895
     20     976.748849
     21     982.211073
     22     999.219835
     23     1012.886041
     24     1058.779064
     25     1103.874897
     26     1135.711609
     27     1142.274524
     28     1149.400104
     29     1170.715988
     30     1237.656685
     31     1271.752839
     32     1284.417216
     33     1306.484855
     34     1327.536196
     35     1348.706485
     36     1367.924277
     37     1377.082793
     38     1399.705425
     39     1415.260019
     40     1438.779355
     41     1441.866571
     42     1506.063569
     43     1530.630431
     44     1535.859109
     45     1543.893699
     46     1549.096846
     47     1555.649609
     48     2930.280834
     49     2936.674349
     50     2938.447438
     51     2952.634255
     52     2968.484982
     53     2973.789367
     54     2977.469574
     55     2978.119008
     56     2981.427712
     57     3002.586785
     58     3222.205568
     59     3223.771893
        Zero Point Energy (Hartree)    :          0.1845824782
        Inner Energy (Hartree)         :       -345.3560888826
        Enthalpy (Hartree)             :       -345.3551446735
        Electronic entropy             :          0.0000000000
        Rotational entropy             :          0.0130536328
        Vibrational entropy            :          0.0047533716
        Translational entropy          :          0.0130536328
        Entropy                        :          0.0368409745
        Gibbs Energy (Hartree)         :       -345.3919856480
        Is Linear                      :                 false
# -----------------------------------------------------------
$ PAL_Flags
   description: The PAL Flags
   geom. index: 2
   prop. index: 1
        Diskflag:     2
# -----------------------------------------------------------
$ SCF_Energy
   description: The SCF energy
   geom. index: 2
   prop. index: 1
        SCF Energy:     -345.5152351879
# -----------------------------------------------------------
$ DFT_Energy
   description: The DFT energy
   geom. index: 2
   prop. index: 1
   Number of Alpha Electrons                 31.0000618748 
   Number of Beta  Electrons                 31.0000618748 
   Total number of  Electrons                62.0001237495 
   Exchange energy                          -32.3857726726 
   Correlation energy                        -2.5434111218 
   Correlation energy NL                      0.0000000000 
   Exchange-Correlation energy              -34.9291837944 
   Embedding correction                       0.0000000000 
   Total DFT Energy (No VdW correction)    -345.5152351879 
# -----------------------------------------------------------
$ VdW_Correction
   description: The Van der Waals Correction
   geom. index: 2
   prop. index: 1
        Van der Waals Correction:       -0.0364392804
# -----------------------------------------------------------
$ PAL_Flags
   description: The PAL Flags
   geom. index: 3
   prop. index: 1
        Diskflag:     2
# -----------------------------------------------------------
$ SCF_Energy
   description: The SCF energy
   geom. index: 3
   prop. index: 1
        SCF Energy:     -345.5154076442
# -----------------------------------------------------------
$ DFT_Energy
   description: The DFT energy
   geom. index: 3
   prop. index: 1
   Number of Alpha Electrons                 31.0000590248 
   Number of Beta  Electrons                 31.0000590248 
   Total number of  Electrons                62.0001180495 
   Exchange energy                          -32.3832223616 
   Correlation energy                        -2.5432420292 
   Correlation energy NL                      0.0000000000 
   Exchange-Correlation energy              -34.9264643908 
   Embedding correction                       0.0000000000 
   Total DFT Energy (No VdW correction)    -345.5154076442 
# -----------------------------------------------------------
$ VdW_Correction
   description: The Van der Waals Correction
   geom. index: 3
   prop. index: 1
        Van der Waals Correction:       -0.0364092472
# -----------------------------------------------------------
$ PAL_Flags
   description: The PAL Flags
   geom. index: 4
   prop. index: 1
        Diskflag:     2
# -----------------------------------------------------------
$ SCF_Energy
   description: The SCF energy
   geom. index: 4
   prop. index: 1
        SCF Energy:     -345.5154623752
# -----------------------------------------------------------
$ DFT_Energy
   description: The DFT energy
   geom. index: 4
   prop. index: 1
   Number of Alpha Electrons                 31.0000493270 
   Number of Beta  Electrons                 31.0000493270 
   Total number of  Electrons                62.0000986540 
   Exchange energy                          -32.3824971971 
   Correlation energy                        -2.5431792492 
   Correlation energy NL                      0.0000000000 
   Exchange-Correlation energy              -34.9256764463 
   Embedding correction                       0.0000000000 
   Total DFT Energy (No VdW correction)    -345.5154623752 
# -----------------------------------------------------------
$ VdW_Correction
   description: The Van der Waals Correction
   geom. index: 4
   prop. index: 1
        Van der Waals Correction:       -0.0363875877
# -----------------------------------------------------------
$ PAL_Flags
   description: The PAL Flags
   geom. index: 5
   prop. index: 1
        Diskflag:     2
# -----------------------------------------------------------
$ SCF_Energy
   description: The SCF energy
   geom. index: 5
   prop. index: 1
        SCF Energy:     -345.5154684777
# -----------------------------------------------------------
$ DFT_Energy
   description: The DFT energy
   geom. index: 5
   prop. index: 1
   Number of Alpha Electrons                 31.0000472238 
   Number of Beta  Electrons                 31.0000472238 
   Total number of  Electrons                62.0000944476 
   Exchange energy                          -32.3828219139 
   Correlation energy                        -2.5432072611 
   Correlation energy NL                      0.0000000000 
   Exchange-Correlation energy              -34.9260291750 
   Embedding correction                       0.0000000000 
   Total DFT Energy (No VdW correction)    -345.5154684777 
# -----------------------------------------------------------
$ VdW_Correction
   description: The Van der Waals Correction
   geom. index: 5
   prop. index: 1
        Van der Waals Correction:       -0.0363850944
# -----------------------------------------------------------
$ PAL_Flags
   description: The PAL Flags
   geom. index: 6
   prop. index: 1
        Diskflag:     2
# -----------------------------------------------------------
$ SCF_Energy
   description: The SCF energy
   geom. index: 6
   prop. index: 1
        SCF Energy:     -345.5154695595
# -----------------------------------------------------------
$ DFT_Energy
   description: The DFT energy
   geom. index: 6
   prop. index: 1
   Number of Alpha Electrons                 31.0000484834 
   Number of Beta  Electrons                 31.0000484834 
   Total number of  Electrons                62.0000969668 
   Exchange energy                          -32.3829912279 
   Correlation energy                        -2.5432220882 
   Correlation energy NL                      0.0000000000 
   Exchange-Correlation energy              -34.9262133161 
   Embedding correction                       0.0000000000 
   Total DFT Energy (No VdW correction)    -345.5154695595 
# -----------------------------------------------------------
$ Mayer_Pop
   description: The Mayer population analysis
   geom. index: 6
   prop. index: 1
     Number of atoms                     : 20
     Threshold for printing              : 0.1000000
     Number of bond orders printed       : 23
  NA   - Mulliken gross atomic population
  ZA   - Total nuclear charge
  QA   - Mulliken gross atomic charge
  VA   - Mayer's total valence
  BVA  - Mayer's bonded valence
  FA   - Mayer's free valence
  ATOM       NA         ZA         QA         VA         BVA        FA
  0   0     6.4126     6.0000    -0.4126     3.7066     3.7066     0.0000
  1   0     6.5040     6.0000    -0.5040     3.8632     3.8632     0.0000
  2   0     5.7875     6.0000     0.2125     3.2819     3.2819     0.0000
  3   0     6.4339     6.0000    -0.4339     3.8825     3.8825    -0.0000
  4   0     7.3921     7.0000    -0.3921     2.6299     2.6299    -0.0000
  5   0     5.8526     6.0000     0.1474     3.4558     3.4558    -0.0000
  6   0     6.4254     6.0000    -0.4254     3.9344     3.9344     0.0000
  7   0     7.3791     7.0000    -0.3791     2.6964     2.6964     0.0000
  8   0     0.8510     1.0000     0.1490     0.9473     0.9473    -0.0000
  9   0     0.8457     1.0000     0.1543     0.9530     0.9530     0.0000
 10   0     0.8522     1.0000     0.1478     0.9561     0.9561     0.0000
 11   0     0.8243     1.0000     0.1757     0.9325     0.9325    -0.0000
 12   0     0.8326     1.0000     0.1674     0.9193     0.9193    -0.0000
 13   0     0.8439     1.0000     0.1561     0.9209     0.9209    -0.0000
 14   0     0.8708     1.0000     0.1292     0.9510     0.9510    -0.0000
 15   0     0.6891     1.0000     0.3109     0.8410     0.8410    -0.0000
 16   0     0.8243     1.0000     0.1757     0.9058     0.9058    -0.0000
 17   0     0.8483     1.0000     0.1517     0.9293     0.9293    -0.0000
 18   0     0.8449     1.0000     0.1551     0.9382     0.9382     0.0000
 19   0     0.6857     1.0000     0.3143     0.8384     0.8384     0.0000
      Bond orders larger than 0.1000000
           Atom A     A.N. of A          Atom B    A.N. of B              Bond order
                0             6               1            6                0.883041
                0             6               5            6                0.909457
                0             6               8            1                0.975042
                0             6               9            1                1.014653
                1             6               2            6                0.951781
                1             6               5            6               -0.115164
                1             6              10            1                1.000153
                1             6              11            1                0.983921
                2             6               3            6                0.790717
                2             6               4            7               -0.150923
                2             6               7            7                1.009541
                2             6              12            1                0.888696
                3             6               4            7                0.986739
                3             6              13            1                1.000541
                3             6              14            1                1.017829
                4             7               5            6                1.024354
                4             7              15            1                0.867343
                5             6               6            6                0.906257
                5             6              16            1                0.880211
                6             6               7            7                0.976940
                6             6              17            1                0.995080
                6             6              18            1                0.986419
                7             7              19            1                0.857351
# -----------------------------------------------------------
$ VdW_Correction
   description: The Van der Waals Correction
   geom. index: 6
   prop. index: 1
        Van der Waals Correction:       -0.0363851576
# -----------------------------------------------------------
$ SCF_Electric_Properties
   description: The SCF Calculated Electric Properties
   geom. index: 6
   prop. index: 1
       Filename                          : file.scfp 
       Do Dipole Moment Calculation      : true 
       Do Quadrupole Moment Calculation  : false 
       Do Polarizability Calculation     : false 
** Dipole moment part of electric properties **
        Magnitude of dipole moment (Debye) :        1.2316844711
        Electronic Contribution:
                  0    
      0       1.560190
      1       0.041788
      2       0.161940
        Nuclear Contribution:
                  0    
      0      -1.885925
      1      -0.257070
      2       0.125046
        Total Dipole moment:
                  0    
      0      -0.325735
      1      -0.215282
      2       0.286986
# -------------------------------------------------------------
----------------------- !GEOMETRIES! ------------------------
# -------------------------------------------------------------
------------------------ !GEOMETRY! -------------------------
    Number of atoms:    20 
    Geometry Index:     1 
    Coordinates:
               0 C     -1.355200000000    0.751700000000    0.089500000000
               1 C     -1.237300000000   -0.523400000000   -0.781900000000
               2 C      0.213300000000   -1.045900000000   -0.730700000000
               3 C      0.569400000000   -1.306000000000    0.754700000000
               4 N      0.458700000000   -0.060300000000    1.553600000000
               5 C      0.020800000000    1.077200000000    0.718800000000
               6 C      1.042100000000    1.238100000000   -0.430200000000
               7 N      1.103200000000    0.008700000000   -1.260400000000
               8 H     -2.106900000000    0.595100000000    0.893500000000
               9 H     -1.697700000000    1.608100000000   -0.531800000000
              10 H     -1.935600000000   -1.306000000000   -0.412100000000
              11 H     -1.510800000000   -0.291500000000   -1.834300000000
              12 H      0.314400000000   -1.975800000000   -1.331600000000
              13 H      1.611600000000   -1.683800000000    0.822800000000
              14 H     -0.098600000000   -2.094900000000    1.168400000000
              15 H     -0.239100000000   -0.203400000000    2.321400000000
              16 H     -0.032800000000    2.005100000000    1.328600000000
              17 H      0.751200000000    2.095300000000   -1.074300000000
              18 H      2.043600000000    1.465900000000   -0.000600000000
              19 H      2.085600000000   -0.354300000000   -1.263400000000
------------------------ !GEOMETRY! -------------------------
    Number of atoms:    20 
    Geometry Index:     2 
    Coordinates:
               0 C     -1.362432211618    0.761420720445    0.077589949334
               1 C     -1.235687873072   -0.521968820793   -0.785268131616
               2 C      0.208674536572   -1.031324032494   -0.703947815623
               3 C      0.569573364200   -1.315761606248    0.763751901991
               4 N      0.462341683783   -0.062709433783    1.547183890743
               5 C      0.013264551184    1.054395377484    0.701358006888
               6 C      1.035012129577    1.235925641408   -0.425678055296
               7 N      1.090842931113    0.008311166813   -1.254312395652
               8 H     -2.104012915814    0.627491978218    0.874849578478
               9 H     -1.692100955470    1.613823425903   -0.528447526743
              10 H     -1.919449126078   -1.302408681634   -0.431868793420
              11 H     -1.481989287220   -0.314750042383   -1.830929042924
              12 H      0.323758270434   -1.940998873071   -1.302877012900
              13 H      1.599159086809   -1.697873859110    0.819169859779
              14 H     -0.088227618755   -2.095095273685    1.173454586788
              15 H     -0.195553749346   -0.187074210572    2.304044616923
              16 H     -0.020719866385    1.962492682716    1.312676903316
              17 H      0.742497121577    2.091974702626   -1.048588298250
              18 H      2.016541189911    1.457104962662    0.010192251883
              19 H      2.038408738597   -0.343075824502   -1.272354473699
------------------------ !GEOMETRY! -------------------------
    Number of atoms:    20 
    Geometry Index:     3 
    Coordinates:
               0 C     -1.365167591743    0.759496731902    0.073541472682
               1 C     -1.237565971267   -0.526463428413   -0.786162034245
               2 C      0.208911463418   -1.029270406043   -0.700983210085
               3 C      0.565831411951   -1.318277247820    0.766336154166
               4 N      0.470766538205   -0.060580683578    1.543404800885
               5 C      0.010254687894    1.052121285534    0.698418530853
               6 C      1.035422819409    1.240057959116   -0.424109811881
               7 N      1.085093949225    0.013854782186   -1.255077309444
               8 H     -2.107704814182    0.631698202181    0.871008319865
               9 H     -1.691209255082    1.612194495109   -0.534087092274
              10 H     -1.919268602759   -1.308751934802   -0.432463499404
              11 H     -1.479499588616   -0.325107749433   -1.834186296989
              12 H      0.332758483004   -1.935670543062   -1.303579396735
              13 H      1.590173566616   -1.713340978489    0.824565744849
              14 H     -0.103852179832   -2.089111793774    1.173201908038
              15 H     -0.170115226857   -0.177674899318    2.320270115019
              16 H     -0.023785600638    1.957174085194    1.314719078652
              17 H      0.748016566845    2.099887921458   -1.044115403699
              18 H      2.014778686381    1.454025865492    0.020291868946
              19 H      2.036060658027   -0.336361663442   -1.290993939200
------------------------ !GEOMETRY! -------------------------
    Number of atoms:    20 
    Geometry Index:     4 
    Coordinates:
               0 C     -1.366264114899    0.757448044459    0.071450817248
               1 C     -1.237619581371   -0.529131652423   -0.787451854378
               2 C      0.209982759878   -1.028924588615   -0.700514935732
               3 C      0.562121535926   -1.319935233331    0.767968459273
               4 N      0.475353421188   -0.059730053049    1.540624912214
               5 C      0.008628271948    1.051772967733    0.697867610336
               6 C      1.035385159211    1.242742034021   -0.422946987556
               7 N      1.083017537554    0.017091914634   -1.254022950210
               8 H     -2.110084892043    0.631367825437    0.868193278466
               9 H     -1.690551225062    1.609992089013   -0.537715147522
              10 H     -1.918518554825   -1.312267635964   -0.433430638813
              11 H     -1.477953404408   -0.329643727816   -1.836448991946
              12 H      0.338049513857   -1.934231774043   -1.304297578407
              13 H      1.582466843147   -1.724889858521    0.830141132863
              14 H     -0.117505543680   -2.083931325298    1.172208047931
              15 H     -0.147424380567   -0.170576886724    2.332408744863
              16 H     -0.027977189606    1.955564285981    1.316250716900
              17 H      0.751159826054    2.104440415148   -1.042169323931
              18 H      2.013690921612    1.453120584355    0.026075223732
              19 H      2.033943096087   -0.330377424997   -1.304190535332
------------------------ !GEOMETRY! -------------------------
    Number of atoms:    20 
    Geometry Index:     5 
    Coordinates:
               0 C     -1.366220066896    0.756565860504    0.071680013023
               1 C     -1.236776721819   -0.529028260601   -0.788501634885
               2 C      0.210664196781   -1.029214612479   -0.700745621651
               3 C      0.560410478480   -1.320419788272    0.768407400417
               4 N      0.476561205460   -0.059603250636    1.539577295131
               5 C      0.008513429937    1.051940304012    0.698113259142
               6 C      1.034776946827    1.243288466209   -0.423201777705
               7 N      1.083630248731    0.017124434957   -1.253042381107
               8 H     -2.109980454519    0.628801665745    0.868130250200
               9 H     -1.691291209093    1.609107441894   -0.537015563025
              10 H     -1.918145570153   -1.312202899312   -0.435633210499
              11 H     -1.476484262573   -0.328131420248   -1.837317952727
              12 H      0.338790165409   -1.934670245566   -1.304156835398
              13 H      1.579333502203   -1.728632774801    0.832501198184
              14 H     -0.122571602199   -2.081996512660    1.171683744580
              15 H     -0.139685767542   -0.168527367951    2.336538179195
              16 H     -0.029025094863    1.955636628059    1.316439093299
              17 H      0.749805670662    2.104215716373   -1.043189251747
              18 H      2.012920004583    1.454902423025    0.025484343740
              19 H      2.034674900584   -0.329255808251   -1.305750548166
------------------------ !GEOMETRY! -------------------------
    Number of atoms:    20 
    Geometry Index:     6 
    Coordinates:
               0 C     -1.366234989623    0.755750461288    0.072612111918
               1 C     -1.235993944469   -0.528282778837   -0.789713400952
               2 C      0.211046417346   -1.029459434097   -0.700820638515
               3 C      0.559079627987   -1.320796513573    0.768738164146
               4 N      0.478025588691   -0.059317048772    1.538906124125
               5 C      0.008743900208    1.052010630599    0.698075812335
               6 C      1.033982334012    1.243591901446   -0.424184582307
               7 N      1.085026687085    0.016358174561   -1.252167552605
               8 H     -2.109041371929    0.625523350433    0.869536508618
               9 H     -1.693157572128    1.608693826617   -0.534513857738
              10 H     -1.918345252168   -1.311640360492   -0.439211235633
              11 H     -1.474207026075   -0.325193177817   -1.838448090064
              12 H      0.338857455549   -1.935141858695   -1.303920601471
              13 H      1.576904445975   -1.731536036537    0.833955265203
              14 H     -0.126251139109   -2.080515651965    1.171661299204
              15 H     -0.134887077739   -0.167078267491    2.338448936225
              16 H     -0.028907663952    1.955772021186    1.316265534721
              17 H      0.746989237393    2.103021138577   -1.045353101117
              18 H      2.012077736360    1.457778919012    0.023310380725
              19 H      2.036192606586   -0.329639295445   -1.303177076817
