    31
     1   -1.986369   -3.451471    1.257452      1
     2   -1.780406   -1.101480    3.612323      1
     3    2.962079   -2.815234   -0.877631      1
     4   -1.870928   -1.450773    1.609500      1
     5   -3.945809   -0.101894    0.446438      1
     6    2.332373   -0.950628   -1.311648      1
     7    0.021966    0.003654    0.000266      1
     8    3.309139    0.499141    2.510116      1
     9    2.631969   -0.385353   -3.222735      1
    10    2.541970    1.046267    0.728626      1
    11   -2.252206    1.368989   -1.117761      1
    12   -2.594166    1.050439   -3.098066      1
    13    2.981426    2.931011    0.166607      1
    14   -2.383878    3.356288   -0.699796      1
    15   -1.944707   -2.727663    1.381735      2
    16   -1.813044   -1.224690    2.887653      2
    17   -2.597142   -0.971589    1.195617      2
    18    2.729070   -2.131960   -1.029662      2
    19   -0.854895   -0.759192    0.833594      2
    20   -1.967595   -0.043762    0.229763      3
    21    1.116718   -0.541454   -0.717410      2
    22    2.519047   -0.585864   -2.521801      2
    23    2.528943    0.049573   -0.302723      2
    24    3.025053    0.692931    1.857445      2
    25    1.235633    0.590931    0.439108      2
    26   -2.843202    0.847177   -0.563471      2
    27   -1.055640    0.725417   -0.601940      2
    28   -2.470168    1.162642   -2.381762      2
    29    2.816593    2.240257    0.366292      2
    30   -2.335700    2.637199   -0.847920      2
    31    1.663461    0.033596   -0.198177      3
