-------------------------------------------------------------
----------------------- !PROPERTIES! ------------------------
-------------------------------------------------------------
# -----------------------------------------------------------
$ PAL_Flags
   description: The PAL Flags
   geom. index: 1
   prop. index: 1
        Diskflag:     2
# -----------------------------------------------------------
$ SCF_Energy
   description: The SCF energy
   geom. index: 1
   prop. index: 1
        SCF Energy:     -270.5862706532
# -----------------------------------------------------------
$ DFT_Energy
   description: The DFT energy
   geom. index: 1
   prop. index: 1
   Number of Alpha Electrons                 23.0000339102 
   Number of Beta  Electrons                 23.0000339102 
   Total number of  Electrons                46.0000678203 
   Exchange energy                          -24.7563285602 
   Correlation energy                        -1.8925117598 
   Correlation energy NL                      0.0000000000 
   Exchange-Correlation energy              -26.6488403200 
   Embedding correction                       0.0000000000 
   Total DFT Energy (No VdW correction)    -270.5862706532 
# -----------------------------------------------------------
$ Mayer_Pop
   description: The Mayer population analysis
   geom. index: 1
   prop. index: 1
     Number of atoms                     : 14
     Threshold for printing              : 0.1000000
     Number of bond orders printed       : 18
  NA   - Mulliken gross atomic population
  ZA   - Total nuclear charge
  QA   - Mulliken gross atomic charge
  VA   - Mayer's total valence
  BVA  - Mayer's bonded valence
  FA   - Mayer's free valence
  ATOM       NA         ZA         QA         VA         BVA        FA
  0   0     6.2765     6.0000    -0.2765     3.8133     3.8133     0.0000
  1   0     6.3788     6.0000    -0.3788     3.7755     3.7755     0.0000
  2   0     6.0893     6.0000    -0.0893     3.6651     3.6651    -0.0000
  3   0     6.0517     6.0000    -0.0517     3.7923     3.7923    -0.0000
  4   0     8.3686     8.0000    -0.3686     1.5885     1.5885     0.0000
  5   0     6.0519     6.0000    -0.0519     3.7918     3.7918    -0.0000
  6   0     0.8363     1.0000     0.1637     0.9618     0.9618     0.0000
  7   0     0.8364     1.0000     0.1636     0.9618     0.9618    -0.0000
  8   0     0.8282     1.0000     0.1718     0.9607     0.9607    -0.0000
  9   0     0.8283     1.0000     0.1717     0.9608     0.9608    -0.0000
 10   0     0.8629     1.0000     0.1371     0.9139     0.9139     0.0000
 11   0     0.8641     1.0000     0.1359     0.9043     0.9043    -0.0000
 12   0     0.8628     1.0000     0.1372     0.9138     0.9138     0.0000
 13   0     0.8641     1.0000     0.1359     0.9043     0.9043     0.0000
      Bond orders larger than 0.1000000
           Atom A     A.N. of A          Atom B    A.N. of B              Bond order
                0             6               1            6                0.877579
                0             6               2            6                0.918907
                0             6               3            6                0.100871
                0             6               5            6                0.100084
                0             6               6            1                0.947818
                0             6               7            1                0.947465
                1             6               2            6                0.918207
                1             6               8            1                0.951368
                1             6               9            1                0.951363
                2             6               3            6                0.944868
                2             6               4            8                0.118044
                2             6               5            6                0.945616
                3             6               4            8                0.813201
                3             6              10            1                0.972439
                3             6              11            1                0.968530
                4             8               5            6                0.812712
                5             6              12            1                0.972237
                5             6              13            1                0.968554
# -----------------------------------------------------------
$ VdW_Correction
   description: The Van der Waals Correction
   geom. index: 1
   prop. index: 1
        Van der Waals Correction:       -0.0197375638
# -----------------------------------------------------------
$ Hessian
   description: Details about the Hessian
   geom. index: 1
   prop. index: 1
Normal modes:
Number of Rows: 42 Number of Columns: 42
                  0          1          2          3          4          5    
      0       0.000000   0.000000   0.000000   0.000000   0.000000   0.000000
      1       0.000000   0.000000   0.000000   0.000000   0.000000   0.000000
      2       0.000000   0.000000   0.000000   0.000000   0.000000   0.000000
      3       0.000000   0.000000   0.000000   0.000000   0.000000   0.000000
      4       0.000000   0.000000   0.000000   0.000000   0.000000   0.000000
      5       0.000000   0.000000   0.000000   0.000000   0.000000   0.000000
      6       0.000000   0.000000   0.000000   0.000000   0.000000   0.000000
      7       0.000000   0.000000   0.000000   0.000000   0.000000   0.000000
      8       0.000000   0.000000   0.000000   0.000000   0.000000   0.000000
      9       0.000000   0.000000   0.000000   0.000000   0.000000   0.000000
     10       0.000000   0.000000   0.000000   0.000000   0.000000   0.000000
     11       0.000000   0.000000   0.000000   0.000000   0.000000   0.000000
     12       0.000000   0.000000   0.000000   0.000000   0.000000   0.000000
     13       0.000000   0.000000   0.000000   0.000000   0.000000   0.000000
     14       0.000000   0.000000   0.000000   0.000000   0.000000   0.000000
     15       0.000000   0.000000   0.000000   0.000000   0.000000   0.000000
     16       0.000000   0.000000   0.000000   0.000000   0.000000   0.000000
     17       0.000000   0.000000   0.000000   0.000000   0.000000   0.000000
     18       0.000000   0.000000   0.000000   0.000000   0.000000   0.000000
     19       0.000000   0.000000   0.000000   0.000000   0.000000   0.000000
     20       0.000000   0.000000   0.000000   0.000000   0.000000   0.000000
     21       0.000000   0.000000   0.000000   0.000000   0.000000   0.000000
     22       0.000000   0.000000   0.000000   0.000000   0.000000   0.000000
     23       0.000000   0.000000   0.000000   0.000000   0.000000   0.000000
     24       0.000000   0.000000   0.000000   0.000000   0.000000   0.000000
     25       0.000000   0.000000   0.000000   0.000000   0.000000   0.000000
     26       0.000000   0.000000   0.000000   0.000000   0.000000   0.000000
     27       0.000000   0.000000   0.000000   0.000000   0.000000   0.000000
     28       0.000000   0.000000   0.000000   0.000000   0.000000   0.000000
     29       0.000000   0.000000   0.000000   0.000000   0.000000   0.000000
     30       0.000000   0.000000   0.000000   0.000000   0.000000   0.000000
     31       0.000000   0.000000   0.000000   0.000000   0.000000   0.000000
     32       0.000000   0.000000   0.000000   0.000000   0.000000   0.000000
     33       0.000000   0.000000   0.000000   0.000000   0.000000   0.000000
     34       0.000000   0.000000   0.000000   0.000000   0.000000   0.000000
     35       0.000000   0.000000   0.000000   0.000000   0.000000   0.000000
     36       0.000000   0.000000   0.000000   0.000000   0.000000   0.000000
     37       0.000000   0.000000   0.000000   0.000000   0.000000   0.000000
     38       0.000000   0.000000   0.000000   0.000000   0.000000   0.000000
     39       0.000000   0.000000   0.000000   0.000000   0.000000   0.000000
     40       0.000000   0.000000   0.000000   0.000000   0.000000   0.000000
     41       0.000000   0.000000   0.000000   0.000000   0.000000   0.000000
                  6          7          8          9         10         11    
      0      -0.066653   0.020713   0.118229   0.001469  -0.352785   0.160357
      1      -0.054122  -0.152917   0.024573  -0.008741  -0.039800  -0.132155
      2      -0.046733   0.147760   0.008688   0.008516   0.008144  -0.159210
      3       0.136423  -0.010846  -0.161247   0.018093  -0.227599  -0.265765
      4      -0.024431   0.079776  -0.047553  -0.136717   0.060331  -0.078382
      5      -0.044316  -0.077111  -0.027155   0.131926   0.094296  -0.044021
      6       0.017958  -0.011494  -0.049958  -0.016011  -0.041976   0.120553
      7       0.089280   0.084785  -0.166491   0.117298   0.031911   0.174665
      8       0.089899  -0.082078  -0.164707  -0.114054   0.038873   0.163877
      9       0.022914   0.070394   0.034077   0.138310   0.186560   0.033556
     10       0.106954  -0.043270   0.058065   0.114895  -0.048080   0.076984
     11       0.104965  -0.118502   0.076799   0.001794   0.024204  -0.017194
     12      -0.128220   0.006215   0.016250   0.004469   0.221190  -0.054405
     13      -0.201264  -0.046004  -0.016377  -0.032727  -0.040933   0.008773
     14      -0.190358   0.044382  -0.019410   0.031563  -0.073305   0.016713
     15       0.023240  -0.078906   0.031911  -0.151264   0.173170   0.045994
     16       0.104406   0.106619   0.079261  -0.017763   0.050959  -0.014256
     17       0.107310   0.057463   0.056572  -0.095065  -0.071536   0.071062
     18      -0.134516  -0.187691   0.197393  -0.165851  -0.415663   0.148864
     19      -0.090068  -0.156089   0.066215  -0.114748  -0.063537  -0.119481
     20      -0.073250   0.403288   0.038074  -0.111844   0.002719  -0.111646
     21      -0.134727   0.259963   0.196763   0.164649  -0.417047   0.144947
     22      -0.088778  -0.377126   0.063273   0.131193  -0.053310  -0.086688
     23      -0.074360   0.111937   0.040255   0.096488  -0.007118  -0.142909
     24       0.199695   0.078869  -0.282193   0.287116  -0.214052  -0.406113
     25      -0.045467  -0.005330  -0.005817  -0.131114   0.038452  -0.027097
     26      -0.072581  -0.282096   0.030638   0.305435   0.057627   0.035024
     27       0.199375  -0.114691  -0.280744  -0.224053  -0.212498  -0.407190
     28      -0.043246   0.268266  -0.007367  -0.345413   0.026393  -0.020710
     29      -0.074878   0.028165   0.032666   0.155109   0.069259   0.029202
     30      -0.090215   0.104528   0.169710   0.221052   0.210045  -0.122670
     31       0.392682  -0.172999   0.324626   0.246234  -0.008777  -0.071932
     32       0.089150  -0.103860  -0.003260  -0.045450   0.009599   0.054370
     33       0.245321   0.128369  -0.049464   0.228471   0.242080   0.235092
     34       0.014303  -0.035205   0.019604   0.063242  -0.067435   0.078773
     35       0.312156  -0.251518   0.419563   0.145349   0.045194  -0.284019
     36      -0.046095  -0.092301   0.213267  -0.256290   0.203665  -0.137743
     37       0.066092   0.084134   0.012065   0.020510   0.038782   0.038691
     38       0.404686   0.190194   0.299323  -0.211019  -0.036393  -0.052511
     39       0.200985  -0.154870  -0.101065  -0.213976   0.222150   0.279969
     40       0.342637   0.230928   0.408684  -0.172310   0.079927  -0.250808
     41      -0.005264   0.062960   0.044259  -0.038091  -0.097236   0.034282
                 12         13         14         15         16         17    
      0       0.115428   0.002569   0.006941  -0.015654   0.004638  -0.034551
      1       0.028302  -0.018991  -0.050748   0.129959  -0.034302   0.095649
      2       0.013183   0.018352   0.048803   0.136958   0.033249   0.103781
      3      -0.008457  -0.000851  -0.002847   0.011851   0.008808   0.103922
      4      -0.106170   0.006736   0.020946  -0.168080  -0.064942  -0.109081
      5      -0.108701  -0.006537  -0.019946  -0.175806   0.062627  -0.127536
      6      -0.104599  -0.000628   0.005114  -0.134379   0.006211  -0.004881
      7       0.096186   0.004353  -0.036549   0.032994  -0.045918  -0.011075
      8       0.114297  -0.004180   0.035323   0.052978   0.044298  -0.010890
      9      -0.088535  -0.010747   0.043060   0.137177   0.042380  -0.029176
     10      -0.147615  -0.003195   0.048769  -0.072821   0.015754   0.120771
     11       0.201253   0.021162  -0.005425   0.033410  -0.075189  -0.070036
     12       0.232531   0.000205  -0.000590  -0.172162  -0.001522   0.096081
     13      -0.040713  -0.001256   0.005154   0.029234   0.010793  -0.020040
     14      -0.074746   0.001200  -0.005013   0.054648  -0.010407  -0.034567
     15      -0.134354   0.013766  -0.049931   0.120069  -0.053716  -0.002638
     16       0.190672  -0.019488   0.000462   0.053935   0.068971  -0.076541
     17      -0.125560   0.000732  -0.042174  -0.089418  -0.006616   0.120893
     18       0.099907  -0.050949   0.538960   0.084154   0.206523  -0.251291
     19       0.027093  -0.190826   0.117261   0.197256  -0.024274  -0.008615
     20       0.018983  -0.454701  -0.089300   0.198885  -0.182776   0.034867
     21       0.098812   0.015569  -0.557930   0.080517  -0.224243  -0.252653
     22       0.031545   0.452608   0.016022   0.203572   0.151716  -0.000597
     23       0.014009   0.201899  -0.040695   0.192344   0.059598   0.026298
     24      -0.036174   0.258641   0.180678  -0.051076  -0.513979  -0.510137
     25      -0.084220  -0.166613   0.041391  -0.148669  -0.072614   0.090081
     26      -0.055074  -0.384538   0.146547  -0.137991  -0.250912   0.134988
     27      -0.039214  -0.282318  -0.163580  -0.053590   0.480281  -0.507350
     28      -0.057796   0.340903  -0.168799  -0.141225   0.317962   0.060339
     29      -0.081256   0.216438  -0.022820  -0.146513   0.014228   0.163506
     30      -0.366205  -0.062304  -0.067295   0.255981   0.175726  -0.187837
     31      -0.234553  -0.056397  -0.146106  -0.165674   0.139211   0.031001
     32       0.309507   0.045951   0.055866   0.010273  -0.138796  -0.004762
     33      -0.180093  -0.008527   0.139458   0.387510   0.039973  -0.035382
     34      -0.111772   0.006054   0.068308  -0.102939  -0.005720   0.137980
     35       0.106249  -0.035744  -0.263908  -0.128378   0.068711  -0.188522
     36      -0.433730   0.075048   0.093547   0.227678  -0.210436  -0.179847
     37       0.261585  -0.038182  -0.049757   0.049469   0.116563  -0.031576
     38      -0.169812   0.045457   0.133628  -0.197263  -0.108443   0.055650
     39      -0.206415   0.002615  -0.182334   0.382656  -0.028826   0.010130
     40       0.082984   0.036829   0.243857  -0.069664  -0.074010  -0.195545
     41      -0.081924  -0.005657  -0.037329  -0.159743   0.008067   0.133464
                 18         19         20         21         22         23    
      0      -0.078332   0.002546   0.005181   0.117503  -0.006704   0.000626
      1       0.010992  -0.018877  -0.008585   0.085336  -0.018321  -0.005573
      2       0.022428   0.018238   0.012553   0.071744  -0.018067   0.004723
      3      -0.084440  -0.004388  -0.006610  -0.104071   0.008006  -0.000622
      4      -0.037303   0.031531   0.026094  -0.016467   0.040084   0.007573
      5      -0.026789  -0.030319  -0.025327  -0.002112   0.040386  -0.002836
      6       0.000195   0.000296  -0.000466  -0.009877  -0.017671  -0.000768
      7       0.003445  -0.002279   0.000091  -0.004761  -0.099792  -0.009342
      8       0.003616   0.001934  -0.000376  -0.003650  -0.100806  -0.005807
      9      -0.026747  -0.066570   0.231514  -0.001363   0.047498   0.013240
     10       0.079934  -0.037412  -0.254757   0.027483   0.065069   0.036169
     11      -0.038362  -0.076834   0.069081  -0.016815   0.102138   0.023460
     12       0.072190   0.005667  -0.039828   0.012134  -0.044617   0.002394
     13      -0.015801  -0.041756   0.293333  -0.007531  -0.040950  -0.004188
     14      -0.026871   0.040254  -0.283512  -0.005505  -0.036245   0.013722
     15      -0.010428   0.060261  -0.182071   0.007187   0.041891  -0.016056
     16      -0.043873   0.084506  -0.107141  -0.016181   0.105956  -0.023404
     17       0.081272   0.031677   0.280741   0.022873   0.062507  -0.037599
     18       0.341484   0.261335   0.100615  -0.479617   0.010717  -0.003265
     19       0.250464   0.076011   0.022929  -0.226334  -0.022103  -0.013154
     20       0.226516  -0.014783  -0.005686  -0.158381  -0.041227  -0.015463
     21       0.339113  -0.268858  -0.131383  -0.478434   0.013416  -0.002915
     22       0.265769  -0.019582  -0.021550  -0.217063  -0.038793   0.008291
     23       0.212338  -0.039561  -0.019623  -0.166305  -0.025047   0.008221
     24       0.337410   0.331280   0.261552   0.318920   0.034549   0.012063
     25      -0.196745  -0.008962  -0.005723  -0.163943   0.030945   0.010413
     26      -0.249552   0.039989   0.041758  -0.202751   0.025652   0.016695
     27       0.337558  -0.317240  -0.231099   0.321103   0.035108  -0.000919
     28      -0.195347  -0.086132  -0.086041  -0.151217   0.029471  -0.018388
     29      -0.250863   0.050844   0.026651  -0.214365   0.027018  -0.010628
     30      -0.078913   0.185257   0.304396   0.021763  -0.064204   0.341570
     31       0.046105   0.277476   0.027829  -0.000219  -0.459254  -0.234618
     32      -0.021099  -0.193655  -0.017860  -0.018931   0.227330  -0.015014
     33      -0.002050  -0.125428  -0.054875  -0.022966  -0.057205  -0.425110
     34       0.090409  -0.098038  -0.188746   0.037144   0.182705   0.168710
     35      -0.133163   0.353831   0.281994  -0.042055  -0.400367  -0.045078
     36      -0.068196  -0.246747  -0.302035   0.028305  -0.155105  -0.412527
     37      -0.033265   0.173221  -0.024454  -0.015583   0.227054  -0.031187
     38       0.055853  -0.241971   0.012984  -0.003987  -0.436626   0.328872
     39       0.027971   0.184061   0.118400  -0.013429   0.020789   0.495746
     40      -0.133814  -0.336022  -0.277497  -0.041808  -0.408173   0.111794
     41       0.084055   0.065391   0.168018   0.035748   0.171924  -0.270218
                 24         25         26         27         28         29    
      0      -0.000738   0.010584  -0.004059  -0.045270   0.005239   0.034087
      1      -0.001909  -0.078473   0.029338   0.015895  -0.037686  -0.041455
      2      -0.003295   0.075804  -0.028186   0.023026   0.036199  -0.047692
      3       0.000893  -0.010921  -0.002484  -0.023842   0.004007  -0.019595
      4       0.017341   0.081290   0.017882  -0.021491  -0.029048  -0.029907
      5       0.019257  -0.078529  -0.017407  -0.018737   0.028238  -0.028218
      6      -0.008383  -0.000549   0.016714   0.162182  -0.025820   0.034099
      7      -0.060551   0.003883  -0.121227   0.001812   0.186147  -0.011190
      8      -0.061999  -0.003786   0.117102  -0.022018  -0.179727  -0.016393
      9      -0.005180  -0.008808  -0.045583   0.085760  -0.137170  -0.023469
     10      -0.016609  -0.009098   0.028963  -0.039306  -0.030705   0.000276
     11      -0.000520  -0.002204  -0.005485  -0.004538   0.105550   0.012725
     12       0.009838   0.000161  -0.003780  -0.068415  -0.002866   0.001826
     13       0.042065  -0.001132   0.026697   0.011751   0.022348  -0.000075
     14       0.039776   0.001105  -0.025711   0.021734  -0.021673  -0.000337
     15      -0.003216   0.009615   0.040406   0.079561   0.152873  -0.024626
     16       0.005414   0.003159   0.012465   0.007959  -0.086408   0.009321
     17      -0.006270   0.007925  -0.034771  -0.050331   0.007692   0.003953
     18      -0.025009  -0.124948  -0.219285  -0.102398   0.286784  -0.254653
     19      -0.021538  -0.278545  -0.042011   0.053858   0.054080   0.036161
     20      -0.024582  -0.359459   0.018352   0.177873  -0.027213   0.542017
     21      -0.024148   0.113116   0.222915  -0.118673  -0.291474  -0.317316
     22      -0.030489   0.366385   0.011655   0.160514  -0.012451   0.500339
     23      -0.021916   0.274711   0.011712   0.074728  -0.014418   0.093486
     24       0.040067  -0.183399   0.142664  -0.066140  -0.204118   0.156323
     25      -0.000767   0.275232   0.001910  -0.076039  -0.013541   0.053039
     26      -0.010278   0.387721   0.024705  -0.164402  -0.045115   0.311399
     27       0.042109   0.193319  -0.137148  -0.052182   0.196673   0.119106
     28       0.000234  -0.351600  -0.044895  -0.169580   0.073861   0.328583
     29      -0.003869  -0.313702   0.015783  -0.073665  -0.011487   0.045080
     30      -0.512759   0.001832   0.449568  -0.418961   0.365268   0.066087
     31       0.179736   0.049086  -0.052103   0.005813  -0.213384  -0.032294
     32       0.098979  -0.017010  -0.130034   0.131110   0.008003  -0.006371
     33       0.530763   0.004911   0.400709  -0.399292   0.322304   0.069338
     34      -0.161607  -0.022739  -0.064337   0.054075  -0.143578  -0.024270
     35      -0.043048   0.045975  -0.146814   0.191495   0.014389  -0.004810
     36      -0.396631  -0.011010  -0.453222  -0.426570  -0.326438   0.061063
     37       0.031587   0.017767   0.065469   0.071063  -0.064099   0.003611
     38       0.170936  -0.047504   0.117756   0.067727   0.259821  -0.040904
     39       0.387543   0.004575  -0.405723  -0.408804  -0.293149   0.065166
     40       0.006200  -0.046692   0.088793   0.132394  -0.063017   0.005338
     41      -0.168080   0.021139   0.124225   0.115236   0.184415  -0.033418
                 30         31         32         33         34         35    
      0      -0.020451  -0.000299  -0.069309   0.048023  -0.000031  -0.000149
      1       0.008487   0.002169   0.047181  -0.031987   0.000194   0.000297
      2       0.011673  -0.002077   0.058557  -0.039863  -0.000164   0.000341
      3       0.022150  -0.000292  -0.054351   0.026682  -0.000231  -0.003256
      4       0.025869   0.002199  -0.065377   0.035499   0.001087  -0.005175
      5       0.023711  -0.002125  -0.060077   0.032999  -0.001280  -0.004809
      6       0.153846   0.001953   0.133327  -0.133645  -0.000115   0.002230
      7      -0.012434  -0.014134  -0.003135   0.011461   0.001316  -0.000592
      8      -0.034602   0.013628  -0.021944   0.030745  -0.001319  -0.000854
      9      -0.088288   0.010573  -0.035746   0.030194  -0.001309   0.000036
     10      -0.001772   0.044619   0.020061   0.063133  -0.028933  -0.027907
     11       0.042441  -0.048821  -0.004172  -0.078972   0.034809   0.034977
     12       0.004764  -0.001383  -0.006225   0.009376   0.000326   0.002126
     13      -0.000927   0.010115   0.002076  -0.001448  -0.001931  -0.000116
     14      -0.001658  -0.009773   0.002990  -0.002841   0.001846  -0.000528
     15      -0.092344  -0.023122  -0.031725   0.048745   0.009404  -0.009055
     16       0.029767   0.048224  -0.009479  -0.075266  -0.032901   0.037353
     17       0.011863  -0.040899   0.024352   0.054842   0.025335  -0.027621
     18      -0.100569  -0.016866   0.108857  -0.020679   0.000788  -0.003204
     19       0.021370  -0.003322   0.008888  -0.007173  -0.002901   0.000204
     20       0.137459   0.000995  -0.300379   0.134522   0.002017   0.000726
     21      -0.114308   0.017070   0.148176  -0.039107  -0.000276  -0.003195
     22       0.121618   0.001279  -0.282422   0.130443  -0.002118   0.000400
     23       0.040638   0.000985  -0.018775   0.001469   0.002817   0.000478
     24      -0.262284   0.001892   0.192756  -0.047822   0.000758   0.010842
     25      -0.089593   0.006676   0.024902  -0.004627  -0.005863   0.081929
     26      -0.454903   0.005999   0.364637  -0.137520   0.001852  -0.029792
     27      -0.208716  -0.002086   0.143865  -0.029238   0.001445   0.025865
     28      -0.484363  -0.006168   0.387029  -0.142679  -0.003484  -0.029801
     29      -0.073347  -0.006610   0.014640  -0.004164   0.009402   0.077766
     30       0.237493  -0.089002   0.023130  -0.127004  -0.143389  -0.138206
     31      -0.180730  -0.484113  -0.317695  -0.447918  -0.103816  -0.095123
     32      -0.004919   0.086422   0.046571   0.061399  -0.506756  -0.481882
     33       0.245705   0.116272   0.124914   0.070434   0.127098   0.114991
     34      -0.101495  -0.093949  -0.081544  -0.054503   0.461839   0.424429
     35       0.065408   0.469489   0.284079   0.457449   0.097031   0.085982
     36       0.208240   0.166515  -0.027155  -0.193984   0.082228  -0.089347
     37       0.032295  -0.085400   0.056813   0.053819   0.489613  -0.524021
     38      -0.210214   0.465846  -0.314237  -0.421727   0.099734  -0.102624
     39       0.217756  -0.038546   0.073030   0.000280  -0.165790   0.169992
     40       0.100826  -0.485486   0.299163   0.461788  -0.096779   0.096451
     41      -0.130192   0.088747  -0.084868  -0.043368  -0.419132   0.433491
                 36         37         38         39         40         41    
      0       0.007394   0.032827  -0.000283  -0.000551   0.004054  -0.009066
      1      -0.008300  -0.031832  -0.000353   0.000121  -0.030154   0.067281
      2      -0.009628  -0.037415   0.000315  -0.000179   0.029172  -0.065047
      3      -0.030118   0.010245   0.000414   0.000136  -0.009206  -0.004028
      4      -0.036040   0.012687  -0.001677   0.001465   0.067365   0.029546
      5      -0.032702   0.011571   0.001980  -0.000775  -0.065286  -0.028618
      6       0.002343  -0.003616  -0.000460  -0.000863  -0.000054  -0.000013
      7      -0.000004  -0.000584  -0.000969  -0.000808   0.000466   0.000018
      8      -0.000335  -0.000092  -0.000234  -0.001145  -0.000462  -0.000011
      9       0.000586  -0.000342  -0.029374  -0.007355  -0.000755  -0.000726
     10       0.003744  -0.000814  -0.065470  -0.017098  -0.001466  -0.000158
     11      -0.003736   0.001143  -0.062071  -0.015519  -0.001961  -0.000741
     12      -0.000217   0.000080   0.000314   0.000494   0.000042   0.000003
     13       0.000163  -0.000044   0.000464   0.000944  -0.000314  -0.000024
     14       0.000201  -0.000057   0.000598   0.000806   0.000304   0.000023
     15       0.001589  -0.000589   0.006838  -0.029799   0.000683   0.000631
     16      -0.003806   0.001140   0.014985  -0.064178   0.001983   0.000815
     17       0.003471  -0.000695   0.014269  -0.064253   0.001436   0.000083
     18      -0.071233  -0.240856  -0.001712  -0.001659  -0.102962   0.228863
     19       0.179689   0.601454   0.000586   0.001967   0.251726  -0.571069
     20      -0.057565  -0.198518   0.000183   0.000678  -0.085446   0.183785
     21      -0.037307  -0.126199  -0.000500  -0.002113   0.054821  -0.121048
     22      -0.071335  -0.244340   0.000461   0.000101   0.105342  -0.228245
     23       0.184943   0.617971   0.001370   0.001767  -0.259810   0.589018
     24       0.116711  -0.034704   0.003493   0.003038  -0.114794  -0.048092
     25       0.626938  -0.184073   0.019955  -0.006222  -0.596619  -0.267106
     26      -0.215171   0.065188  -0.005145   0.002644   0.202844   0.086995
     27       0.228896  -0.067866  -0.001474   0.006777   0.223807   0.096301
     28      -0.211270   0.063926   0.005087  -0.002952  -0.200937  -0.086507
     29       0.592455  -0.173713  -0.014217   0.013629   0.570025   0.255420
     30       0.013099  -0.003469   0.161973   0.037594   0.002227   0.001622
     31       0.009964  -0.002352   0.107590   0.025524   0.001027   0.001579
     32       0.056833  -0.018099   0.612962   0.140525   0.017606   0.010978
     33      -0.015171   0.006223   0.191615   0.047198   0.002996  -0.000672
     34      -0.055809   0.014486   0.685133   0.170809   0.008320   0.002068
     35      -0.009940   0.001058   0.122501   0.030827   0.001443   0.001420
     36       0.006798  -0.001351  -0.022683   0.091506   0.000074  -0.000312
     37       0.059034  -0.018748  -0.158247   0.623037  -0.017346  -0.010888
     38       0.010788  -0.002723  -0.027411   0.111017  -0.001413  -0.001789
     39      -0.021416   0.007911  -0.063241   0.267758  -0.003943   0.000589
     40      -0.010676   0.001533  -0.030652   0.131937  -0.001650  -0.001251
     41      -0.054005   0.013441  -0.154695   0.661679  -0.007988  -0.002134
# -----------------------------------------------------------
$ THERMOCHEMISTRY_Energies
   description: The Thermochemistry energies
   geom. index: 1
   prop. index: 1
        Temperature (Kelvin)           :        298.1500000000
        Pressure (atm)                 :          1.0000000000
        Total Mass (AMU)               :         84.1180000000
        Spin Degeneracy                :          1.0000000000
        Electronic Energy (Hartree)    :       -270.6060082170
        Translational Energy (Hartree) :          0.0014162714
        Rotational Energy (Hartree)    :          0.0014162714
        Vibrational Energy (Hartree)   :          0.0024451509
        Number of frequencies          :     42      
        Scaling Factor for frequencies :          1.0000000000
        Vibrational frequencies        :     
                  0    
      0       0.000000
      1       0.000000
      2       0.000000
      3       0.000000
      4       0.000000
      5       0.000000
      6      75.457591
      7     316.543514
      8     399.903593
      9     416.923695
     10     582.255931
     11     844.426884
     12     919.062251
     13     936.166739
     14     1003.673526
     15     1027.125589
     16     1055.080309
     17     1087.774831
     18     1095.107736
     19     1120.723486
     20     1140.776590
     21     1141.932026
     22     1184.172295
     23     1214.661475
     24     1215.500304
     25     1264.464906
     26     1340.087794
     27     1377.932888
     28     1397.518105
     29     1479.743436
     30     1494.349660
     31     1537.792345
     32     1552.959385
     33     1566.461836
     34     2917.373459
     35     2927.545058
     36     2938.114591
     37     2950.964176
     38     2989.229466
     39     2990.021653
     40     3050.119203
     41     3072.951110
        Zero Point Energy (Hartree)    :          0.1221665055
        Inner Energy (Hartree)         :       -270.4785640178
        Enthalpy (Hartree)             :       -270.4776198087
        Electronic entropy             :          0.0000000000
        Rotational entropy             :          0.0123211333
        Vibrational entropy            :          0.0039276038
        Translational entropy          :          0.0123211333
        Entropy                        :          0.0348750356
        Gibbs Energy (Hartree)         :       -270.5124948444
        Is Linear                      :                 false
# -----------------------------------------------------------
$ PAL_Flags
   description: The PAL Flags
   geom. index: 2
   prop. index: 1
        Diskflag:     2
# -----------------------------------------------------------
$ SCF_Energy
   description: The SCF energy
   geom. index: 2
   prop. index: 1
        SCF Energy:     -270.5992353297
# -----------------------------------------------------------
$ DFT_Energy
   description: The DFT energy
   geom. index: 2
   prop. index: 1
   Number of Alpha Electrons                 23.0000494657 
   Number of Beta  Electrons                 23.0000494657 
   Total number of  Electrons                46.0000989313 
   Exchange energy                          -24.7643196330 
   Correlation energy                        -1.8917791217 
   Correlation energy NL                      0.0000000000 
   Exchange-Correlation energy              -26.6560987547 
   Embedding correction                       0.0000000000 
   Total DFT Energy (No VdW correction)    -270.5992353297 
# -----------------------------------------------------------
$ VdW_Correction
   description: The Van der Waals Correction
   geom. index: 2
   prop. index: 1
        Van der Waals Correction:       -0.0194876295
# -----------------------------------------------------------
$ PAL_Flags
   description: The PAL Flags
   geom. index: 3
   prop. index: 1
        Diskflag:     2
# -----------------------------------------------------------
$ SCF_Energy
   description: The SCF energy
   geom. index: 3
   prop. index: 1
        SCF Energy:     -270.6046028600
# -----------------------------------------------------------
$ DFT_Energy
   description: The DFT energy
   geom. index: 3
   prop. index: 1
   Number of Alpha Electrons                 23.0000606796 
   Number of Beta  Electrons                 23.0000606796 
   Total number of  Electrons                46.0001213591 
   Exchange energy                          -24.7647509336 
   Correlation energy                        -1.8913955567 
   Correlation energy NL                      0.0000000000 
   Exchange-Correlation energy              -26.6561464903 
   Embedding correction                       0.0000000000 
   Total DFT Energy (No VdW correction)    -270.6046028600 
# -----------------------------------------------------------
$ VdW_Correction
   description: The Van der Waals Correction
   geom. index: 3
   prop. index: 1
        Van der Waals Correction:       -0.0193663852
# -----------------------------------------------------------
$ PAL_Flags
   description: The PAL Flags
   geom. index: 4
   prop. index: 1
        Diskflag:     2
# -----------------------------------------------------------
$ SCF_Energy
   description: The SCF energy
   geom. index: 4
   prop. index: 1
        SCF Energy:     -270.6078063526
# -----------------------------------------------------------
$ DFT_Energy
   description: The DFT energy
   geom. index: 4
   prop. index: 1
   Number of Alpha Electrons                 23.0000675190 
   Number of Beta  Electrons                 23.0000675190 
   Total number of  Electrons                46.0001350379 
   Exchange energy                          -24.7645562084 
   Correlation energy                        -1.8912139851 
   Correlation energy NL                      0.0000000000 
   Exchange-Correlation energy              -26.6557701935 
   Embedding correction                       0.0000000000 
   Total DFT Energy (No VdW correction)    -270.6078063526 
# -----------------------------------------------------------
$ VdW_Correction
   description: The Van der Waals Correction
   geom. index: 4
   prop. index: 1
        Van der Waals Correction:       -0.0193041263
# -----------------------------------------------------------
$ PAL_Flags
   description: The PAL Flags
   geom. index: 5
   prop. index: 1
        Diskflag:     2
# -----------------------------------------------------------
$ SCF_Energy
   description: The SCF energy
   geom. index: 5
   prop. index: 1
        SCF Energy:     -270.6098520985
# -----------------------------------------------------------
$ DFT_Energy
   description: The DFT energy
   geom. index: 5
   prop. index: 1
   Number of Alpha Electrons                 23.0000721672 
   Number of Beta  Electrons                 23.0000721672 
   Total number of  Electrons                46.0001443345 
   Exchange energy                          -24.7653795903 
   Correlation energy                        -1.8911731961 
   Correlation energy NL                      0.0000000000 
   Exchange-Correlation energy              -26.6565527864 
   Embedding correction                       0.0000000000 
   Total DFT Energy (No VdW correction)    -270.6098520985 
# -----------------------------------------------------------
$ VdW_Correction
   description: The Van der Waals Correction
   geom. index: 5
   prop. index: 1
        Van der Waals Correction:       -0.0192675093
# -----------------------------------------------------------
$ PAL_Flags
   description: The PAL Flags
   geom. index: 6
   prop. index: 1
        Diskflag:     2
# -----------------------------------------------------------
$ SCF_Energy
   description: The SCF energy
   geom. index: 6
   prop. index: 1
        SCF Energy:     -270.6110248502
# -----------------------------------------------------------
$ DFT_Energy
   description: The DFT energy
   geom. index: 6
   prop. index: 1
   Number of Alpha Electrons                 23.0000705953 
   Number of Beta  Electrons                 23.0000705953 
   Total number of  Electrons                46.0001411906 
   Exchange energy                          -24.7656483642 
   Correlation energy                        -1.8911116531 
   Correlation energy NL                      0.0000000000 
   Exchange-Correlation energy              -26.6567600172 
   Embedding correction                       0.0000000000 
   Total DFT Energy (No VdW correction)    -270.6110248502 
# -----------------------------------------------------------
$ VdW_Correction
   description: The Van der Waals Correction
   geom. index: 6
   prop. index: 1
        Van der Waals Correction:       -0.0192380235
# -----------------------------------------------------------
$ PAL_Flags
   description: The PAL Flags
   geom. index: 7
   prop. index: 1
        Diskflag:     2
# -----------------------------------------------------------
$ SCF_Energy
   description: The SCF energy
   geom. index: 7
   prop. index: 1
        SCF Energy:     -270.6115941484
# -----------------------------------------------------------
$ DFT_Energy
   description: The DFT energy
   geom. index: 7
   prop. index: 1
   Number of Alpha Electrons                 23.0000648347 
   Number of Beta  Electrons                 23.0000648347 
   Total number of  Electrons                46.0001296694 
   Exchange energy                          -24.7655130319 
   Correlation energy                        -1.8910259881 
   Correlation energy NL                      0.0000000000 
   Exchange-Correlation energy              -26.6565390200 
   Embedding correction                       0.0000000000 
   Total DFT Energy (No VdW correction)    -270.6115941484 
# -----------------------------------------------------------
$ VdW_Correction
   description: The Van der Waals Correction
   geom. index: 7
   prop. index: 1
        Van der Waals Correction:       -0.0192122561
# -----------------------------------------------------------
$ PAL_Flags
   description: The PAL Flags
   geom. index: 8
   prop. index: 1
        Diskflag:     2
# -----------------------------------------------------------
$ SCF_Energy
   description: The SCF energy
   geom. index: 8
   prop. index: 1
        SCF Energy:     -270.6119371163
# -----------------------------------------------------------
$ DFT_Energy
   description: The DFT energy
   geom. index: 8
   prop. index: 1
   Number of Alpha Electrons                 23.0000584561 
   Number of Beta  Electrons                 23.0000584561 
   Total number of  Electrons                46.0001169123 
   Exchange energy                          -24.7652402532 
   Correlation energy                        -1.8909450365 
   Correlation energy NL                      0.0000000000 
   Exchange-Correlation energy              -26.6561852897 
   Embedding correction                       0.0000000000 
   Total DFT Energy (No VdW correction)    -270.6119371163 
# -----------------------------------------------------------
$ VdW_Correction
   description: The Van der Waals Correction
   geom. index: 8
   prop. index: 1
        Van der Waals Correction:       -0.0191926405
# -----------------------------------------------------------
$ PAL_Flags
   description: The PAL Flags
   geom. index: 9
   prop. index: 1
        Diskflag:     2
# -----------------------------------------------------------
$ SCF_Energy
   description: The SCF energy
   geom. index: 9
   prop. index: 1
        SCF Energy:     -270.6121438695
# -----------------------------------------------------------
$ DFT_Energy
   description: The DFT energy
   geom. index: 9
   prop. index: 1
   Number of Alpha Electrons                 23.0000551517 
   Number of Beta  Electrons                 23.0000551517 
   Total number of  Electrons                46.0001103033 
   Exchange energy                          -24.7653626889 
   Correlation energy                        -1.8909256478 
   Correlation energy NL                      0.0000000000 
   Exchange-Correlation energy              -26.6562883367 
   Embedding correction                       0.0000000000 
   Total DFT Energy (No VdW correction)    -270.6121438695 
# -----------------------------------------------------------
$ VdW_Correction
   description: The Van der Waals Correction
   geom. index: 9
   prop. index: 1
        Van der Waals Correction:       -0.0191853065
# -----------------------------------------------------------
$ PAL_Flags
   description: The PAL Flags
   geom. index: 10
   prop. index: 1
        Diskflag:     2
# -----------------------------------------------------------
$ SCF_Energy
   description: The SCF energy
   geom. index: 10
   prop. index: 1
        SCF Energy:     -270.6122489281
# -----------------------------------------------------------
$ DFT_Energy
   description: The DFT energy
   geom. index: 10
   prop. index: 1
   Number of Alpha Electrons                 23.0000553164 
   Number of Beta  Electrons                 23.0000553164 
   Total number of  Electrons                46.0001106327 
   Exchange energy                          -24.7653399698 
   Correlation energy                        -1.8909008188 
   Correlation energy NL                      0.0000000000 
   Exchange-Correlation energy              -26.6562407886 
   Embedding correction                       0.0000000000 
   Total DFT Energy (No VdW correction)    -270.6122489281 
# -----------------------------------------------------------
$ VdW_Correction
   description: The Van der Waals Correction
   geom. index: 10
   prop. index: 1
        Van der Waals Correction:       -0.0191793724
# -----------------------------------------------------------
$ PAL_Flags
   description: The PAL Flags
   geom. index: 11
   prop. index: 1
        Diskflag:     2
# -----------------------------------------------------------
$ SCF_Energy
   description: The SCF energy
   geom. index: 11
   prop. index: 1
        SCF Energy:     -270.6122483388
# -----------------------------------------------------------
$ DFT_Energy
   description: The DFT energy
   geom. index: 11
   prop. index: 1
   Number of Alpha Electrons                 23.0000503040 
   Number of Beta  Electrons                 23.0000503040 
   Total number of  Electrons                46.0001006080 
   Exchange energy                          -24.7656945015 
   Correlation energy                        -1.8909381031 
   Correlation energy NL                      0.0000000000 
   Exchange-Correlation energy              -26.6566326046 
   Embedding correction                       0.0000000000 
   Total DFT Energy (No VdW correction)    -270.6122483388 
# -----------------------------------------------------------
$ VdW_Correction
   description: The Van der Waals Correction
   geom. index: 11
   prop. index: 1
        Van der Waals Correction:       -0.0191838948
# -----------------------------------------------------------
$ PAL_Flags
   description: The PAL Flags
   geom. index: 12
   prop. index: 1
        Diskflag:     2
# -----------------------------------------------------------
$ SCF_Energy
   description: The SCF energy
   geom. index: 12
   prop. index: 1
        SCF Energy:     -270.6122648441
# -----------------------------------------------------------
$ DFT_Energy
   description: The DFT energy
   geom. index: 12
   prop. index: 1
   Number of Alpha Electrons                 23.0000509501 
   Number of Beta  Electrons                 23.0000509501 
   Total number of  Electrons                46.0001019002 
   Exchange energy                          -24.7654912242 
   Correlation energy                        -1.8909121712 
   Correlation energy NL                      0.0000000000 
   Exchange-Correlation energy              -26.6564033955 
   Embedding correction                       0.0000000000 
   Total DFT Energy (No VdW correction)    -270.6122648441 
# -----------------------------------------------------------
$ VdW_Correction
   description: The Van der Waals Correction
   geom. index: 12
   prop. index: 1
        Van der Waals Correction:       -0.0191797664
# -----------------------------------------------------------
$ PAL_Flags
   description: The PAL Flags
   geom. index: 13
   prop. index: 1
        Diskflag:     2
# -----------------------------------------------------------
$ SCF_Energy
   description: The SCF energy
   geom. index: 13
   prop. index: 1
        SCF Energy:     -270.6122664793
# -----------------------------------------------------------
$ DFT_Energy
   description: The DFT energy
   geom. index: 13
   prop. index: 1
   Number of Alpha Electrons                 23.0000514394 
   Number of Beta  Electrons                 23.0000514394 
   Total number of  Electrons                46.0001028787 
   Exchange energy                          -24.7655083996 
   Correlation energy                        -1.8909137637 
   Correlation energy NL                      0.0000000000 
   Exchange-Correlation energy              -26.6564221633 
   Embedding correction                       0.0000000000 
   Total DFT Energy (No VdW correction)    -270.6122664793 
# -----------------------------------------------------------
$ Mayer_Pop
   description: The Mayer population analysis
   geom. index: 13
   prop. index: 1
     Number of atoms                     : 14
     Threshold for printing              : 0.1000000
     Number of bond orders printed       : 15
  NA   - Mulliken gross atomic population
  ZA   - Total nuclear charge
  QA   - Mulliken gross atomic charge
  VA   - Mayer's total valence
  BVA  - Mayer's bonded valence
  FA   - Mayer's free valence
  ATOM       NA         ZA         QA         VA         BVA        FA
  0   0     6.3670     6.0000    -0.3670     3.8314     3.8314    -0.0000
  1   0     6.3689     6.0000    -0.3689     3.8348     3.8348     0.0000
  2   0     5.9203     6.0000     0.0797     3.4039     3.4039    -0.0000
  3   0     6.1013     6.0000    -0.1013     3.7879     3.7879     0.0000
  4   0     8.3899     8.0000    -0.3899     1.5829     1.5829    -0.0000
  5   0     6.1014     6.0000    -0.1014     3.7883     3.7883     0.0000
  6   0     0.8355     1.0000     0.1645     0.9617     0.9617     0.0000
  7   0     0.8356     1.0000     0.1644     0.9618     0.9618     0.0000
  8   0     0.8356     1.0000     0.1644     0.9620     0.9620    -0.0000
  9   0     0.8357     1.0000     0.1643     0.9620     0.9620    -0.0000
 10   0     0.8519     1.0000     0.1481     0.9042     0.9042     0.0000
 11   0     0.8525     1.0000     0.1475     0.9057     0.9057     0.0000
 12   0     0.8519     1.0000     0.1481     0.9042     0.9042    -0.0000
 13   0     0.8524     1.0000     0.1476     0.9056     0.9056     0.0000
      Bond orders larger than 0.1000000
           Atom A     A.N. of A          Atom B    A.N. of B              Bond order
                0             6               1            6                0.916615
                0             6               2            6                0.885715
                0             6               6            1                0.946242
                0             6               7            1                0.946295
                1             6               2            6                0.885654
                1             6               8            1                0.946466
                1             6               9            1                0.946812
                2             6               3            6                0.874262
                2             6               5            6                0.875641
                3             6               4            8                0.839497
                3             6              10            1                0.969971
                3             6              11            1                0.971472
                4             8               5            6                0.839415
                5             6              12            1                0.969883
                5             6              13            1                0.971181
# -----------------------------------------------------------
$ VdW_Correction
   description: The Van der Waals Correction
   geom. index: 13
   prop. index: 1
        Van der Waals Correction:       -0.0191802340
# -----------------------------------------------------------
$ SCF_Electric_Properties
   description: The SCF Calculated Electric Properties
   geom. index: 13
   prop. index: 1
       Filename                          : file.scfp 
       Do Dipole Moment Calculation      : true 
       Do Quadrupole Moment Calculation  : false 
       Do Polarizability Calculation     : false 
** Dipole moment part of electric properties **
        Magnitude of dipole moment (Debye) :        2.1988262044
        Electronic Contribution:
                  0    
      0      -3.080635
      1      -0.078384
      2       0.348405
        Nuclear Contribution:
                  0    
      0       3.940223
      1       0.104246
      2      -0.442113
        Total Dipole moment:
                  0    
      0       0.859588
      1       0.025862
      2      -0.093708
# -------------------------------------------------------------
----------------------- !GEOMETRIES! ------------------------
# -------------------------------------------------------------
------------------------ !GEOMETRY! -------------------------
    Number of atoms:    14 
    Geometry Index:     1 
    Coordinates:
               0 C      1.336400000000   -0.497800000000   -0.702200000000
               1 C      1.155100000000    0.538900000000    0.396200000000
               2 C     -0.053900000000   -0.191400000000   -0.190500000000
               3 C     -0.966500000000   -0.759800000000    0.834700000000
               4 O     -1.996300000000    0.127600000000    0.411400000000
               5 C     -1.165400000000    0.711200000000   -0.586800000000
               6 H      1.718100000000   -1.484700000000   -0.366100000000
               7 H      1.529200000000   -0.087700000000   -1.715700000000
               8 H      1.356300000000    1.568300000000    0.028900000000
               9 H      1.544300000000    0.177700000000    1.372400000000
              10 H     -0.679000000000   -0.566400000000    1.892000000000
              11 H     -1.234300000000   -1.816700000000    0.620400000000
              12 H     -0.998000000000    1.793000000000   -0.388100000000
              13 H     -1.545900000000    0.487800000000   -1.606500000000
------------------------ !GEOMETRY! -------------------------
    Number of atoms:    14 
    Geometry Index:     2 
    Coordinates:
               0 C      1.345593279386   -0.491593223101   -0.697111930923
               1 C      1.190326343804    0.540651223739    0.393079896770
               2 C     -0.028428275287   -0.176012209849   -0.178008731442
               3 C     -0.976818251309   -0.778420450175    0.841133824315
               4 O     -2.010640601174    0.134989841981    0.420810487226
               5 C     -1.178558326402    0.716503104672   -0.603485390264
               6 H      1.732817250453   -1.465459827206   -0.399222683071
               7 H      1.550255542805   -0.118737378896   -1.700204564627
               8 H      1.386615663420    1.560636366869    0.063359816620
               9 H      1.568856171172    0.216465866937    1.362209735375
              10 H     -0.697187384705   -0.617656919462    1.890403741787
              11 H     -1.273000279272   -1.820450990638    0.647317589241
              12 H     -1.022283247213    1.790097318816   -0.436290251009
              13 H     -1.587447885678    0.508987276313   -1.603891539996
------------------------ !GEOMETRY! -------------------------
    Number of atoms:    14 
    Geometry Index:     3 
    Coordinates:
               0 C      1.338947718457   -0.489261897475   -0.693825823082
               1 C      1.215308266636    0.544901824794    0.394047967831
               2 C     -0.014110743023   -0.150583450643   -0.153619979860
               3 C     -0.981562125664   -0.783118807024    0.839343871719
               4 O     -2.011551097647    0.148055168703    0.434324373008
               5 C     -1.183419291421    0.714142383990   -0.607625536992
               6 H      1.731867233670   -1.466616901164   -0.424179328798
               7 H      1.552075072391   -0.143459197457   -1.702438970920
               8 H      1.407344141407    1.571168882104    0.090430144719
               9 H      1.587487549719    0.245688613634    1.370930089703
              10 H     -0.707648248602   -0.660350988474    1.893313704920
              11 H     -1.292117202009   -1.817242026137    0.635243162216
              12 H     -1.038685956795    1.792545750356   -0.477101894176
              13 H     -1.603835317119    0.494130644793   -1.598741780289
------------------------ !GEOMETRY! -------------------------
    Number of atoms:    14 
    Geometry Index:     4 
    Coordinates:
               0 C      1.325704412692   -0.489408171762   -0.692190033937
               1 C      1.239439340534    0.550984741599    0.397011090269
               2 C     -0.004102097652   -0.120892893432   -0.124316701022
               3 C     -0.983990612797   -0.781426534194    0.837815222630
               4 O     -2.010063472997    0.161858927391    0.448356023896
               5 C     -1.185342911367    0.712229159563   -0.605795831104
               6 H      1.717691206446   -1.471910043223   -0.438821060260
               7 H      1.539158515690   -0.159778674862   -1.706555383045
               8 H      1.429448155806    1.582115219705    0.107793858837
               9 H      1.608625452678    0.265163327903    1.379396064816
              10 H     -0.724052609737   -0.697261153880    1.899425031755
              11 H     -1.292805396160   -1.809528793552    0.601897533533
              12 H     -1.060719331906    1.797234337239   -0.511383936847
              13 H     -1.598890651229    0.460620551504   -1.592531879522
------------------------ !GEOMETRY! -------------------------
    Number of atoms:    14 
    Geometry Index:     5 
    Coordinates:
               0 C      1.308902170855   -0.489976980148   -0.690464122128
               1 C      1.265066586387    0.557618452707    0.400271054565
               2 C      0.004388587461   -0.089227511151   -0.092841541727
               3 C     -0.985855139364   -0.776921665120    0.837389468718
               4 O     -2.011953898091    0.170222375209    0.457284452826
               5 C     -1.186597264732    0.711475367763   -0.601189306979
               6 H      1.694714605767   -1.477043414684   -0.445196269102
               7 H      1.516727946020   -0.169293972309   -1.708927209325
               8 H      1.457696092089    1.589832043846    0.116377754704
               9 H      1.636289280370    0.276836279409    1.383451680608
              10 H     -0.749494886081   -0.727965996961    1.906809403592
              11 H     -1.279528646711   -1.799460840121    0.561486308211
              12 H     -1.091033439847    1.801821423701   -0.538264293177
              13 H     -1.579221994123    0.422084437859   -1.586087380786
------------------------ !GEOMETRY! -------------------------
    Number of atoms:    14 
    Geometry Index:     6 
    Coordinates:
               0 C      1.290340404012   -0.490731203934   -0.688712600425
               1 C      1.290707729676    0.563195843325    0.402475160217
               2 C      0.011603497102   -0.057859459775   -0.061495405369
               3 C     -0.987931252430   -0.771730080963    0.838585262972
               4 O     -2.021788673591    0.163946038884    0.452159231388
               5 C     -1.188173663698    0.712258306930   -0.595810994578
               6 H      1.666776620794   -1.482337366919   -0.447103140610
               7 H      1.488847209726   -0.175037956350   -1.710612312007
               8 H      1.491041479363    1.593688844793    0.117338635591
               9 H      1.669360267600    0.281756836837    1.382729361760
              10 H     -0.783326343979   -0.744510700302    1.915438754103
              11 H     -1.252157937447   -1.792706778075    0.529535229434
              12 H     -1.127810270383    1.806096358812   -0.549989981196
              13 H     -1.547389066743    0.393971316738   -1.584437201281
------------------------ !GEOMETRY! -------------------------
    Number of atoms:    14 
    Geometry Index:     7 
    Coordinates:
               0 C      1.273829639640   -0.492371020042   -0.688247507655
               1 C      1.310533826063    0.564864842845    0.401541611453
               2 C      0.015231158990   -0.034505684061   -0.037856049810
               3 C     -0.989717075746   -0.768403330305    0.841652502224
               4 O     -2.040764798786    0.132851817918    0.422569767175
               5 C     -1.189857108526    0.714869213439   -0.592269115317
               6 H      1.640463133086   -1.488127158977   -0.448737393235
               7 H      1.462327993201   -0.179950288405   -1.713019401228
               8 H      1.520458001653    1.592317991727    0.112428086080
               9 H      1.698697179569    0.280480535644    1.377194580906
              10 H     -0.819060920088   -0.732096801835    1.924411396897
              11 H     -1.211561536813   -1.797781667855    0.528291686181
              12 H     -1.162432823533    1.809629427091   -0.532824010230
              13 H     -1.508046668711    0.398222122815   -1.595036153443
------------------------ !GEOMETRY! -------------------------
    Number of atoms:    14 
    Geometry Index:     8 
    Coordinates:
               0 C      1.260622600098   -0.494253732692   -0.688568459379
               1 C      1.323841237138    0.563325281767    0.398269200817
               2 C      0.014756761737   -0.019557345042   -0.022253112143
               3 C     -0.990803671991   -0.767859072081    0.845318350538
               4 O     -2.058274436014    0.091432720739    0.382019003883
               5 C     -1.191216398993    0.718133035627   -0.591598182218
               6 H      1.619169063852   -1.493327183278   -0.450626238848
               7 H      1.440639245451   -0.183995803607   -1.715529199002
               8 H      1.542134692813    1.587853907717    0.105073923987
               9 H      1.720356748255    0.275713366253    1.369584226701
              10 H     -0.851922686083   -0.703236542363    1.931470168464
              11 H     -1.167972530715   -1.810875654242    0.549954927502
              12 H     -1.191635521772    1.811165035368   -0.499955673031
              13 H     -1.469595103774    0.425481985833   -1.613058937272
------------------------ !GEOMETRY! -------------------------
    Number of atoms:    14 
    Geometry Index:     9 
    Coordinates:
               0 C      1.251378993209   -0.496613937097   -0.689880083431
               1 C      1.330797846303    0.560193785290    0.394227628821
               2 C      0.012766486775   -0.011891415627   -0.013943786697
               3 C     -0.990846445413   -0.768488752424    0.848170161282
               4 O     -2.072723538140    0.042760223372    0.333625548598
               5 C     -1.191649825059    0.720787144972   -0.592198563683
               6 H      1.603268717760   -1.498381402665   -0.453141235343
               7 H      1.424330122230   -0.187786151973   -1.718530899983
               8 H      1.556224429729    1.582015825786    0.096829891646
               9 H      1.734388726727    0.269162776150    1.361655727826
              10 H     -0.879859862925   -0.661729054605    1.934516099316
              11 H     -1.127668453953   -1.826120239863    0.586332231555
              12 H     -1.213703559199    1.809172875655   -0.455470818083
              13 H     -1.436603638044    0.466918323030   -1.632091901823
------------------------ !GEOMETRY! -------------------------
    Number of atoms:    14 
    Geometry Index:     10 
    Coordinates:
               0 C      1.241805784358   -0.499174747012   -0.691310028827
               1 C      1.338632886496    0.556878084214    0.389865601084
               2 C      0.010777166230   -0.003823097852   -0.005369493898
               3 C     -0.990666146943   -0.769000388688    0.850541078129
               4 O     -2.082274363742   -0.004798886167    0.285999744381
               5 C     -1.192046830698    0.723061054085   -0.592707518290
               6 H      1.587509463770   -1.503401650968   -0.455994982321
               7 H      1.408560065491   -0.192047391898   -1.721449516656
               8 H      1.570892364441    1.576068481777    0.089018442605
               9 H      1.748551796879    0.263090458299    1.353698985054
              10 H     -0.910968014394   -0.621683634252    1.935009299782
              11 H     -1.087675179013   -1.838824802737    0.623549454573
              12 H     -1.238941809883    1.804391162494   -0.412227829127
              13 H     -1.404057182991    0.509265358706   -1.648523236487
------------------------ !GEOMETRY! -------------------------
    Number of atoms:    14 
    Geometry Index:     11 
    Coordinates:
               0 C      1.236406075584   -0.503313061055   -0.694733363207
               1 C      1.342821116472    0.553567504413    0.385847957158
               2 C      0.012353358803   -0.000889820287   -0.002749823004
               3 C     -0.990140718974   -0.767158452664    0.851136109667
               4 O     -2.089235742638   -0.058867920867    0.231361829093
               5 C     -1.191668542757    0.723765650923   -0.590940042601
               6 H      1.576314007931   -1.509927870861   -0.460896146599
               7 H      1.397849111281   -0.198407220619   -1.726434691537
               8 H      1.579901605043    1.571062751433    0.082650066937
               9 H      1.756970023242    0.258255790037    1.347519792468
              10 H     -0.938332189749   -0.572868548070    1.930577782968
              11 H     -1.055089207635   -1.846792357028    0.666164117193
              12 H     -1.258747663362    1.795197828010   -0.360393480241
              13 H     -1.379301233242    0.556375726636   -1.659010108294
------------------------ !GEOMETRY! -------------------------
    Number of atoms:    14 
    Geometry Index:     12 
    Coordinates:
               0 C      1.233323000782   -0.503212416436   -0.694188003971
               1 C      1.346044236955    0.553408396980    0.385229080751
               2 C      0.011557018604    0.002855048016    0.001121123448
               3 C     -0.990092266339   -0.767714725746    0.851861982240
               4 O     -2.088235670574   -0.057882822720    0.232251868291
               5 C     -1.191895188616    0.724538183470   -0.591508665109
               6 H      1.572709236615   -1.509911970238   -0.460213091969
               7 H      1.394473418261   -0.198318327664   -1.725885394868
               8 H      1.584091048804    1.570466784371    0.081648811768
               9 H      1.760897699380    0.257858116743    1.346414231939
              10 H     -0.944626305479   -0.576037058312    1.931747625621
              11 H     -1.048996911978   -1.847635744275    0.664914223028
              12 H     -1.265690924538    1.795555054375   -0.362540376541
              13 H     -1.373458391876    0.556031481436   -1.660753414627
------------------------ !GEOMETRY! -------------------------
    Number of atoms:    14 
    Geometry Index:     13 
    Coordinates:
               0 C      1.234239387267   -0.503051406955   -0.694095372115
               1 C      1.345153538079    0.553661843377    0.385573008688
               2 C      0.011622614110    0.001933362357    0.000141195128
               3 C     -0.990050581870   -0.767717234068    0.851711570030
               4 O     -2.088037425180   -0.053919890920    0.236245433195
               5 C     -1.191814898170    0.724438831302   -0.591495039092
               6 H      1.574209622598   -1.509522154739   -0.459968940527
               7 H      1.396041123400   -0.198063951943   -1.725671464790
               8 H      1.582462949488    1.571009148641    0.082330719105
               9 H      1.759339447676    0.258470365985    1.347174490157
              10 H     -0.941330034487   -0.579219314414    1.932028870631
              11 H     -1.052435950375   -1.846896983709    0.661730619423
              12 H     -1.262930469731    1.796367938159   -0.365941261483
              13 H     -1.376369322805    0.552509446926   -1.659663828349
