    39
     1   -2.235933   -3.215739    1.856248      1
     2    2.113336   -2.878421   -2.046515      1
     3   -2.157144   -1.191515    1.732860      1
     4   -2.302223   -0.419099    3.606460      1
     5    2.231969   -2.041730   -0.381648      1
     6   -5.249935   -1.326764   -1.130042      1
     7   -3.949430   -0.025423   -0.275706      1
     8    0.158541   -0.276552    0.214294      1
     9    5.819352   -0.493949    0.791074      1
    10   -1.470278   -0.431432   -3.631281      1
    11    4.112274    0.021973   -0.180810      1
    12    2.338681    1.391998    3.304063      1
    13   -4.996525    1.582483    0.382260      1
    14   -1.624088    0.665731   -1.925832      1
    15    2.134789    1.578644    1.294342      1
    16    4.594454    0.882337   -1.965670      1
    17   -1.434141    2.630440   -2.408287      1
    18    1.920168    3.533765    0.802728      1
    19   -2.208525   -2.471910    1.803887      2
    20    2.140718   -2.666713   -1.646476      2
    21   -2.247799   -0.700336    2.908898      2
    22   -3.099827   -0.626528    0.766163      2
    23   -4.764109   -0.847708   -0.815035      2
    24   -0.965454   -0.757992    1.020183      2
    25    0.969651   -1.010682   -0.062479      2
    26   -1.890175   -0.206900   -0.070133      3
    27    3.365649   -0.839532   -0.302409      2
    28    2.156149   -0.132945    0.223313      3
    29    5.194418   -0.305528    0.437023      2
    30   -2.829067    0.341546   -1.140516      2
    31   -0.674100    0.210260   -0.893508      2
    32   -4.603155    0.989653    0.140354      2
    33   -1.526672   -0.029781   -2.992535      2
    34    1.095704    0.694908    0.780256      2
    35    2.263916    1.456045    2.563980      2
    36    3.165540    0.853593    0.576799      2
    37    4.410494    0.562902   -1.310511      2
    38   -1.503802    1.902877   -2.224141      2
    39    1.998547    2.808344    0.980368      2
