-------------------------------------------------------------
----------------------- !PROPERTIES! ------------------------
-------------------------------------------------------------
# -----------------------------------------------------------
$ PAL_Flags
   description: The PAL Flags
   geom. index: 1
   prop. index: 1
        Diskflag:     2
# -----------------------------------------------------------
$ SCF_Energy
   description: The SCF energy
   geom. index: 1
   prop. index: 1
        SCF Energy:     -290.0818679574
# -----------------------------------------------------------
$ DFT_Energy
   description: The DFT energy
   geom. index: 1
   prop. index: 1
   Number of Alpha Electrons                 27.0000370630 
   Number of Beta  Electrons                 27.0000370630 
   Total number of  Electrons                54.0000741260 
   Exchange energy                          -27.6136671353 
   Correlation energy                        -2.1938986506 
   Correlation energy NL                      0.0000000000 
   Exchange-Correlation energy              -29.8075657859 
   Embedding correction                       0.0000000000 
   Total DFT Energy (No VdW correction)    -290.0818679574 
# -----------------------------------------------------------
$ Mayer_Pop
   description: The Mayer population analysis
   geom. index: 1
   prop. index: 1
     Number of atoms                     : 18
     Threshold for printing              : 0.1000000
     Number of bond orders printed       : 22
  NA   - Mulliken gross atomic population
  ZA   - Total nuclear charge
  QA   - Mulliken gross atomic charge
  VA   - Mayer's total valence
  BVA  - Mayer's bonded valence
  FA   - Mayer's free valence
  ATOM       NA         ZA         QA         VA         BVA        FA
  0   0     6.2832     6.0000    -0.2832     3.7415     3.7415    -0.0000
  1   0     6.4976     6.0000    -0.4976     3.8944     3.8944    -0.0000
  2   0     5.8909     6.0000     0.1091     3.9039     3.9039    -0.0000
  3   0     6.3558     6.0000    -0.3558     3.5504     3.5504    -0.0000
  4   0     6.2493     6.0000    -0.2493     3.5385     3.5385    -0.0000
  5   0     6.2365     6.0000    -0.2365     3.7354     3.7354    -0.0000
  6   0     7.3138     7.0000    -0.3138     2.6949     2.6949    -0.0000
  7   0     0.8510     1.0000     0.1490     0.9540     0.9540    -0.0000
  8   0     0.8534     1.0000     0.1466     0.9622     0.9622    -0.0000
  9   0     0.8435     1.0000     0.1565     0.9487     0.9487    -0.0000
 10   0     0.8520     1.0000     0.1480     0.9570     0.9570    -0.0000
 11   0     0.8532     1.0000     0.1468     0.9602     0.9602    -0.0000
 12   0     0.8231     1.0000     0.1769     0.9539     0.9539    -0.0000
 13   0     0.8238     1.0000     0.1762     0.9332     0.9332    -0.0000
 14   0     0.8510     1.0000     0.1490     0.9578     0.9578     0.0000
 15   0     0.8634     1.0000     0.1366     0.9469     0.9469    -0.0000
 16   0     0.8431     1.0000     0.1569     0.9189     0.9189    -0.0000
 17   0     0.7153     1.0000     0.2847     0.8619     0.8619    -0.0000
      Bond orders larger than 0.1000000
           Atom A     A.N. of A          Atom B    A.N. of B              Bond order
                0             6               1            6                0.985348
                0             6               2            6               -0.184975
                0             6               3            6                0.979854
                0             6               7            1                0.975390
                0             6               8            1                0.968032
                1             6               2            6                0.866820
                1             6               9            1                0.970328
                1             6              10            1                0.956033
                2             6               3            6                0.877703
                2             6               4            6                0.874635
                2             6               6            7                1.478858
                3             6               6            7               -0.354804
                3             6              11            1                0.967858
                3             6              12            1                0.962251
                4             6               5            6                0.879158
                4             6               6            7               -0.220962
                4             6              13            1                0.987989
                4             6              14            1                0.977837
                5             6               6            7                0.905721
                5             6              15            1                0.965430
                5             6              16            1                0.976278
                6             7              17            1                0.878634
# -----------------------------------------------------------
$ VdW_Correction
   description: The Van der Waals Correction
   geom. index: 1
   prop. index: 1
        Van der Waals Correction:       -0.0286455447
# -----------------------------------------------------------
$ Hessian
   description: Details about the Hessian
   geom. index: 1
   prop. index: 1
Normal modes:
Number of Rows: 54 Number of Columns: 54
                  0          1          2          3          4          5    
      0       0.000000   0.000000   0.000000   0.000000   0.000000   0.000000
      1       0.000000   0.000000   0.000000   0.000000   0.000000   0.000000
      2       0.000000   0.000000   0.000000   0.000000   0.000000   0.000000
      3       0.000000   0.000000   0.000000   0.000000   0.000000   0.000000
      4       0.000000   0.000000   0.000000   0.000000   0.000000   0.000000
      5       0.000000   0.000000   0.000000   0.000000   0.000000   0.000000
      6       0.000000   0.000000   0.000000   0.000000   0.000000   0.000000
      7       0.000000   0.000000   0.000000   0.000000   0.000000   0.000000
      8       0.000000   0.000000   0.000000   0.000000   0.000000   0.000000
      9       0.000000   0.000000   0.000000   0.000000   0.000000   0.000000
     10       0.000000   0.000000   0.000000   0.000000   0.000000   0.000000
     11       0.000000   0.000000   0.000000   0.000000   0.000000   0.000000
     12       0.000000   0.000000   0.000000   0.000000   0.000000   0.000000
     13       0.000000   0.000000   0.000000   0.000000   0.000000   0.000000
     14       0.000000   0.000000   0.000000   0.000000   0.000000   0.000000
     15       0.000000   0.000000   0.000000   0.000000   0.000000   0.000000
     16       0.000000   0.000000   0.000000   0.000000   0.000000   0.000000
     17       0.000000   0.000000   0.000000   0.000000   0.000000   0.000000
     18       0.000000   0.000000   0.000000   0.000000   0.000000   0.000000
     19       0.000000   0.000000   0.000000   0.000000   0.000000   0.000000
     20       0.000000   0.000000   0.000000   0.000000   0.000000   0.000000
     21       0.000000   0.000000   0.000000   0.000000   0.000000   0.000000
     22       0.000000   0.000000   0.000000   0.000000   0.000000   0.000000
     23       0.000000   0.000000   0.000000   0.000000   0.000000   0.000000
     24       0.000000   0.000000   0.000000   0.000000   0.000000   0.000000
     25       0.000000   0.000000   0.000000   0.000000   0.000000   0.000000
     26       0.000000   0.000000   0.000000   0.000000   0.000000   0.000000
     27       0.000000   0.000000   0.000000   0.000000   0.000000   0.000000
     28       0.000000   0.000000   0.000000   0.000000   0.000000   0.000000
     29       0.000000   0.000000   0.000000   0.000000   0.000000   0.000000
     30       0.000000   0.000000   0.000000   0.000000   0.000000   0.000000
     31       0.000000   0.000000   0.000000   0.000000   0.000000   0.000000
     32       0.000000   0.000000   0.000000   0.000000   0.000000   0.000000
     33       0.000000   0.000000   0.000000   0.000000   0.000000   0.000000
     34       0.000000   0.000000   0.000000   0.000000   0.000000   0.000000
     35       0.000000   0.000000   0.000000   0.000000   0.000000   0.000000
     36       0.000000   0.000000   0.000000   0.000000   0.000000   0.000000
     37       0.000000   0.000000   0.000000   0.000000   0.000000   0.000000
     38       0.000000   0.000000   0.000000   0.000000   0.000000   0.000000
     39       0.000000   0.000000   0.000000   0.000000   0.000000   0.000000
     40       0.000000   0.000000   0.000000   0.000000   0.000000   0.000000
     41       0.000000   0.000000   0.000000   0.000000   0.000000   0.000000
     42       0.000000   0.000000   0.000000   0.000000   0.000000   0.000000
     43       0.000000   0.000000   0.000000   0.000000   0.000000   0.000000
     44       0.000000   0.000000   0.000000   0.000000   0.000000   0.000000
     45       0.000000   0.000000   0.000000   0.000000   0.000000   0.000000
     46       0.000000   0.000000   0.000000   0.000000   0.000000   0.000000
     47       0.000000   0.000000   0.000000   0.000000   0.000000   0.000000
     48       0.000000   0.000000   0.000000   0.000000   0.000000   0.000000
     49       0.000000   0.000000   0.000000   0.000000   0.000000   0.000000
     50       0.000000   0.000000   0.000000   0.000000   0.000000   0.000000
     51       0.000000   0.000000   0.000000   0.000000   0.000000   0.000000
     52       0.000000   0.000000   0.000000   0.000000   0.000000   0.000000
     53       0.000000   0.000000   0.000000   0.000000   0.000000   0.000000
                  6          7          8          9         10         11    
      0       0.012749   0.004016   0.001208   0.004807  -0.006130   0.273891
      1      -0.180684  -0.091905  -0.008279   0.013619  -0.030370   0.005439
      2      -0.043294  -0.115352   0.011890   0.028582   0.044486   0.007935
      3      -0.050271   0.059472  -0.016223  -0.038438  -0.139468   0.203832
      4       0.072461   0.051585  -0.147031   0.088950   0.055441   0.035939
      5       0.031565   0.037188  -0.095070   0.013789  -0.097327  -0.061253
      6       0.002177  -0.003382   0.000946   0.009206   0.001028  -0.012625
      7       0.098604   0.010912   0.038505  -0.126583   0.128127   0.008950
      8      -0.015790   0.090573  -0.020298  -0.122302  -0.127990   0.003307
      9       0.052592  -0.071813   0.019505   0.038303   0.136050   0.195010
     10       0.074971   0.058437   0.130115   0.118217  -0.000927  -0.039054
     11       0.033715   0.034491   0.051965   0.032971  -0.120812   0.071813
     12       0.074639   0.048177   0.012292  -0.135071   0.036179  -0.194494
     13       0.030175  -0.033003  -0.075120  -0.090704  -0.011319   0.064875
     14      -0.043112   0.063119   0.174838  -0.000994   0.073800   0.028342
     15      -0.020591   0.018365  -0.001111   0.003446   0.004541  -0.257550
     16      -0.122181   0.047069  -0.014119   0.043570  -0.019660   0.007886
     17       0.094187  -0.178686  -0.010474   0.035537   0.014002  -0.020425
     18      -0.074322  -0.047400  -0.016348   0.118766  -0.041836  -0.199906
     19       0.039199  -0.037872   0.082139  -0.089565  -0.062749  -0.077741
     20      -0.065383   0.090974  -0.120419  -0.029484   0.175362  -0.025077
     21      -0.196363  -0.158547   0.027078  -0.149791   0.037827   0.282249
     22      -0.329877  -0.179138   0.054451  -0.093122  -0.053454   0.009323
     23      -0.092068  -0.210125  -0.069120  -0.015621   0.162891   0.010419
     24       0.236471   0.179454  -0.026228   0.169780  -0.059029   0.265874
     25      -0.314378  -0.171270  -0.056179  -0.094444  -0.030298   0.014408
     26      -0.077115  -0.189805   0.136051   0.019708   0.110598   0.005109
     27      -0.185251   0.013543  -0.062306   0.051235  -0.256214   0.228376
     28       0.082183   0.061305  -0.173427   0.118667   0.051430   0.031417
     29       0.183642   0.156936  -0.354787   0.284657  -0.106808  -0.067189
     30       0.026360   0.166775   0.010479  -0.192017  -0.201015   0.240758
     31       0.213025   0.165109  -0.379044   0.324530   0.048767   0.000406
     32      -0.041125  -0.020394   0.030376  -0.117048  -0.096186  -0.036309
     33      -0.027746  -0.179654   0.039201   0.190410   0.169019   0.208232
     34       0.206777   0.170557   0.278559   0.385219  -0.142019  -0.053438
     35      -0.044676  -0.034365  -0.029362  -0.104789  -0.041081   0.075334
     36       0.177038  -0.038097   0.013325  -0.091844   0.306776   0.250748
     37       0.094358   0.072971   0.146615   0.145428  -0.010809  -0.038283
     38       0.183622   0.167484   0.217379   0.328731  -0.277372   0.015403
     39       0.039700   0.167848  -0.030945  -0.265382  -0.081269  -0.223662
     40       0.135966  -0.173701  -0.324680  -0.175416  -0.234721   0.006970
     41      -0.055564   0.081701   0.202323   0.004963   0.097345   0.029012
     42       0.197013  -0.037690   0.075458  -0.169037   0.199127  -0.222006
     43      -0.031085   0.041910   0.051888  -0.040466   0.098486   0.073363
     44      -0.130840   0.178563   0.395989   0.080599   0.283560   0.047481
     45       0.144285  -0.203191  -0.031398  -0.022330  -0.165806  -0.283633
     46      -0.230855   0.110876   0.101122   0.149030   0.022461   0.011930
     47       0.190067  -0.345912   0.016108   0.062067  -0.119284  -0.036783
     48      -0.212818   0.265372   0.033449   0.039204   0.197050  -0.242169
     49      -0.205787   0.092952  -0.131446   0.097438   0.039063   0.027610
     50       0.171344  -0.313066  -0.099840   0.041632  -0.078360  -0.023584
     51      -0.015446  -0.170542  -0.018949   0.192463   0.051201  -0.206131
     52       0.152575  -0.178815   0.195501  -0.133140  -0.362235  -0.004751
     53      -0.061154   0.083042  -0.116476  -0.027236   0.175969  -0.024552
                 12         13         14         15         16         17    
      0       0.200960   0.012183   0.078231   0.011517   0.014449   0.012027
      1       0.012878  -0.054086   0.012113  -0.010729   0.006611  -0.041608
      2       0.015301  -0.028058   0.006940  -0.000778  -0.003579  -0.029398
      3      -0.062973  -0.000542  -0.079205  -0.024439  -0.020950  -0.017612
      4       0.131787  -0.030325   0.029164   0.094200  -0.018079   0.077695
      5      -0.232259  -0.025839  -0.129086   0.013564  -0.038099   0.018173
      6      -0.162904  -0.003232   0.011789   0.007397   0.012682  -0.014064
      7      -0.012782  -0.001994  -0.018961  -0.000147  -0.002273   0.115529
      8      -0.005266  -0.002149  -0.002015   0.007901   0.000258   0.071662
      9      -0.062763  -0.002443  -0.090259  -0.006049  -0.020292  -0.013147
     10      -0.125854  -0.021754  -0.053017  -0.083401   0.012770   0.072999
     11       0.210805   0.002200   0.122123  -0.035908   0.032578   0.059816
     12      -0.039601   0.005636   0.101239   0.023455   0.027276  -0.050261
     13      -0.192785   0.005370   0.144781   0.025303   0.024508  -0.104788
     14      -0.078282   0.002007   0.036047   0.035004   0.065532  -0.066661
     15       0.156140   0.001723  -0.063669  -0.026170  -0.034537   0.048582
     16      -0.035505   0.002877   0.044784   0.006823  -0.016966   0.039867
     17       0.011113   0.001264  -0.026058   0.010540   0.051799   0.020556
     18      -0.019978  -0.006644   0.063218   0.015151   0.013931   0.041528
     19       0.227347   0.016796  -0.137738  -0.046495  -0.047838  -0.149378
     20       0.094392   0.005908  -0.047299  -0.017465  -0.044470  -0.055270
     21       0.105734   0.464318   0.008997   0.060850  -0.002278   0.190587
     22      -0.060465   0.255039  -0.002426  -0.111252   0.042511   0.085431
     23       0.005733   0.113683  -0.074935   0.279411  -0.100951   0.016692
     24       0.259286  -0.475364   0.115200  -0.049509   0.024361  -0.182145
     25      -0.011252   0.200453  -0.037131   0.150743  -0.047079   0.057460
     26      -0.016938   0.122075   0.047984  -0.223438   0.083115   0.035040
     27      -0.112223  -0.145732  -0.158821  -0.023117  -0.067324  -0.331328
     28       0.126039  -0.001024   0.039058   0.051788  -0.005243   0.042425
     29      -0.288557   0.323326  -0.008727  -0.420932   0.105518  -0.260730
     30      -0.186619   0.119602  -0.245396  -0.065966  -0.044534   0.270188
     31       0.055974   0.292997   0.144104  -0.299580   0.113144  -0.157339
     32      -0.197891  -0.193548  -0.197637   0.220810  -0.108907   0.155840
     33      -0.097189  -0.133542  -0.159075  -0.089218  -0.014645  -0.307164
     34      -0.092139   0.205781  -0.148906   0.345924  -0.111001  -0.208156
     35       0.191740  -0.130981   0.171642  -0.275921   0.100621   0.197190
     36      -0.173156   0.096438  -0.268347  -0.003008  -0.083596   0.305269
     37      -0.128452   0.008553  -0.070780  -0.030219  -0.003955   0.050512
     38       0.224939   0.260793   0.028884   0.451656  -0.101326  -0.242923
     39      -0.088923   0.006881   0.310693   0.071352  -0.095867  -0.135563
     40      -0.001454  -0.007645  -0.190879   0.177745   0.445412  -0.141614
     41      -0.102201   0.003904   0.082374   0.018335   0.012468  -0.066707
     42      -0.049807   0.010361   0.088032   0.043369   0.275077  -0.162653
     43      -0.272968   0.011487   0.316633  -0.057139  -0.202181  -0.075890
     44      -0.211671   0.012406   0.321460  -0.101116  -0.285145  -0.026567
     45       0.096787   0.006716   0.163004  -0.086330  -0.379400   0.050117
     46       0.026359  -0.009072  -0.173434   0.074083   0.322970   0.134662
     47      -0.020620  -0.000058   0.076147  -0.011551  -0.097278   0.068919
     48       0.237741  -0.004342  -0.301436   0.046587   0.360513   0.053426
     49      -0.091461  -0.003537   0.116051   0.008377  -0.072069   0.151437
     50      -0.065933   0.001852   0.169087  -0.037070  -0.242181   0.075460
     51      -0.057905  -0.011778   0.067639   0.054707   0.088755   0.082993
     52      -0.060965   0.004083   0.028692  -0.046257   0.103936   0.233949
     53       0.106165   0.007081  -0.053749  -0.018815  -0.040705  -0.067706
                 18         19         20         21         22         23    
      0      -0.002473   0.180542  -0.003416   0.030868   0.161155  -0.028748
      1       0.009158   0.003976   0.099979   0.029339   0.004665   0.008695
      2      -0.021536   0.009082  -0.192361  -0.016820   0.000276   0.014762
      3       0.035134  -0.070825  -0.136672  -0.029638  -0.046994   0.021283
      4      -0.032130  -0.042949  -0.046815  -0.035876  -0.055841  -0.025271
      5       0.100554   0.086340   0.081997   0.001622   0.108259  -0.016910
      6      -0.000769   0.088576   0.002704  -0.013092  -0.001165   0.034419
      7       0.069923   0.014229  -0.015672  -0.037259   0.000301  -0.004318
      8      -0.127266   0.007621   0.030390   0.024161  -0.024700  -0.051285
      9      -0.042825  -0.073242   0.137817   0.023571  -0.047618  -0.000860
     10      -0.063974   0.046252  -0.045253  -0.011879   0.044466  -0.041426
     11       0.102950  -0.090703   0.101208  -0.042900  -0.083858   0.016614
     12       0.003872  -0.096141  -0.011513   0.034677   0.088952   0.044641
     13       0.041685   0.094036   0.000359  -0.026112  -0.144694   0.001890
     14      -0.093285   0.035977   0.040440  -0.061073  -0.045806   0.029872
     15      -0.007821   0.113743   0.006419   0.026214  -0.138239   0.212382
     16      -0.029300  -0.092304  -0.006136   0.043220   0.115956   0.170715
     17       0.039509  -0.034070  -0.019780   0.058371   0.031482   0.061066
     18      -0.001161  -0.018840   0.009398  -0.071039  -0.010654  -0.225355
     19       0.019835  -0.005022   0.001324  -0.035852   0.049323  -0.103482
     20      -0.013023  -0.002007   0.002750   0.036314   0.002495  -0.070161
     21       0.002377   0.192468   0.001236  -0.012782   0.184092  -0.085023
     22       0.040694  -0.002950   0.236174  -0.032033   0.044027  -0.014564
     23      -0.074758   0.027891  -0.452102   0.027318  -0.057161  -0.026914
     24      -0.006720   0.179573  -0.004127   0.092312   0.169388   0.015726
     25       0.117686   0.014215   0.221814   0.037579  -0.005539  -0.007183
     26      -0.218178   0.004847  -0.418470  -0.105397   0.023826  -0.016947
     27       0.149805  -0.301448  -0.295699   0.083932  -0.237804   0.115326
     28      -0.037287  -0.054642  -0.056765  -0.025020  -0.067978  -0.015435
     29       0.046233   0.072177   0.049781   0.092199   0.115705   0.045722
     30       0.056389  -0.308429  -0.236034  -0.255371  -0.111707  -0.029372
     31      -0.085632  -0.072103  -0.044544   0.019036  -0.090049   0.053403
     32       0.134324   0.096924   0.079156  -0.037344   0.131082  -0.063948
     33      -0.182900  -0.335784   0.293387   0.049542  -0.138931   0.024490
     34      -0.039226   0.028473  -0.019647   0.102949   0.027739   0.014135
     35       0.085558  -0.100554   0.099850  -0.106653  -0.087207  -0.009600
     36      -0.034349  -0.280562   0.256750   0.009909  -0.210627  -0.077328
     37      -0.063526   0.042511  -0.045655  -0.000295   0.038147  -0.038164
     38       0.135206  -0.113263   0.095480   0.059424  -0.145928   0.096670
     39      -0.417006  -0.395453   0.076874   0.058627   0.323680  -0.188651
     40      -0.329652   0.099203   0.107957  -0.180127  -0.130554   0.138250
     41      -0.061491   0.031504   0.031588  -0.041036  -0.050457   0.011028
     42       0.441078  -0.299907  -0.130729   0.062974   0.273910   0.065932
     43       0.222956   0.113122  -0.052117   0.063277  -0.209091  -0.025342
     44       0.268986   0.034292  -0.062204   0.095120  -0.114547  -0.019993
     45      -0.191243   0.092622   0.076403  -0.131607  -0.062571   0.371510
     46       0.069287  -0.182236  -0.022672  -0.054832   0.300782   0.406244
     47      -0.077858  -0.098043   0.033421  -0.121719   0.191043   0.312423
     48       0.199895   0.116708  -0.071481   0.198830  -0.240777  -0.034280
     49       0.028152  -0.191138  -0.056397   0.215988   0.164866  -0.018633
     50      -0.063306  -0.091433   0.004355   0.035330   0.123646   0.099227
     51       0.176135  -0.097815  -0.041632  -0.034312   0.007667  -0.420378
     52      -0.143800  -0.001581  -0.125227   0.811238  -0.338927  -0.368853
     53      -0.004778  -0.006198   0.001741   0.034717   0.006271  -0.097578
                 24         25         26         27         28         29    
      0       0.000924  -0.005226  -0.003332   0.074869  -0.033572  -0.001619
      1      -0.002930   0.011522  -0.132237  -0.031647  -0.051392  -0.002122
      2      -0.004758  -0.014596  -0.086237   0.008322   0.012024   0.034163
      3      -0.000637  -0.007083   0.006594  -0.059577   0.008738   0.091392
      4      -0.028557   0.013843   0.114036  -0.011718   0.016886   0.039010
      5      -0.022348  -0.012819   0.034221   0.055308   0.016729   0.016600
      6       0.003302   0.000457   0.035743  -0.160828   0.075471  -0.007112
      7      -0.011436  -0.017373  -0.188279   0.023672   0.039552  -0.006540
      8       0.016289   0.075759  -0.017147  -0.082169  -0.121621  -0.008251
      9      -0.004554   0.018124  -0.000473  -0.051783   0.047447  -0.087865
     10       0.045571  -0.009352   0.104295   0.022537  -0.000962  -0.043385
     11       0.018485  -0.021700   0.038571  -0.012235   0.046412  -0.027298
     12      -0.001934  -0.009613   0.001661  -0.099474   0.045487   0.001966
     13      -0.009799  -0.003855   0.050424   0.023260  -0.075679  -0.007697
     14       0.013701  -0.024517  -0.017726   0.068837   0.088816   0.021603
     15      -0.017496  -0.027390   0.010724   0.074815  -0.037347   0.002541
     16       0.003650   0.023696   0.018211   0.021994   0.062436   0.014659
     17      -0.018816  -0.076828   0.052537  -0.051982  -0.072217  -0.008594
     18       0.023908   0.056648  -0.039239   0.018365  -0.013737  -0.001499
     19       0.008832  -0.014848   0.047822  -0.052211   0.002453   0.003480
     20      -0.000948   0.053044  -0.001739   0.011040   0.046180  -0.014327
     21       0.006161  -0.013916   0.319169   0.171833   0.029891  -0.020307
     22      -0.120847  -0.018479   0.052741   0.071978   0.076737   0.223633
     23       0.235779   0.030167   0.077677  -0.055097  -0.128857  -0.440079
     24      -0.007758   0.002696  -0.366243   0.050492  -0.131945   0.019359
     25       0.118105  -0.045166   0.023696   0.024316   0.064113  -0.166117
     26      -0.219401   0.080225   0.076402  -0.050362  -0.085777   0.312044
     27       0.409305  -0.123521   0.068848   0.399354   0.146338  -0.200900
     28      -0.004986   0.007068   0.083760  -0.000822   0.017512   0.021940
     29       0.070758  -0.036557  -0.293474   0.083176  -0.051535  -0.048298
     30      -0.456939   0.021351  -0.292867   0.276433  -0.070516  -0.404019
     31       0.032531   0.002048  -0.190888  -0.084194  -0.027270  -0.059765
     32      -0.071022  -0.008865   0.181752   0.115225   0.034673   0.054209
     33      -0.428133   0.120759   0.281385   0.219072  -0.234018   0.097141
     34      -0.064933   0.036173  -0.188345   0.036694  -0.103701   0.071288
     35       0.050533  -0.038436   0.216688  -0.010062   0.089798  -0.078597
     36       0.477899  -0.076465  -0.163686   0.120038  -0.377260   0.501651
     37       0.046017  -0.004681   0.065590   0.023660  -0.019671  -0.018354
     38      -0.089679   0.040771  -0.279289  -0.095761   0.005358   0.094283
     39      -0.018262  -0.481367   0.076962   0.363235  -0.320919  -0.117432
     40       0.042782  -0.031861  -0.057472   0.233767   0.226946   0.051819
     41       0.005836  -0.031508  -0.001454   0.063110   0.041223   0.013047
     42       0.061022   0.527414   0.186453   0.454659  -0.059577   0.129561
     43      -0.046089  -0.017656   0.107037  -0.055616  -0.249755  -0.042599
     44      -0.039582   0.032274   0.102570  -0.005930  -0.213639  -0.018181
     45       0.043126   0.178605  -0.091149   0.250627   0.111936   0.018976
     46       0.062415   0.158910  -0.055765  -0.197813  -0.390152  -0.193480
     47       0.062050   0.167540  -0.070036  -0.010363  -0.147165  -0.090005
     48      -0.089146  -0.281640   0.090266  -0.025992  -0.220179   0.002217
     49      -0.078765  -0.317112  -0.045953  -0.054187   0.202580   0.158465
     50      -0.019071  -0.113262  -0.036953  -0.025023   0.121727   0.076938
     51      -0.086465  -0.294913  -0.170588   0.110073   0.051412   0.002894
     52      -0.067246   0.216863  -0.059166   0.154614   0.277688  -0.022798
     53      -0.003449   0.030674  -0.000001   0.003537   0.048249  -0.012577
                 30         31         32         33         34         35    
      0       0.008635  -0.004464  -0.050287  -0.017527   0.003206   0.015312
      1       0.060653  -0.032441   0.022553  -0.010279  -0.081161   0.017783
      2      -0.027905   0.045621   0.036021  -0.076033   0.147298  -0.015788
      3      -0.029072   0.107780   0.071532   0.044480  -0.048252  -0.080508
      4      -0.019628  -0.037884   0.006778  -0.018528   0.016457   0.008040
      5      -0.015117  -0.016101  -0.010030  -0.003352  -0.048583   0.007252
      6       0.001049  -0.003813   0.064807  -0.008349   0.011116   0.206829
      7      -0.082457   0.037267  -0.027320   0.129255  -0.014378  -0.020973
      8       0.037375  -0.042522  -0.040250   0.090660   0.095202  -0.076914
      9      -0.001977  -0.092286   0.075844   0.036709   0.023966  -0.116224
     10       0.020273   0.034517  -0.006519  -0.015270   0.022666  -0.015489
     11       0.001975   0.019383   0.013134   0.001095  -0.047784   0.025784
     12       0.003475   0.001631  -0.148375  -0.084394  -0.015437  -0.056999
     13      -0.002482  -0.009526   0.006347  -0.018858   0.007803   0.001630
     14       0.030240   0.010260  -0.004800   0.004387  -0.013839   0.014048
     15       0.009323  -0.002493   0.026871   0.023278   0.002424  -0.001621
     16       0.027074   0.006316   0.007803  -0.066032  -0.041804  -0.110958
     17       0.007513  -0.016455   0.010762  -0.035240   0.003145  -0.071267
     18      -0.015545   0.001970  -0.012455   0.012272   0.015432  -0.027684
     19       0.023764  -0.010379   0.007743  -0.010083   0.013043   0.033939
     20      -0.043817   0.015725   0.015952  -0.036627  -0.031410   0.051399
     21      -0.073382  -0.000239  -0.152084   0.051886   0.012784  -0.013738
     22      -0.197379  -0.139803   0.005617  -0.095935   0.251346  -0.039964
     23       0.345776   0.265132  -0.084858   0.206502  -0.491637   0.051055
     24       0.095872  -0.010242   0.002413  -0.110323   0.002357   0.009557
     25       0.012018   0.282294   0.036129  -0.083730   0.280638  -0.033433
     26      -0.044648  -0.533147  -0.065305   0.172167  -0.524730   0.085947
     27      -0.239697  -0.443104  -0.420378   0.146130   0.150647   0.110295
     28      -0.025728  -0.049853  -0.013512  -0.007506   0.025275   0.006390
     29       0.028872   0.081606  -0.029667   0.083259  -0.078019  -0.134574
     30       0.312789  -0.166735  -0.047658  -0.464858   0.091987   0.282701
     31       0.041473   0.030869   0.015926   0.005644   0.081448   0.075807
     32      -0.038788  -0.061493  -0.022117  -0.028013  -0.085160  -0.028255
     33      -0.044808   0.483254  -0.474895   0.215866   0.010573   0.177795
     34      -0.020469  -0.038368  -0.025755   0.007091   0.050529  -0.094360
     35       0.022034   0.100737  -0.015048   0.004038  -0.068520   0.097903
     36       0.183519   0.030104  -0.109649  -0.397395  -0.093900   0.315030
     37       0.020510   0.029932  -0.012039  -0.018245   0.022194  -0.004045
     38      -0.043206  -0.057411   0.021867   0.042824  -0.074544   0.137217
     39      -0.236552   0.017239   0.544413   0.070374  -0.099088   0.165199
     40       0.065841   0.048519  -0.071953  -0.001589  -0.038535   0.004226
     41       0.020127   0.004536   0.013664   0.005975  -0.008127   0.015047
     42       0.309468  -0.052944   0.394602   0.243707   0.156138   0.050573
     43      -0.052487  -0.034798  -0.057940  -0.059581   0.023277  -0.043652
     44      -0.006563  -0.037818  -0.028833  -0.014286   0.039899  -0.046904
     45      -0.020855   0.043305   0.024859   0.039418  -0.054144  -0.034324
     46      -0.417458   0.016374  -0.052669   0.065191   0.034646   0.471716
     47      -0.224278   0.028342  -0.020752   0.038997  -0.008449   0.178610
     48       0.066853  -0.050075   0.027856   0.073713   0.072339  -0.117903
     49       0.385479  -0.062107  -0.117524   0.474707   0.298658   0.370313
     50       0.182219  -0.026121  -0.061445   0.252265   0.158991   0.274734
     51      -0.035115   0.046333  -0.097703   0.030104  -0.190360  -0.164766
     52      -0.182913   0.082053   0.071228  -0.149375  -0.133347   0.244867
     53      -0.038771   0.014909   0.013182  -0.034525  -0.037092   0.047759
                 36         37         38         39         40         41    
      0      -0.010614  -0.022064  -0.049445   0.026062  -0.001905   0.075209
      1       0.007228   0.006789  -0.005452   0.001017   0.000281   0.003893
      2       0.006187  -0.012443   0.002166  -0.004173   0.002026   0.001998
      3       0.068857   0.024132   0.004726   0.003839  -0.003265   0.004881
      4       0.016178  -0.022756  -0.026198  -0.021342  -0.003138  -0.022678
      5       0.017349   0.051230   0.051051   0.041941  -0.002620   0.044734
      6      -0.161868  -0.062981  -0.006346   0.008156   0.027375  -0.029215
      7      -0.103431   0.036261  -0.019823   0.003866   0.010085  -0.003520
      8      -0.059580  -0.074025   0.027004  -0.003580   0.019302  -0.001029
      9       0.078305   0.003527   0.007999  -0.007527  -0.000711   0.006226
     10       0.026475  -0.004461   0.013762  -0.035734   0.000794   0.026270
     11       0.001833   0.001175  -0.020245   0.070806  -0.008134  -0.050388
     12       0.074014   0.020626  -0.003451  -0.001627  -0.017444   0.005245
     13       0.041091  -0.008508   0.008989  -0.005112  -0.084247  -0.011266
     14       0.029933   0.005955   0.001029  -0.000245  -0.041489  -0.006550
     15       0.019388  -0.010660   0.001260   0.002047   0.035041  -0.032564
     16      -0.110647  -0.017885   0.006673   0.001116   0.013429   0.001631
     17      -0.084570   0.046202  -0.022967  -0.004793   0.005025  -0.001740
     18      -0.015235   0.088462  -0.038503  -0.002493  -0.005114   0.000165
     19       0.010869  -0.011307   0.003020  -0.000126   0.002862  -0.000867
     20       0.026278  -0.004628   0.001486   0.002397  -0.002684  -0.000742
     21      -0.010085   0.160308   0.313169  -0.162936   0.000958  -0.363683
     22       0.010414   0.093411   0.232030  -0.137273   0.006512  -0.277126
     23       0.000800   0.104351   0.112810  -0.033057  -0.004388  -0.152910
     24       0.017970   0.179617   0.329185  -0.182683   0.005961  -0.390070
     25      -0.002392  -0.125780  -0.197235   0.092486  -0.001080   0.246057
     26      -0.010197  -0.012150  -0.105589   0.081980  -0.006137   0.130091
     27      -0.296618  -0.027213  -0.007882   0.011064   0.007637   0.006105
     28      -0.000013  -0.049895  -0.069156  -0.050842  -0.005238  -0.052247
     29       0.079646  -0.229002  -0.477990  -0.336285  -0.025722  -0.276435
     30      -0.007888   0.005614  -0.054230  -0.017740  -0.021611  -0.008378
     31      -0.132466   0.209261   0.425923   0.300984   0.033984   0.254559
     32       0.099953  -0.080728  -0.199062  -0.138263  -0.022911  -0.105384
     33      -0.319540  -0.024374  -0.020486   0.014030   0.001735  -0.005232
     34       0.033116  -0.041639  -0.123255   0.517055  -0.050656  -0.302109
     35      -0.039401   0.019733   0.054354  -0.243914   0.020400   0.131745
     36      -0.031091  -0.034590  -0.006313   0.004750  -0.011544   0.001337
     37       0.013073   0.000367   0.028556  -0.096912   0.007627   0.065476
     38      -0.136178   0.054751   0.123649  -0.573679   0.065316   0.328095
     39      -0.120874   0.071331  -0.031566  -0.004266   0.052733   0.004368
     40       0.259964   0.102357  -0.046221   0.030877   0.582393   0.106367
     41       0.011335  -0.003876   0.006037  -0.002687  -0.110605  -0.020278
     42      -0.064987  -0.129411   0.058979   0.003189   0.032773  -0.004477
     43       0.147112   0.041858  -0.019862   0.004588   0.259067   0.052642
     44       0.167784   0.063525  -0.033383   0.018167   0.528358   0.099055
     45       0.111454  -0.117905   0.097364  -0.008414  -0.267290   0.188130
     46       0.471500  -0.060338   0.019260   0.007427   0.037267  -0.067556
     47       0.260922  -0.061226   0.061421  -0.010384  -0.238456   0.152644
     48      -0.017171   0.081006   0.008715  -0.028427  -0.310365   0.207581
     49       0.377487   0.089820  -0.022646  -0.007964  -0.135082   0.053760
     50       0.222739   0.051736  -0.043826   0.008466   0.134158  -0.122196
     51       0.139296  -0.828597   0.387377   0.037289   0.114288   0.007164
     52       0.138075   0.023520  -0.006634   0.010847  -0.026308  -0.000217
     53       0.036122  -0.058406   0.027676   0.005318   0.005784   0.000496
                 42         43         44         45         46         47    
      0      -0.029455  -0.000935   0.055602   0.010670   0.019715  -0.029454
      1      -0.000518  -0.000083   0.000738   0.000139   0.001002  -0.001664
      2      -0.000509  -0.000015   0.001495  -0.001238   0.001024  -0.001658
      3      -0.011305  -0.000155  -0.001340   0.000531  -0.000152  -0.000511
      4       0.011013   0.000184   0.013762  -0.023234  -0.009201   0.015100
      5      -0.023559   0.000044  -0.024631   0.041911   0.013315  -0.028786
      6       0.063194   0.001485   0.001232  -0.000267  -0.004520   0.002223
      7       0.004834  -0.000125   0.000018   0.000813  -0.000838  -0.000321
      8       0.002841  -0.000431   0.000113  -0.001188  -0.000486  -0.000495
      9      -0.012059  -0.000183  -0.001727  -0.002223   0.000627  -0.002084
     10      -0.014476   0.000021  -0.006472  -0.016865   0.006963  -0.017190
     11       0.023608  -0.000008   0.016319   0.040739  -0.020040   0.038313
     12      -0.010527   0.001665   0.000046   0.000064   0.002842   0.001906
     13      -0.051166   0.010864  -0.003621   0.000403   0.051572   0.027476
     14      -0.027657   0.002983  -0.001594  -0.001770   0.024559   0.012839
     15      -0.089031  -0.064432  -0.001518  -0.000342   0.012274   0.007212
     16       0.007631   0.000203   0.000111   0.000153  -0.001359  -0.000325
     17      -0.002485   0.011558   0.000297  -0.000187  -0.001976  -0.001637
     18      -0.007714  -0.000514   0.000108  -0.000036   0.000224   0.000143
     19       0.007062  -0.001189   0.000086  -0.000027  -0.000253   0.000225
     20       0.003943  -0.001695   0.000098  -0.000101  -0.000010   0.000385
     21       0.122246   0.005389  -0.357707  -0.069674  -0.113600   0.167163
     22       0.097154  -0.006651   0.441247   0.085126   0.141069  -0.206266
     23       0.053749  -0.003291   0.224254   0.044822   0.071778  -0.104968
     24       0.135547   0.004536  -0.295848  -0.051868  -0.102222   0.149103
     25      -0.087982   0.006865  -0.449257  -0.079320  -0.155008   0.225566
     26      -0.044687   0.003811  -0.241424  -0.041325  -0.083373   0.121551
     27       0.005736   0.000374   0.012596  -0.018918  -0.003973   0.013054
     28       0.024312  -0.001890  -0.314364   0.514384   0.173981  -0.331805
     29       0.119188   0.000816   0.024868  -0.039696  -0.012587   0.027684
     30       0.014764   0.000317  -0.007992   0.014695   0.005603  -0.009481
     31      -0.109998  -0.000659   0.149728  -0.246999  -0.073555   0.162887
     32       0.041451   0.000280   0.269534  -0.442134  -0.129890   0.295436
     33       0.010075   0.000268   0.013496   0.030242  -0.012452   0.027871
     34       0.122805   0.001041  -0.102693  -0.248036   0.117955  -0.222463
     35      -0.051642   0.000718  -0.181655  -0.434433   0.205579  -0.394174
     36       0.009114   0.000384  -0.003386  -0.010240   0.005490  -0.009149
     37      -0.030518  -0.001562   0.180477   0.440985  -0.191317   0.413658
     38      -0.126874  -0.000390  -0.016374  -0.038322   0.016020  -0.038177
     39       0.023084   0.001213  -0.001978  -0.001180   0.014287   0.004993
     40       0.311467  -0.011204   0.002821   0.001645  -0.059374  -0.033592
     41      -0.068153  -0.117516   0.039666   0.017004  -0.600318  -0.320101
     42      -0.010924  -0.011834   0.001768   0.000650  -0.043394  -0.025586
     43       0.140055  -0.122078   0.035455  -0.006749  -0.524336  -0.283564
     44       0.289434   0.076610  -0.023270   0.004422   0.322858   0.172129
     45       0.423634   0.486057   0.010423   0.002804  -0.076516  -0.047213
     46      -0.170349   0.266587   0.005907   0.001295  -0.042064  -0.025537
     47       0.353248  -0.567788  -0.012696  -0.003008   0.090856   0.054949
     48       0.471187   0.271146   0.006265   0.001066  -0.045060  -0.023973
     49       0.120836  -0.251394  -0.005956  -0.001446   0.042468   0.021946
     50      -0.292794   0.439987   0.010247   0.002235  -0.072062  -0.037563
     51      -0.034594  -0.005324  -0.002277   0.002435   0.001877  -0.002022
     52      -0.007325   0.005651   0.001385  -0.000676   0.000086   0.001093
     53       0.003081   0.021925   0.000848  -0.000761  -0.004081  -0.003459
                 48         49         50         51         52         53    
      0      -0.000203  -0.003308  -0.000224  -0.000862  -0.002380   0.000157
      1       0.000149   0.068970   0.007312   0.018313   0.048678   0.000001
      2       0.000312   0.036043   0.003807   0.009708   0.025530  -0.000135
      3       0.000117   0.001784  -0.002727  -0.001149  -0.001731   0.000147
      4      -0.000773  -0.039981   0.060102   0.028447   0.036559   0.000474
      5      -0.000775  -0.022079   0.033022   0.014874   0.019940  -0.000374
      6      -0.000329   0.000307  -0.000210   0.000297  -0.000406   0.001219
      7       0.000395  -0.000929   0.000070   0.000761   0.001174  -0.002514
      8       0.000244  -0.000450   0.000090  -0.000820   0.000980   0.001246
      9      -0.000051   0.001779   0.003053  -0.000416  -0.002928   0.000495
     10       0.000309  -0.035465  -0.058727   0.004238   0.055819  -0.000061
     11       0.000279  -0.015316  -0.026955   0.001520   0.026960  -0.000155
     12       0.001097   0.000080  -0.001217   0.004751  -0.001767  -0.000146
     13       0.010752  -0.000812  -0.009453   0.038292  -0.012099  -0.000680
     14      -0.022306  -0.000413   0.019735  -0.078991   0.027342   0.000242
     15       0.003008  -0.000376   0.000107   0.000289   0.000343  -0.002861
     16      -0.044767   0.000467  -0.003143   0.010450  -0.003591  -0.004326
     17       0.082678  -0.000314   0.005976  -0.019605   0.006689   0.004502
     18       0.001211  -0.000141   0.000129  -0.000207   0.000294  -0.003829
     19       0.000914   0.000299  -0.000192  -0.000147  -0.000291   0.004457
     20      -0.004147   0.000277  -0.000724   0.000741  -0.000572   0.071507
     21       0.002263   0.329437   0.033521   0.088719   0.236734  -0.000088
     22      -0.002808  -0.395118  -0.038750  -0.105218  -0.281232   0.000278
     23      -0.001277  -0.200793  -0.023229  -0.053970  -0.141930  -0.000616
     24      -0.000092  -0.290775  -0.031576  -0.078130  -0.206843  -0.000506
     25      -0.000187  -0.426551  -0.047222  -0.114237  -0.300288  -0.000351
     26       0.000060  -0.229718  -0.022468  -0.060051  -0.162614  -0.000360
     27       0.000229  -0.013434   0.017195   0.010332   0.009406   0.000217
     28       0.003376   0.319228  -0.485662  -0.234185  -0.294907  -0.005014
     29       0.000217  -0.030169   0.046751   0.024255   0.028809  -0.000645
     30      -0.000659  -0.008070   0.014590   0.007325   0.009551  -0.003229
     31       0.005863   0.156765  -0.236607  -0.105463  -0.142177   0.000100
     32       0.011416   0.291972  -0.443681  -0.196985  -0.268217  -0.006255
     33       0.000332  -0.016331  -0.025614  -0.000887   0.025698  -0.001379
     34      -0.002612   0.119739   0.209932  -0.012678  -0.205905   0.001054
     35      -0.003650   0.215338   0.378794  -0.020553  -0.374748   0.003245
     36       0.000336  -0.005597  -0.011212   0.000983   0.011289   0.000190
     37      -0.003776   0.301441   0.496250  -0.041549  -0.460224   0.002387
     38       0.000747  -0.031521  -0.053174   0.005350   0.050188  -0.000384
     39      -0.001469   0.000191   0.004668  -0.013443   0.003144   0.000025
     40       0.019414   0.002129  -0.018376   0.073861  -0.027690  -0.000363
     41       0.178877   0.012384  -0.159628   0.628225  -0.227481  -0.001638
     42      -0.013582   0.001582   0.009463  -0.045270   0.012902   0.000306
     43      -0.147856   0.010757   0.132511  -0.532548   0.168971   0.002039
     44       0.088372  -0.005401  -0.079422   0.315920  -0.101487  -0.000894
     45       0.345276   0.000081   0.026846  -0.091332   0.028928   0.025684
     46       0.178532   0.000627   0.013710  -0.044898   0.013459   0.013271
     47      -0.392341   0.000123  -0.029981   0.103927  -0.033383  -0.036120
     48      -0.386838   0.003463  -0.027488   0.086865  -0.031154  -0.012648
     49       0.345965  -0.002477   0.023830  -0.079266   0.027857   0.013683
     50      -0.592752   0.005607  -0.041243   0.129984  -0.047004  -0.019139
     51      -0.005969  -0.001753   0.002347   0.003039   0.001938   0.056424
     52      -0.004254   0.001633  -0.001194   0.000687  -0.001635  -0.004351
     53       0.047882  -0.001532   0.012244  -0.012805   0.005585  -0.994301
# -----------------------------------------------------------
$ THERMOCHEMISTRY_Energies
   description: The Thermochemistry energies
   geom. index: 1
   prop. index: 1
        Temperature (Kelvin)           :        298.1500000000
        Pressure (atm)                 :          1.0000000000
        Total Mass (AMU)               :         97.1610000000
        Spin Degeneracy                :          1.0000000000
        Electronic Energy (Hartree)    :       -290.1105135021
        Translational Energy (Hartree) :          0.0014162714
        Rotational Energy (Hartree)    :          0.0014162714
        Vibrational Energy (Hartree)   :          0.0018459245
        Number of frequencies          :     54      
        Scaling Factor for frequencies :          1.0000000000
        Vibrational frequencies        :     
                  0    
      0       0.000000
      1       0.000000
      2       0.000000
      3       0.000000
      4       0.000000
      5       0.000000
      6     -77.603011
      7     -32.101235
      8     346.705709
      9     417.451599
     10     445.644633
     11     505.424320
     12     809.688374
     13     866.146301
     14     886.151543
     15     896.539271
     16     915.242915
     17     983.140242
     18     1004.343232
     19     1032.879307
     20     1050.060913
     21     1054.093844
     22     1060.391713
     23     1120.203385
     24     1137.255013
     25     1236.129673
     26     1248.791768
     27     1262.085693
     28     1270.049310
     29     1297.903620
     30     1304.699766
     31     1306.188280
     32     1320.334553
     33     1331.821924
     34     1352.307223
     35     1407.695819
     36     1416.862254
     37     1480.448895
     38     1488.675674
     39     1494.348767
     40     1508.670794
     41     1535.615177
     42     1549.734873
     43     2908.391774
     44     2924.944452
     45     2932.409266
     46     2938.361691
     47     2944.400691
     48     2976.567128
     49     2992.209410
     50     3012.685755
     51     3024.334741
     52     3025.593186
     53     3213.734313
        Zero Point Energy (Hartree)    :          0.1645688124
        Inner Energy (Hartree)         :       -289.9412662224
        Enthalpy (Hartree)             :       -289.9403220133
        Electronic entropy             :          0.0000000000
        Rotational entropy             :          0.0128002677
        Vibrational entropy            :          0.0025277033
        Translational entropy          :          0.0128002677
        Entropy                        :          0.0341584234
        Gibbs Energy (Hartree)         :       -289.9744804367
        Is Linear                      :                 false
# -----------------------------------------------------------
$ PAL_Flags
   description: The PAL Flags
   geom. index: 2
   prop. index: 1
        Diskflag:     2
# -----------------------------------------------------------
$ SCF_Energy
   description: The SCF energy
   geom. index: 2
   prop. index: 1
        SCF Energy:     -290.0957216336
# -----------------------------------------------------------
$ DFT_Energy
   description: The DFT energy
   geom. index: 2
   prop. index: 1
   Number of Alpha Electrons                 27.0000284035 
   Number of Beta  Electrons                 27.0000284035 
   Total number of  Electrons                54.0000568070 
   Exchange energy                          -27.6086644686 
   Correlation energy                        -2.1910679316 
   Correlation energy NL                      0.0000000000 
   Exchange-Correlation energy              -29.7997324002 
   Embedding correction                       0.0000000000 
   Total DFT Energy (No VdW correction)    -290.0957216336 
# -----------------------------------------------------------
$ VdW_Correction
   description: The Van der Waals Correction
   geom. index: 2
   prop. index: 1
        Van der Waals Correction:       -0.0280791084
# -----------------------------------------------------------
$ PAL_Flags
   description: The PAL Flags
   geom. index: 3
   prop. index: 1
        Diskflag:     2
# -----------------------------------------------------------
$ SCF_Energy
   description: The SCF energy
   geom. index: 3
   prop. index: 1
        SCF Energy:     -290.0980804531
# -----------------------------------------------------------
$ DFT_Energy
   description: The DFT energy
   geom. index: 3
   prop. index: 1
   Number of Alpha Electrons                 27.0000158442 
   Number of Beta  Electrons                 27.0000158442 
   Total number of  Electrons                54.0000316884 
   Exchange energy                          -27.6015965133 
   Correlation energy                        -2.1900246847 
   Correlation energy NL                      0.0000000000 
   Exchange-Correlation energy              -29.7916211980 
   Embedding correction                       0.0000000000 
   Total DFT Energy (No VdW correction)    -290.0980804531 
# -----------------------------------------------------------
$ VdW_Correction
   description: The Van der Waals Correction
   geom. index: 3
   prop. index: 1
        Van der Waals Correction:       -0.0278590235
# -----------------------------------------------------------
$ PAL_Flags
   description: The PAL Flags
   geom. index: 4
   prop. index: 1
        Diskflag:     2
# -----------------------------------------------------------
$ SCF_Energy
   description: The SCF energy
   geom. index: 4
   prop. index: 1
        SCF Energy:     -290.0985286747
# -----------------------------------------------------------
$ DFT_Energy
   description: The DFT energy
   geom. index: 4
   prop. index: 1
   Number of Alpha Electrons                 27.0000084571 
   Number of Beta  Electrons                 27.0000084571 
   Total number of  Electrons                54.0000169142 
   Exchange energy                          -27.6001547094 
   Correlation energy                        -2.1898892885 
   Correlation energy NL                      0.0000000000 
   Exchange-Correlation energy              -29.7900439980 
   Embedding correction                       0.0000000000 
   Total DFT Energy (No VdW correction)    -290.0985286747 
# -----------------------------------------------------------
$ VdW_Correction
   description: The Van der Waals Correction
   geom. index: 4
   prop. index: 1
        Van der Waals Correction:       -0.0278216811
# -----------------------------------------------------------
$ PAL_Flags
   description: The PAL Flags
   geom. index: 5
   prop. index: 1
        Diskflag:     2
# -----------------------------------------------------------
$ SCF_Energy
   description: The SCF energy
   geom. index: 5
   prop. index: 1
        SCF Energy:     -290.0978997441
# -----------------------------------------------------------
$ DFT_Energy
   description: The DFT energy
   geom. index: 5
   prop. index: 1
   Number of Alpha Electrons                 27.0000099278 
   Number of Beta  Electrons                 27.0000099278 
   Total number of  Electrons                54.0000198556 
   Exchange energy                          -27.5964657476 
   Correlation energy                        -2.1896125584 
   Correlation energy NL                      0.0000000000 
   Exchange-Correlation energy              -29.7860783060 
   Embedding correction                       0.0000000000 
   Total DFT Energy (No VdW correction)    -290.0978997441 
# -----------------------------------------------------------
$ VdW_Correction
   description: The Van der Waals Correction
   geom. index: 5
   prop. index: 1
        Van der Waals Correction:       -0.0277247889
# -----------------------------------------------------------
$ PAL_Flags
   description: The PAL Flags
   geom. index: 6
   prop. index: 1
        Diskflag:     2
# -----------------------------------------------------------
$ SCF_Energy
   description: The SCF energy
   geom. index: 6
   prop. index: 1
        SCF Energy:     -290.0986348135
# -----------------------------------------------------------
$ DFT_Energy
   description: The DFT energy
   geom. index: 6
   prop. index: 1
   Number of Alpha Electrons                 27.0000141946 
   Number of Beta  Electrons                 27.0000141946 
   Total number of  Electrons                54.0000283891 
   Exchange energy                          -27.5975329110 
   Correlation energy                        -2.1896925596 
   Correlation energy NL                      0.0000000000 
   Exchange-Correlation energy              -29.7872254706 
   Embedding correction                       0.0000000000 
   Total DFT Energy (No VdW correction)    -290.0986348135 
# -----------------------------------------------------------
$ VdW_Correction
   description: The Van der Waals Correction
   geom. index: 6
   prop. index: 1
        Van der Waals Correction:       -0.0277311209
# -----------------------------------------------------------
$ PAL_Flags
   description: The PAL Flags
   geom. index: 7
   prop. index: 1
        Diskflag:     2
# -----------------------------------------------------------
$ SCF_Energy
   description: The SCF energy
   geom. index: 7
   prop. index: 1
        SCF Energy:     -290.0991309364
# -----------------------------------------------------------
$ DFT_Energy
   description: The DFT energy
   geom. index: 7
   prop. index: 1
   Number of Alpha Electrons                 27.0000291854 
   Number of Beta  Electrons                 27.0000291854 
   Total number of  Electrons                54.0000583708 
   Exchange energy                          -27.5980177817 
   Correlation energy                        -2.1897450067 
   Correlation energy NL                      0.0000000000 
   Exchange-Correlation energy              -29.7877627884 
   Embedding correction                       0.0000000000 
   Total DFT Energy (No VdW correction)    -290.0991309364 
# -----------------------------------------------------------
$ VdW_Correction
   description: The Van der Waals Correction
   geom. index: 7
   prop. index: 1
        Van der Waals Correction:       -0.0277388202
# -----------------------------------------------------------
$ PAL_Flags
   description: The PAL Flags
   geom. index: 8
   prop. index: 1
        Diskflag:     2
# -----------------------------------------------------------
$ SCF_Energy
   description: The SCF energy
   geom. index: 8
   prop. index: 1
        SCF Energy:     -290.0995460699
# -----------------------------------------------------------
$ DFT_Energy
   description: The DFT energy
   geom. index: 8
   prop. index: 1
   Number of Alpha Electrons                 27.0000288736 
   Number of Beta  Electrons                 27.0000288736 
   Total number of  Electrons                54.0000577471 
   Exchange energy                          -27.5982603932 
   Correlation energy                        -2.1897896865 
   Correlation energy NL                      0.0000000000 
   Exchange-Correlation energy              -29.7880500797 
   Embedding correction                       0.0000000000 
   Total DFT Energy (No VdW correction)    -290.0995460699 
# -----------------------------------------------------------
$ VdW_Correction
   description: The Van der Waals Correction
   geom. index: 8
   prop. index: 1
        Van der Waals Correction:       -0.0277532385
# -----------------------------------------------------------
$ PAL_Flags
   description: The PAL Flags
   geom. index: 9
   prop. index: 1
        Diskflag:     2
# -----------------------------------------------------------
$ SCF_Energy
   description: The SCF energy
   geom. index: 9
   prop. index: 1
        SCF Energy:     -290.0999174598
# -----------------------------------------------------------
$ DFT_Energy
   description: The DFT energy
   geom. index: 9
   prop. index: 1
   Number of Alpha Electrons                 27.0000072013 
   Number of Beta  Electrons                 27.0000072013 
   Total number of  Electrons                54.0000144026 
   Exchange energy                          -27.5985200624 
   Correlation energy                        -2.1898516691 
   Correlation energy NL                      0.0000000000 
   Exchange-Correlation energy              -29.7883717315 
   Embedding correction                       0.0000000000 
   Total DFT Energy (No VdW correction)    -290.0999174598 
# -----------------------------------------------------------
$ VdW_Correction
   description: The Van der Waals Correction
   geom. index: 9
   prop. index: 1
        Van der Waals Correction:       -0.0277802276
# -----------------------------------------------------------
$ PAL_Flags
   description: The PAL Flags
   geom. index: 10
   prop. index: 1
        Diskflag:     2
# -----------------------------------------------------------
$ SCF_Energy
   description: The SCF energy
   geom. index: 10
   prop. index: 1
        SCF Energy:     -290.1002669711
# -----------------------------------------------------------
$ DFT_Energy
   description: The DFT energy
   geom. index: 10
   prop. index: 1
   Number of Alpha Electrons                 27.0000112295 
   Number of Beta  Electrons                 27.0000112295 
   Total number of  Electrons                54.0000224589 
   Exchange energy                          -27.5991054287 
   Correlation energy                        -2.1899664702 
   Correlation energy NL                      0.0000000000 
   Exchange-Correlation energy              -29.7890718989 
   Embedding correction                       0.0000000000 
   Total DFT Energy (No VdW correction)    -290.1002669711 
# -----------------------------------------------------------
$ VdW_Correction
   description: The Van der Waals Correction
   geom. index: 10
   prop. index: 1
        Van der Waals Correction:       -0.0278270287
# -----------------------------------------------------------
$ PAL_Flags
   description: The PAL Flags
   geom. index: 11
   prop. index: 1
        Diskflag:     2
# -----------------------------------------------------------
$ SCF_Energy
   description: The SCF energy
   geom. index: 11
   prop. index: 1
        SCF Energy:     -290.1005456043
# -----------------------------------------------------------
$ DFT_Energy
   description: The DFT energy
   geom. index: 11
   prop. index: 1
   Number of Alpha Electrons                 27.0000478549 
   Number of Beta  Electrons                 27.0000478549 
   Total number of  Electrons                54.0000957098 
   Exchange energy                          -27.6001955643 
   Correlation energy                        -2.1901608649 
   Correlation energy NL                      0.0000000000 
   Exchange-Correlation energy              -29.7903564292 
   Embedding correction                       0.0000000000 
   Total DFT Energy (No VdW correction)    -290.1005456043 
# -----------------------------------------------------------
$ VdW_Correction
   description: The Van der Waals Correction
   geom. index: 11
   prop. index: 1
        Van der Waals Correction:       -0.0278978351
# -----------------------------------------------------------
$ PAL_Flags
   description: The PAL Flags
   geom. index: 12
   prop. index: 1
        Diskflag:     2
# -----------------------------------------------------------
$ SCF_Energy
   description: The SCF energy
   geom. index: 12
   prop. index: 1
        SCF Energy:     -290.1006373009
# -----------------------------------------------------------
$ DFT_Energy
   description: The DFT energy
   geom. index: 12
   prop. index: 1
   Number of Alpha Electrons                 27.0000507535 
   Number of Beta  Electrons                 27.0000507535 
   Total number of  Electrons                54.0001015069 
   Exchange energy                          -27.6019891447 
   Correlation energy                        -2.1904661280 
   Correlation energy NL                      0.0000000000 
   Exchange-Correlation energy              -29.7924552726 
   Embedding correction                       0.0000000000 
   Total DFT Energy (No VdW correction)    -290.1006373009 
# -----------------------------------------------------------
$ VdW_Correction
   description: The Van der Waals Correction
   geom. index: 12
   prop. index: 1
        Van der Waals Correction:       -0.0279977143
# -----------------------------------------------------------
$ PAL_Flags
   description: The PAL Flags
   geom. index: 13
   prop. index: 1
        Diskflag:     2
# -----------------------------------------------------------
$ SCF_Energy
   description: The SCF energy
   geom. index: 13
   prop. index: 1
        SCF Energy:     -290.1006665842
# -----------------------------------------------------------
$ DFT_Energy
   description: The DFT energy
   geom. index: 13
   prop. index: 1
   Number of Alpha Electrons                 27.0000511830 
   Number of Beta  Electrons                 27.0000511830 
   Total number of  Electrons                54.0001023661 
   Exchange energy                          -27.6021855103 
   Correlation energy                        -2.1904854311 
   Correlation energy NL                      0.0000000000 
   Exchange-Correlation energy              -29.7926709414 
   Embedding correction                       0.0000000000 
   Total DFT Energy (No VdW correction)    -290.1006665842 
# -----------------------------------------------------------
$ VdW_Correction
   description: The Van der Waals Correction
   geom. index: 13
   prop. index: 1
        Van der Waals Correction:       -0.0279980875
# -----------------------------------------------------------
$ PAL_Flags
   description: The PAL Flags
   geom. index: 14
   prop. index: 1
        Diskflag:     2
# -----------------------------------------------------------
$ SCF_Energy
   description: The SCF energy
   geom. index: 14
   prop. index: 1
        SCF Energy:     -290.1006985637
# -----------------------------------------------------------
$ DFT_Energy
   description: The DFT energy
   geom. index: 14
   prop. index: 1
   Number of Alpha Electrons                 27.0000450831 
   Number of Beta  Electrons                 27.0000450831 
   Total number of  Electrons                54.0000901662 
   Exchange energy                          -27.6022584817 
   Correlation energy                        -2.1905369279 
   Correlation energy NL                      0.0000000000 
   Exchange-Correlation energy              -29.7927954095 
   Embedding correction                       0.0000000000 
   Total DFT Energy (No VdW correction)    -290.1006985637 
# -----------------------------------------------------------
$ VdW_Correction
   description: The Van der Waals Correction
   geom. index: 14
   prop. index: 1
        Van der Waals Correction:       -0.0280022933
# -----------------------------------------------------------
$ PAL_Flags
   description: The PAL Flags
   geom. index: 15
   prop. index: 1
        Diskflag:     2
# -----------------------------------------------------------
$ SCF_Energy
   description: The SCF energy
   geom. index: 15
   prop. index: 1
        SCF Energy:     -290.1007214242
# -----------------------------------------------------------
$ DFT_Energy
   description: The DFT energy
   geom. index: 15
   prop. index: 1
   Number of Alpha Electrons                 27.0000536664 
   Number of Beta  Electrons                 27.0000536664 
   Total number of  Electrons                54.0001073329 
   Exchange energy                          -27.6022120670 
   Correlation energy                        -2.1904878935 
   Correlation energy NL                      0.0000000000 
   Exchange-Correlation energy              -29.7926999605 
   Embedding correction                       0.0000000000 
   Total DFT Energy (No VdW correction)    -290.1007214242 
# -----------------------------------------------------------
$ VdW_Correction
   description: The Van der Waals Correction
   geom. index: 15
   prop. index: 1
        Van der Waals Correction:       -0.0279870149
# -----------------------------------------------------------
$ PAL_Flags
   description: The PAL Flags
   geom. index: 16
   prop. index: 1
        Diskflag:     2
# -----------------------------------------------------------
$ SCF_Energy
   description: The SCF energy
   geom. index: 16
   prop. index: 1
        SCF Energy:     -290.1007303555
# -----------------------------------------------------------
$ DFT_Energy
   description: The DFT energy
   geom. index: 16
   prop. index: 1
   Number of Alpha Electrons                 27.0000547225 
   Number of Beta  Electrons                 27.0000547225 
   Total number of  Electrons                54.0001094450 
   Exchange energy                          -27.6020863568 
   Correlation energy                        -2.1904626152 
   Correlation energy NL                      0.0000000000 
   Exchange-Correlation energy              -29.7925489719 
   Embedding correction                       0.0000000000 
   Total DFT Energy (No VdW correction)    -290.1007303555 
# -----------------------------------------------------------
$ VdW_Correction
   description: The Van der Waals Correction
   geom. index: 16
   prop. index: 1
        Van der Waals Correction:       -0.0279807240
# -----------------------------------------------------------
$ PAL_Flags
   description: The PAL Flags
   geom. index: 17
   prop. index: 1
        Diskflag:     2
# -----------------------------------------------------------
$ SCF_Energy
   description: The SCF energy
   geom. index: 17
   prop. index: 1
        SCF Energy:     -290.1007277242
# -----------------------------------------------------------
$ DFT_Energy
   description: The DFT energy
   geom. index: 17
   prop. index: 1
   Number of Alpha Electrons                 27.0000538838 
   Number of Beta  Electrons                 27.0000538838 
   Total number of  Electrons                54.0001077675 
   Exchange energy                          -27.6020939762 
   Correlation energy                        -2.1904708297 
   Correlation energy NL                      0.0000000000 
   Exchange-Correlation energy              -29.7925648059 
   Embedding correction                       0.0000000000 
   Total DFT Energy (No VdW correction)    -290.1007277242 
# -----------------------------------------------------------
$ Mayer_Pop
   description: The Mayer population analysis
   geom. index: 17
   prop. index: 1
     Number of atoms                     : 18
     Threshold for printing              : 0.1000000
     Number of bond orders printed       : 23
  NA   - Mulliken gross atomic population
  ZA   - Total nuclear charge
  QA   - Mulliken gross atomic charge
  VA   - Mayer's total valence
  BVA  - Mayer's bonded valence
  FA   - Mayer's free valence
  ATOM       NA         ZA         QA         VA         BVA        FA
  0   0     6.3122     6.0000    -0.3122     3.8090     3.8090    -0.0000
  1   0     6.4728     6.0000    -0.4728     3.8433     3.8433     0.0000
  2   0     5.7749     6.0000     0.2251     3.6197     3.6197    -0.0000
  3   0     6.4171     6.0000    -0.4171     3.7074     3.7074    -0.0000
  4   0     6.3635     6.0000    -0.3635     3.8350     3.8350     0.0000
  5   0     6.1544     6.0000    -0.1544     3.6343     3.6343     0.0000
  6   0     7.3342     7.0000    -0.3342     2.6837     2.6837     0.0000
  7   0     0.8532     1.0000     0.1468     0.9502     0.9502     0.0000
  8   0     0.8536     1.0000     0.1464     0.9532     0.9532     0.0000
  9   0     0.8431     1.0000     0.1569     0.9429     0.9429     0.0000
 10   0     0.8602     1.0000     0.1398     0.9600     0.9600     0.0000
 11   0     0.8423     1.0000     0.1577     0.9471     0.9471     0.0000
 12   0     0.8307     1.0000     0.1693     0.9504     0.9504     0.0000
 13   0     0.8357     1.0000     0.1643     0.9345     0.9345    -0.0000
 14   0     0.8380     1.0000     0.1620     0.9367     0.9367    -0.0000
 15   0     0.8745     1.0000     0.1255     0.9544     0.9544    -0.0000
 16   0     0.8360     1.0000     0.1640     0.9139     0.9139     0.0000
 17   0     0.7038     1.0000     0.2962     0.8544     0.8544     0.0000
      Bond orders larger than 0.1000000
           Atom A     A.N. of A          Atom B    A.N. of B              Bond order
                0             6               1            6                1.006453
                0             6               2            6               -0.201877
                0             6               3            6                0.997282
                0             6               7            1                0.985641
                0             6               8            1                0.972958
                1             6               2            6                0.808374
                1             6               3            6                0.109569
                1             6               9            1                0.972433
                1             6              10            1                0.953933
                2             6               3            6                0.829018
                2             6               4            6                0.940685
                2             6               6            7                1.266208
                3             6               6            7               -0.164147
                3             6              11            1                0.978990
                3             6              12            1                0.932445
                4             6               5            6                0.923678
                4             6               6            7               -0.101242
                4             6              13            1                0.949471
                4             6              14            1                0.973422
                5             6               6            7                0.826456
                5             6              15            1                0.954126
                5             6              16            1                0.974453
                6             7              17            1                0.866293
# -----------------------------------------------------------
$ VdW_Correction
   description: The Van der Waals Correction
   geom. index: 17
   prop. index: 1
        Van der Waals Correction:       -0.0279842356
# -----------------------------------------------------------
$ SCF_Electric_Properties
   description: The SCF Calculated Electric Properties
   geom. index: 17
   prop. index: 1
       Filename                          : file.scfp 
       Do Dipole Moment Calculation      : true 
       Do Quadrupole Moment Calculation  : false 
       Do Polarizability Calculation     : false 
** Dipole moment part of electric properties **
        Magnitude of dipole moment (Debye) :        1.3774326669
        Electronic Contribution:
                  0    
      0       1.171539
      1      -1.242742
      2       0.129985
        Nuclear Contribution:
                  0    
      0      -1.255532
      1       1.638322
      2      -0.490722
        Total Dipole moment:
                  0    
      0      -0.083993
      1       0.395579
      2      -0.360737
# -------------------------------------------------------------
----------------------- !GEOMETRIES! ------------------------
# -------------------------------------------------------------
------------------------ !GEOMETRY! -------------------------
    Number of atoms:    18 
    Geometry Index:     1 
    Coordinates:
               0 C     -2.043400000000   -0.130600000000   -0.078900000000
               1 C     -0.953100000000    0.415000000000   -1.004500000000
               2 C      0.085900000000   -0.063800000000    0.002700000000
               3 C     -0.991700000000   -0.601200000000    0.929300000000
               4 C      1.119800000000    0.896600000000    0.546700000000
               5 C      2.107300000000   -0.167300000000    0.077600000000
               6 N      1.060900000000   -1.053500000000   -0.450900000000
               7 H     -2.695600000000    0.672100000000    0.329800000000
               8 H     -2.603600000000   -0.976600000000   -0.534100000000
               9 H     -0.997400000000    1.522100000000   -1.095900000000
              10 H     -0.924200000000   -0.120500000000   -1.978100000000
              11 H     -1.061700000000   -0.053300000000    1.894100000000
              12 H     -0.968800000000   -1.708100000000    1.033500000000
              13 H      1.100600000000    1.007500000000    1.652400000000
              14 H      1.202100000000    1.840500000000   -0.034200000000
              15 H      2.793400000000    0.205200000000   -0.717600000000
              16 H      2.643800000000   -0.649200000000    0.924300000000
              17 H      1.125600000000   -1.034900000000   -1.496100000000
------------------------ !GEOMETRY! -------------------------
    Number of atoms:    18 
    Geometry Index:     2 
    Coordinates:
               0 C     -2.106097212517   -0.133317675645   -0.080395411099
               1 C     -0.990334645910    0.416442868738   -1.007953426251
               2 C      0.078931092336   -0.062592587489   -0.001722442595
               3 C     -1.026236062314   -0.602277811351    0.930155604806
               4 C      1.153591490649    0.892412952270    0.545048691174
               5 C      2.179084030068   -0.166564950609    0.078001883351
               6 N      1.096230704177   -1.039233208155   -0.456972258683
               7 H     -2.771762314849    0.641914653302    0.312641216056
               8 H     -2.677355435037   -0.955296776723   -0.523489625169
               9 H     -1.022585887548    1.506254322446   -1.123050029693
              10 H     -0.944641991919   -0.092944220755   -1.978389485459
              11 H     -1.082838892412   -0.082287264707    1.893788217869
              12 H     -0.983215573389   -1.689187547749    1.051518022699
              13 H      1.123454899829    1.026897051208    1.631256233949
              14 H      1.225721643209    1.837638506157   -0.003352278003
              15 H      2.876729490620    0.188251964236   -0.690688542800
              16 H      2.725781405581   -0.648390396635    0.896979993508
              17 H      1.145443259426   -1.037719878540   -1.473276363660
------------------------ !GEOMETRY! -------------------------
    Number of atoms:    18 
    Geometry Index:     3 
    Coordinates:
               0 C     -2.121664405911   -0.121587965261   -0.083088892101
               1 C     -0.991940640639    0.411528485548   -1.004703874401
               2 C      0.075196058341   -0.074207944980    0.008045045449
               3 C     -1.048981384483   -0.609619723705    0.927791438366
               4 C      1.160453589608    0.880524619499    0.554268418957
               5 C      2.200961560647   -0.150741899332    0.064224732416
               6 N      1.114956119922   -1.037892012747   -0.441576925538
               7 H     -2.794874392871    0.650525983084    0.300520517800
               8 H     -2.721566838702   -0.922034449222   -0.524466281540
               9 H     -0.996985545619    1.496085079368   -1.156338025052
              10 H     -0.929246431410   -0.082974045780   -1.981110526029
              11 H     -1.091954466893   -0.121031372255    1.907153214885
              12 H     -0.998029284896   -1.693597634875    1.063236574992
              13 H      1.127701255699    1.042522197248    1.635700444476
              14 H      1.204040492446    1.844063201566    0.037198624928
              15 H      2.889070560572    0.211300116873   -0.708909270695
              16 H      2.785039070770   -0.628082980726    0.857692312082
              17 H      1.137724683419   -1.094779654304   -1.455537528996
------------------------ !GEOMETRY! -------------------------
    Number of atoms:    18 
    Geometry Index:     4 
    Coordinates:
               0 C     -2.121213578222   -0.101218285689   -0.087024547905
               1 C     -0.976570934195    0.401991849074   -1.006409086099
               2 C      0.075799525076   -0.089464443345    0.020940139303
               3 C     -1.064014999248   -0.619387974318    0.924745261452
               4 C      1.153199905194    0.873426890898    0.570749087814
               5 C      2.206624020039   -0.125901493816    0.045467523979
               6 N      1.128127246299   -1.045884480726   -0.412092570223
               7 H     -2.776315853626    0.687232091799    0.296036586568
               8 H     -2.746205169372   -0.881902340386   -0.529564231650
               9 H     -0.960445639154    1.483511483011   -1.180478994851
              10 H     -0.913703644299   -0.104951504080   -1.977021277090
              11 H     -1.104145990092   -0.150954529656    1.914395947237
              12 H     -1.027392887412   -1.705961042312    1.047771502575
              13 H      1.132481633983    1.021298792813    1.655174659084
              14 H      1.169490662618    1.850169196400    0.077228673709
              15 H      2.853260111404    0.258601033958   -0.753169156851
              16 H      2.838654289704   -0.584184267843    0.813096555066
              17 H      1.132271301303   -1.166420975781   -1.419746072117
------------------------ !GEOMETRY! -------------------------
    Number of atoms:    18 
    Geometry Index:     5 
    Coordinates:
               0 C     -2.121850519301   -0.120372245923   -0.086795882735
               1 C     -0.997515326177    0.428245676108   -1.007190335220
               2 C      0.073555147763   -0.054448293867    0.004634428492
               3 C     -1.048577980941   -0.611444546545    0.918540410143
               4 C      1.165800700066    0.889186769436    0.559906166210
               5 C      2.206529161816   -0.143708537108    0.066486344558
               6 N      1.116224256799   -1.017201818654   -0.424312941264
               7 H     -2.796812473202    0.645319646685    0.303142066644
               8 H     -2.742475669454   -0.907106232255   -0.532883724938
               9 H     -0.992873358803    1.511057084988   -1.193995644577
              10 H     -0.927763452794   -0.064806070956   -1.984690634598
              11 H     -1.085778919564   -0.167004839439    1.920656144862
              12 H     -0.986782291857   -1.697697782177    1.032470305795
              13 H      1.144600348590    1.057812442722    1.641582158853
              14 H      1.192244849823    1.873214748066    0.074009707519
              15 H      2.870878498200    0.234349473140   -0.715166729856
              16 H      2.823351949687   -0.622621302010    0.840881161790
              17 H      1.107145079348   -1.232774172215   -1.417173001677
------------------------ !GEOMETRY! -------------------------
    Number of atoms:    18 
    Geometry Index:     6 
    Coordinates:
               0 C     -2.121370085611   -0.094165676653   -0.089299092505
               1 C     -0.978190233308    0.410741969499   -1.010267674422
               2 C      0.074863340508   -0.077390333613    0.019127684171
               3 C     -1.065393313229   -0.623863377728    0.915576002058
               4 C      1.154623579854    0.878270655349    0.578844802991
               5 C      2.211107431150   -0.115233570525    0.044073259535
               6 N      1.131585845439   -1.031050426253   -0.393479491581
               7 H     -2.767151649103    0.697334143823    0.301264180921
               8 H     -2.770065709634   -0.857549580087   -0.533049398409
               9 H     -0.952488853702    1.488887452003   -1.215326261899
              10 H     -0.911124470338   -0.102856686841   -1.977619218221
              11 H     -1.102195090652   -0.193468134177    1.923448537598
              12 H     -1.024025925561   -1.712933240056    1.014393140044
              13 H      1.141681609344    1.024246815274    1.664036505339
              14 H      1.156681960911    1.870268816128    0.111438053125
              15 H      2.828292201867    0.287525420638   -0.766267090243
              16 H      2.876734078812   -0.568762457798    0.790320173182
              17 H      1.116335283253   -1.280001788982   -1.377114111684
------------------------ !GEOMETRY! -------------------------
    Number of atoms:    18 
    Geometry Index:     7 
    Coordinates:
               0 C     -2.119248987083   -0.072670472144   -0.094423885111
               1 C     -0.959591493258    0.397269261053   -1.012492537741
               2 C      0.076106120107   -0.095177542606    0.033903881520
               3 C     -1.081015141963   -0.632646367156    0.912906183611
               4 C      1.146495935283    0.869224762955    0.597155511755
               5 C      2.212759436485   -0.089363460961    0.021385396989
               6 N      1.144143888914   -1.041874991846   -0.361313834656
               7 H     -2.740744453040    0.738924536116    0.295540584145
               8 H     -2.790559970769   -0.815496358432   -0.538121646471
               9 H     -0.915097428031    1.470981480532   -1.234286928213
              10 H     -0.893481221315   -0.133562190352   -1.970703424572
              11 H     -1.119728663510   -0.216052901853    1.926359349714
              12 H     -1.056792964863   -1.723660053156    0.997952384704
              13 H      1.146074818499    0.989533182914    1.685705218805
              14 H      1.124510597348    1.870963021849    0.153538612720
              15 H      2.778603892793    0.333883858511   -0.817271862543
              16 H      2.926724563326   -0.516441069180    0.736436465467
              17 H      1.120741071076   -1.333834696242   -1.332169470123
------------------------ !GEOMETRY! -------------------------
    Number of atoms:    18 
    Geometry Index:     8 
    Coordinates:
               0 C     -2.115973725062   -0.056680860510   -0.103417479034
               1 C     -0.940308084487    0.387580562092   -1.013268804647
               2 C      0.077329530008   -0.108937287654    0.050481758942
               3 C     -1.096463697268   -0.636734312685    0.911860155518
               4 C      1.141830670040    0.860573766134    0.616244685588
               5 C      2.211271347810   -0.065953750631   -0.003851362801
               6 N      1.153493730866   -1.051646072911   -0.327389698348
               7 H     -2.721345649464    0.769156155755    0.282546409886
               8 H     -2.801033366016   -0.784590497759   -0.550164909767
               9 H     -0.880453751625    1.457780858617   -1.246663517651
              10 H     -0.871420885658   -0.155586606090   -1.964376910798
              11 H     -1.141162414984   -0.228418104721    1.928411178121
              12 H     -1.086095067808   -1.728740911133    0.988811941277
              13 H      1.158749809965    0.949943682510    1.707767118630
              14 H      1.097039059102    1.873320134705    0.201938083612
              15 H      2.720094024182    0.373964406506   -0.871408120989
              16 H      2.973860686514   -0.465292790871    0.674990989159
              17 H      1.120487783886   -1.389738371354   -1.282411516697
------------------------ !GEOMETRY! -------------------------
    Number of atoms:    18 
    Geometry Index:     9 
    Coordinates:
               0 C     -2.111602196784   -0.045143373342   -0.115360957899
               1 C     -0.920076657058    0.380401749548   -1.013072500536
               2 C      0.078657469131   -0.120016976691    0.068341403305
               3 C     -1.111312368705   -0.636796211480    0.912455752602
               4 C      1.139739905766    0.852103431041    0.635764071363
               5 C      2.206377359901   -0.044809350385   -0.030881085962
               6 N      1.160509934507   -1.060885830774   -0.292734156407
               7 H     -2.708256498830    0.790516102468    0.263222050348
               8 H     -2.802140143689   -0.764202742494   -0.567458565478
               9 H     -0.848300613798    1.448254894657   -1.252476475989
              10 H     -0.845282805402   -0.171131640585   -1.958837964838
              11 H     -1.165181476080   -0.229817860522    1.929061298295
              12 H     -1.112675704040   -1.729103838699    0.987449740165
              13 H      1.178056747730    0.904210685770    1.729210904601
              14 H      1.074246993998    1.876283127548    0.255287914257
              15 H      2.653549932150    0.407742374771   -0.926664133188
              16 H      3.016035592853   -0.415372774171    0.607611315617
              17 H      1.117554528351   -1.442231766660   -1.230818610257
------------------------ !GEOMETRY! -------------------------
    Number of atoms:    18 
    Geometry Index:     10 
    Coordinates:
               0 C     -2.105646982736   -0.033843694739   -0.127437804504
               1 C     -0.898591946593    0.372291850912   -1.013244239366
               2 C      0.080313125462   -0.131303173343    0.086155733269
               3 C     -1.124999941555   -0.635874663461    0.913556677256
               4 C      1.137447981873    0.843922571358    0.654930481516
               5 C      2.198096434901   -0.024066668599   -0.057617541649
               6 N      1.167925167269   -1.069827036313   -0.258200454315
               7 H     -2.694330614567    0.811397975983    0.242678627392
               8 H     -2.799287215190   -0.745980007919   -0.584799212583
               9 H     -0.815779805667    1.437958102757   -1.256813750478
              10 H     -0.818172049263   -0.188035529254   -1.953237510258
              11 H     -1.188568818133   -0.226596039675    1.928493477352
              12 H     -1.139086333259   -1.728218885616    0.988405220810
              13 H      1.199357186719    0.852812027014    1.748420161585
              14 H      1.052743647401    1.878764391569    0.310562857154
              15 H      2.580214231010    0.437482313984   -0.979605313978
              16 H      3.051578968269   -0.363839650330    0.538545498826
              17 H      1.116686964060   -1.487043884327   -1.180692908030
------------------------ !GEOMETRY! -------------------------
    Number of atoms:    18 
    Geometry Index:     11 
    Coordinates:
               0 C     -2.097773004942   -0.021017446957   -0.138377830691
               1 C     -0.875585896958    0.361717295324   -1.014063236264
               2 C      0.082268489850   -0.143678751465    0.103859471620
               3 C     -1.137444380247   -0.635619155754    0.914775660848
               4 C      1.133682286245    0.836501039745    0.673222571996
               5 C      2.186509218785   -0.002801958775   -0.082847155108
               6 N      1.176835967082   -1.078211904132   -0.224096487283
               7 H     -2.675045349707    0.835701391511    0.223739886475
               8 H     -2.795844489095   -0.725251157971   -0.599966687171
               9 H     -0.780805456592    1.424593648566   -1.262829085407
              10 H     -0.791635405516   -0.210549422333   -1.946330774948
              11 H     -1.210187279970   -0.223416536134    1.927594685372
              12 H     -1.166524408858   -1.727893973189    0.987641660901
              13 H      1.220811728152    0.797401151452    1.764119830180
              14 H      1.030522835274    1.880544832525    0.365535338861
              15 H      2.500889126429    0.463937440491   -1.028403281955
              16 H      3.079842635310   -0.309275658697    0.470402375218
              17 H      1.119383384760   -1.522680834206   -1.133876942646
------------------------ !GEOMETRY! -------------------------
    Number of atoms:    18 
    Geometry Index:     12 
    Coordinates:
               0 C     -2.088040668806   -0.009466336699   -0.149286535003
               1 C     -0.851200313985    0.349858981622   -1.015086049794
               2 C      0.084300158822   -0.154923481380    0.122083779030
               3 C     -1.148304904682   -0.633921636397    0.917462512509
               4 C      1.129491032548    0.830605529606    0.690599381746
               5 C      2.171647627732    0.017529937078   -0.105890622251
               6 N      1.185327713984   -1.085656395996   -0.191531866195
               7 H     -2.652708424965    0.859213945933    0.203996150252
               8 H     -2.788918029358   -0.707744137640   -0.614511515016
               9 H     -0.745336225959    1.409874310149   -1.268862899521
              10 H     -0.764916372355   -0.237230348472   -1.937482672413
              11 H     -1.230886181326   -0.215577038446    1.926608997930
              12 H     -1.193597510684   -1.725758181053    0.987545802338
              13 H      1.244448379814    0.735489870765    1.775056492030
              14 H      1.009971875155    1.882846513759    0.421086944694
              15 H      2.416446327867    0.484241696257   -1.072420261238
              16 H      3.100214792788   -0.254069825075    0.405012696638
              17 H      1.121960723409   -1.545313404009   -1.094280335734
------------------------ !GEOMETRY! -------------------------
    Number of atoms:    18 
    Geometry Index:     13 
    Coordinates:
               0 C     -2.088283888173   -0.010455077211   -0.148760578128
               1 C     -0.852631020779    0.350183626273   -1.015998008089
               2 C      0.084263230250   -0.152839668181    0.120432889443
               3 C     -1.146909009866   -0.632759746658    0.917704075841
               4 C      1.129592386383    0.831325325390    0.689841950502
               5 C      2.172343697388    0.016472976629   -0.103676044604
               6 N      1.184348074252   -1.084641602406   -0.193906318313
               7 H     -2.652866475816    0.858169737673    0.204389072030
               8 H     -2.788850165146   -0.709910206678   -0.612957841621
               9 H     -0.747937516760    1.410072967089   -1.271207201678
              10 H     -0.766969663483   -0.238498321691   -1.937384531382
              11 H     -1.229109123737   -0.213798410823    1.926625650933
              12 H     -1.191744885358   -1.724548879710    0.987084366478
              13 H      1.243894843277    0.733138084760    1.773938193062
              14 H      1.011287647839    1.884238827086    0.421685775858
              15 H      2.418890474955    0.482758793072   -1.069641372896
              16 H      3.099718341059   -0.256023515306    0.409490214593
              17 H      1.120863053715   -1.542884909309   -1.097560292028
------------------------ !GEOMETRY! -------------------------
    Number of atoms:    18 
    Geometry Index:     14 
    Coordinates:
               0 C     -2.087376290261   -0.010494891560   -0.151676535529
               1 C     -0.851450264603    0.351136675679   -1.018760131743
               2 C      0.084792817253   -0.147266125189    0.119981571401
               3 C     -1.146335916969   -0.628939018581    0.916785164597
               4 C      1.130755682571    0.831648098277    0.693544755498
               5 C      2.170823733378    0.019505053158   -0.106153440158
               6 N      1.183797023851   -1.081330030667   -0.188540995387
               7 H     -2.650378244648    0.859310201665    0.199490139926
               8 H     -2.789701123948   -0.709668256916   -0.615131928628
               9 H     -0.745774239698    1.409444514390   -1.282566209283
              10 H     -0.764495928126   -0.243476557357   -1.936026774434
              11 H     -1.229824340939   -0.212750923388    1.926890960732
              12 H     -1.190980254750   -1.720742891970    0.982543363614
              13 H      1.251213826938    0.714377516873    1.774769625799
              14 H      1.009860188138    1.889915349838    0.445835661657
              15 H      2.400091285177    0.486680889507   -1.074863347796
              16 H      3.107867884433   -0.246138769862    0.395290914024
              17 H      1.117014162205   -1.561210833896   -1.081312794290
------------------------ !GEOMETRY! -------------------------
    Number of atoms:    18 
    Geometry Index:     15 
    Coordinates:
               0 C     -2.089835401550   -0.013761253574   -0.145732453206
               1 C     -0.859613329164    0.352231240962   -1.019524688483
               2 C      0.083676838402   -0.145716283538    0.113092020526
               3 C     -1.141026829918   -0.630071125567    0.917327344319
               4 C      1.129600963874    0.836036392228    0.684434519608
               5 C      2.176211243666    0.011192280486   -0.094717084257
               6 N      1.180647651613   -1.079831102249   -0.202849848216
               7 H     -2.654644226717    0.853366405700    0.208882564810
               8 H     -2.790832522292   -0.716363313852   -0.606073493350
               9 H     -0.757920231875    1.411785272405   -1.279934144610
              10 H     -0.776786833547   -0.239984739096   -1.938587802076
              11 H     -1.219251685540   -0.212955856997    1.927393957137
              12 H     -1.183361029243   -1.721973699216    0.983988357064
              13 H      1.239696077119    0.732512876239    1.768192307547
              14 H      1.014239163149    1.890934744113    0.420107140053
              15 H      2.436497241313    0.474549389348   -1.056965748233
              16 H      3.096586929023   -0.267278991960    0.430422778637
              17 H      1.116015981687   -1.534672235432   -1.109355727270
------------------------ !GEOMETRY! -------------------------
    Number of atoms:    18 
    Geometry Index:     16 
    Coordinates:
               0 C     -2.090322237326   -0.013576231578   -0.145063097499
               1 C     -0.860568161915    0.352516360569   -1.019139079781
               2 C      0.083891533295   -0.146303771193    0.112322828579
               3 C     -1.140908040718   -0.630923280485    0.916749659711
               4 C      1.129516477899    0.835611046938    0.684010460339
               5 C      2.176802231638    0.010781417914   -0.094391727939
               6 N      1.180991024978   -1.080314027982   -0.203592353137
               7 H     -2.655228525823    0.853279037654    0.210423255711
               8 H     -2.791953346584   -0.715406037870   -0.605438234413
               9 H     -0.758510515856    1.412119947982   -1.278946714611
              10 H     -0.778308544969   -0.238398057251   -1.939237677423
              11 H     -1.218405046668   -0.214753537547    1.927334765849
              12 H     -1.182793321617   -1.722855119732    0.983309236589
              13 H      1.237928579257    0.737902139018    1.768510265961
              14 H      1.014470774388    1.889664353730    0.416273444934
              15 H      2.440522240856    0.474727617172   -1.055615226615
              16 H      3.095565512324   -0.269204341029    0.432401555084
              17 H      1.117209366841   -1.534867516311   -1.109811361338
------------------------ !GEOMETRY! -------------------------
    Number of atoms:    18 
    Geometry Index:     17 
    Coordinates:
               0 C     -2.089948423347   -0.013453545530   -0.145897439732
               1 C     -0.859430023475    0.352289723043   -1.019106075681
               2 C      0.083895395684   -0.146344531292    0.113400142298
               3 C     -1.141510836060   -0.630522863314    0.916989941242
               4 C      1.129681577070    0.835382509778    0.684936167169
               5 C      2.176122839265    0.011628693972   -0.095680489640
               6 N      1.181107641267   -1.080440259210   -0.201955952473
               7 H     -2.654793419426    0.853666158308    0.208937614967
               8 H     -2.791408062740   -0.715269408981   -0.606617373250
               9 H     -0.757035093374    1.411781053665   -1.279309071367
              10 H     -0.776575872869   -0.239151185872   -1.938776598826
              11 H     -1.219725685788   -0.214068245461    1.927402065277
              12 H     -1.183751671344   -1.722427756169    0.983678050575
              13 H      1.239652002454    0.734659650831    1.769025719632
              14 H      1.013923999990    1.889995296503    0.419809230769
              15 H      2.436218927080    0.475567048535   -1.057892558284
              16 H      3.096802607211   -0.266777692431    0.428610913743
              17 H      1.116674098402   -1.536514646375   -1.107454286420
