    43
     1   -0.607322   -4.224772   -0.765917      1
     2    2.792409   -2.585224    2.104134      1
     3   -1.449637   -1.480291    3.377902      1
     4   -3.941366   -1.511879    1.205025      1
     5   -0.278657   -2.235384   -0.524189      1
     6    3.746146   -2.685504   -1.054772      1
     7   -1.987621   -1.009886    1.475087      1
     8    2.482423   -1.764950    0.246645      1
     9   -2.433520   -1.601160   -3.970610      1
    10   -0.948079   -0.690360   -2.918335      1
    11    0.668226   -0.486725   -4.128041      1
    12    2.981846    0.947557    0.148055      1
    13   -1.532566    1.772928    0.774100      1
    14    1.334202    2.310279    3.574089      1
    15    4.730975    1.342235    0.639369      1
    16   -1.790498    1.825021   -1.998799      1
    17    1.171024    2.505996    1.534896      1
    18   -2.846217    3.065834    1.626874      1
    19   -3.584099    2.079308   -2.430284      1
    20    1.507130    4.448161    1.049756      1
    21   -0.484332   -3.487025   -0.676829      2
    22    2.674625   -2.276470    1.418310      2
    23   -1.643824   -1.303904    2.671131      2
    24   -3.213949   -1.322240    1.300153      2
    25   -1.133816   -1.643056    0.483107      2
    26    1.086955   -1.996199   -0.145473      2
    27    3.282491   -2.345896   -0.578230      2
    28   -0.607523   -1.470250   -1.722195      2
    29   -1.889455   -1.260683   -3.575960      2
    30    2.679922   -0.681938    0.237804      2
    31   -1.767762    0.388901    1.148706      2
    32   -1.312592   -0.075149   -0.655012      3
    33    0.522849    0.071985    0.559919      3
    34    0.085189   -0.563952   -3.690021      2
    35   -1.307492    0.327874   -2.526401      2
    36    4.310823    1.244566    0.530369      2
    37   -1.649079    1.777028   -0.355236      2
    38    1.274033    2.376323    2.815604      2
    39   -0.182937    2.129932    1.146244      2
    40    1.892878    1.867896    1.007644      2
    41   -2.363928    2.590713    1.311699      2
    42   -3.152909    2.008391   -2.320121      2
    43    1.386391    3.741764    1.227379      2
