-------------------------------------------------------------
----------------------- !PROPERTIES! ------------------------
-------------------------------------------------------------
# -----------------------------------------------------------
$ PAL_Flags
   description: The PAL Flags
   geom. index: 1
   prop. index: 1
        Diskflag:     2
# -----------------------------------------------------------
$ SCF_Energy
   description: The SCF energy
   geom. index: 1
   prop. index: 1
        SCF Energy:     -345.5080282498
# -----------------------------------------------------------
$ DFT_Energy
   description: The DFT energy
   geom. index: 1
   prop. index: 1
   Number of Alpha Electrons                 31.0000310692 
   Number of Beta  Electrons                 31.0000310692 
   Total number of  Electrons                62.0000621385 
   Exchange energy                          -32.3334027084 
   Correlation energy                        -2.5403487926 
   Correlation energy NL                      0.0000000000 
   Exchange-Correlation energy              -34.8737515010 
   Embedding correction                       0.0000000000 
   Total DFT Energy (No VdW correction)    -345.5080282498 
# -----------------------------------------------------------
$ Mayer_Pop
   description: The Mayer population analysis
   geom. index: 1
   prop. index: 1
     Number of atoms                     : 20
     Threshold for printing              : 0.1000000
     Number of bond orders printed       : 25
  NA   - Mulliken gross atomic population
  ZA   - Total nuclear charge
  QA   - Mulliken gross atomic charge
  VA   - Mayer's total valence
  BVA  - Mayer's bonded valence
  FA   - Mayer's free valence
  ATOM       NA         ZA         QA         VA         BVA        FA
  0   0     6.3628     6.0000    -0.3628     3.9037     3.9037    -0.0000
  1   0     7.3773     7.0000    -0.3773     2.7524     2.7524    -0.0000
  2   0     6.3177     6.0000    -0.3177     3.7623     3.7623    -0.0000
  3   0     5.9552     6.0000     0.0448     3.8483     3.8483    -0.0000
  4   0     6.5703     6.0000    -0.5703     3.8488     3.8488    -0.0000
  5   0     5.8634     6.0000     0.1366     3.2644     3.2644    -0.0000
  6   0     6.3736     6.0000    -0.3736     3.8359     3.8359     0.0000
  7   0     7.3629     7.0000    -0.3629     2.7997     2.7997     0.0000
  8   0     0.8439     1.0000     0.1561     0.9249     0.9249    -0.0000
  9   0     0.8778     1.0000     0.1222     0.9390     0.9390    -0.0000
 10   0     0.6904     1.0000     0.3096     0.8360     0.8360     0.0000
 11   0     0.8770     1.0000     0.1230     0.9301     0.9301    -0.0000
 12   0     0.8405     1.0000     0.1595     0.9332     0.9332    -0.0000
 13   0     0.8233     1.0000     0.1767     0.9289     0.9289     0.0000
 14   0     0.8318     1.0000     0.1682     0.9387     0.9387    -0.0000
 15   0     0.8505     1.0000     0.1495     0.9631     0.9631    -0.0000
 16   0     0.8046     1.0000     0.1954     0.9246     0.9246    -0.0000
 17   0     0.8678     1.0000     0.1322     0.9419     0.9419     0.0000
 18   0     0.8219     1.0000     0.1781     0.9239     0.9239    -0.0000
 19   0     0.6873     1.0000     0.3127     0.8299     0.8299     0.0000
      Bond orders larger than 0.1000000
           Atom A     A.N. of A          Atom B    A.N. of B              Bond order
                0             6               1            7                0.998841
                0             6               5            6                0.952336
                0             6               8            1                0.979806
                0             6               9            1                0.990774
                1             7               2            6                0.900204
                1             7               3            6                0.182014
                1             7               4            6               -0.136407
                1             7               6            6               -0.112033
                1             7              10            1                0.853697
                2             6               3            6                0.981981
                2             6               7            7               -0.173704
                2             6              11            1                1.003785
                2             6              12            1                0.998419
                3             6               4            6                0.912140
                3             6               7            7                1.208433
                3             6              13            1                0.816007
                4             6               5            6                0.871273
                4             6              14            1                1.001920
                4             6              15            1                0.987182
                5             6               6            6                0.830093
                5             6              16            1                0.798023
                6             6               7            7                0.998467
                6             6              17            1                0.975930
                6             6              18            1                0.998281
                7             7              19            1                0.860345
# -----------------------------------------------------------
$ VdW_Correction
   description: The Van der Waals Correction
   geom. index: 1
   prop. index: 1
        Van der Waals Correction:       -0.0360954237
# -----------------------------------------------------------
$ Hessian
   description: Details about the Hessian
   geom. index: 1
   prop. index: 1
Normal modes:
Number of Rows: 60 Number of Columns: 60
                  0          1          2          3          4          5    
      0       0.000000   0.000000   0.000000   0.000000   0.000000   0.000000
      1       0.000000   0.000000   0.000000   0.000000   0.000000   0.000000
      2       0.000000   0.000000   0.000000   0.000000   0.000000   0.000000
      3       0.000000   0.000000   0.000000   0.000000   0.000000   0.000000
      4       0.000000   0.000000   0.000000   0.000000   0.000000   0.000000
      5       0.000000   0.000000   0.000000   0.000000   0.000000   0.000000
      6       0.000000   0.000000   0.000000   0.000000   0.000000   0.000000
      7       0.000000   0.000000   0.000000   0.000000   0.000000   0.000000
      8       0.000000   0.000000   0.000000   0.000000   0.000000   0.000000
      9       0.000000   0.000000   0.000000   0.000000   0.000000   0.000000
     10       0.000000   0.000000   0.000000   0.000000   0.000000   0.000000
     11       0.000000   0.000000   0.000000   0.000000   0.000000   0.000000
     12       0.000000   0.000000   0.000000   0.000000   0.000000   0.000000
     13       0.000000   0.000000   0.000000   0.000000   0.000000   0.000000
     14       0.000000   0.000000   0.000000   0.000000   0.000000   0.000000
     15       0.000000   0.000000   0.000000   0.000000   0.000000   0.000000
     16       0.000000   0.000000   0.000000   0.000000   0.000000   0.000000
     17       0.000000   0.000000   0.000000   0.000000   0.000000   0.000000
     18       0.000000   0.000000   0.000000   0.000000   0.000000   0.000000
     19       0.000000   0.000000   0.000000   0.000000   0.000000   0.000000
     20       0.000000   0.000000   0.000000   0.000000   0.000000   0.000000
     21       0.000000   0.000000   0.000000   0.000000   0.000000   0.000000
     22       0.000000   0.000000   0.000000   0.000000   0.000000   0.000000
     23       0.000000   0.000000   0.000000   0.000000   0.000000   0.000000
     24       0.000000   0.000000   0.000000   0.000000   0.000000   0.000000
     25       0.000000   0.000000   0.000000   0.000000   0.000000   0.000000
     26       0.000000   0.000000   0.000000   0.000000   0.000000   0.000000
     27       0.000000   0.000000   0.000000   0.000000   0.000000   0.000000
     28       0.000000   0.000000   0.000000   0.000000   0.000000   0.000000
     29       0.000000   0.000000   0.000000   0.000000   0.000000   0.000000
     30       0.000000   0.000000   0.000000   0.000000   0.000000   0.000000
     31       0.000000   0.000000   0.000000   0.000000   0.000000   0.000000
     32       0.000000   0.000000   0.000000   0.000000   0.000000   0.000000
     33       0.000000   0.000000   0.000000   0.000000   0.000000   0.000000
     34       0.000000   0.000000   0.000000   0.000000   0.000000   0.000000
     35       0.000000   0.000000   0.000000   0.000000   0.000000   0.000000
     36       0.000000   0.000000   0.000000   0.000000   0.000000   0.000000
     37       0.000000   0.000000   0.000000   0.000000   0.000000   0.000000
     38       0.000000   0.000000   0.000000   0.000000   0.000000   0.000000
     39       0.000000   0.000000   0.000000   0.000000   0.000000   0.000000
     40       0.000000   0.000000   0.000000   0.000000   0.000000   0.000000
     41       0.000000   0.000000   0.000000   0.000000   0.000000   0.000000
     42       0.000000   0.000000   0.000000   0.000000   0.000000   0.000000
     43       0.000000   0.000000   0.000000   0.000000   0.000000   0.000000
     44       0.000000   0.000000   0.000000   0.000000   0.000000   0.000000
     45       0.000000   0.000000   0.000000   0.000000   0.000000   0.000000
     46       0.000000   0.000000   0.000000   0.000000   0.000000   0.000000
     47       0.000000   0.000000   0.000000   0.000000   0.000000   0.000000
     48       0.000000   0.000000   0.000000   0.000000   0.000000   0.000000
     49       0.000000   0.000000   0.000000   0.000000   0.000000   0.000000
     50       0.000000   0.000000   0.000000   0.000000   0.000000   0.000000
     51       0.000000   0.000000   0.000000   0.000000   0.000000   0.000000
     52       0.000000   0.000000   0.000000   0.000000   0.000000   0.000000
     53       0.000000   0.000000   0.000000   0.000000   0.000000   0.000000
     54       0.000000   0.000000   0.000000   0.000000   0.000000   0.000000
     55       0.000000   0.000000   0.000000   0.000000   0.000000   0.000000
     56       0.000000   0.000000   0.000000   0.000000   0.000000   0.000000
     57       0.000000   0.000000   0.000000   0.000000   0.000000   0.000000
     58       0.000000   0.000000   0.000000   0.000000   0.000000   0.000000
     59       0.000000   0.000000   0.000000   0.000000   0.000000   0.000000
                  6          7          8          9         10         11    
      0      -0.019245  -0.022436   0.003335   0.094222  -0.017694   0.186161
      1      -0.048793   0.082828  -0.048538   0.032661  -0.034378  -0.113243
      2       0.120786   0.031968  -0.168345  -0.015189   0.087901   0.027928
      3      -0.017276  -0.085148  -0.093121   0.140627  -0.084378  -0.025512
      4      -0.052185   0.099058  -0.019261   0.013402  -0.029648  -0.111348
      5      -0.138035  -0.235627  -0.004722   0.015230  -0.019890  -0.035766
      6       0.023776   0.006926  -0.062935   0.057056  -0.032341  -0.130256
      7      -0.020168  -0.098648  -0.018513  -0.154265  -0.059423  -0.100873
      8      -0.099032   0.106921   0.044071   0.074539   0.078118  -0.118252
      9      -0.026143   0.005600  -0.046906  -0.006154  -0.009799  -0.168380
     10      -0.011120  -0.019887   0.048473   0.053853   0.042807   0.014213
     11       0.037177   0.030665  -0.018452  -0.074212  -0.066035  -0.026859
     12      -0.030590  -0.102118   0.021831  -0.092288   0.189159  -0.012645
     13      -0.020108  -0.017077   0.073535   0.092778   0.045947  -0.005758
     14       0.001692  -0.019960   0.094183  -0.047126   0.055410  -0.010977
     15       0.004515  -0.017709  -0.038817   0.045148   0.024735   0.161677
     16       0.005341  -0.020659  -0.010526   0.073505   0.013855   0.053325
     17       0.012834   0.053048   0.078809   0.065249  -0.060070   0.087733
     18       0.185783   0.021543   0.151166  -0.022758  -0.034210  -0.044317
     19       0.124478  -0.047608   0.000887  -0.026452   0.017953   0.080567
     20       0.008806   0.037651   0.032648   0.013629  -0.059756   0.129447
     21      -0.135571   0.181336   0.030375  -0.198329  -0.038520   0.053921
     22       0.018333   0.012835  -0.020312  -0.042099   0.020252   0.176073
     23       0.059633   0.011666  -0.023777  -0.059752  -0.069981  -0.019304
     24       0.029801  -0.008793  -0.159860   0.006407   0.135556   0.133215
     25      -0.190664  -0.027519   0.125820   0.002134  -0.099687  -0.094841
     26       0.260448   0.121678  -0.434652  -0.073246   0.271142  -0.036554
     27      -0.116315  -0.007522   0.296997   0.144871  -0.210181   0.263654
     28       0.130165   0.287783  -0.210072   0.009338   0.082417  -0.128999
     29       0.223584   0.124229  -0.309201  -0.036400   0.185227   0.007000
     30       0.011505  -0.002781  -0.077646   0.110215  -0.042427  -0.058312
     31       0.010384   0.160669  -0.014343   0.005081   0.027708   0.088165
     32      -0.208059  -0.402010  -0.041859   0.082909  -0.114683  -0.034933
     33       0.117502   0.106213  -0.096228  -0.105002  -0.129694  -0.097130
     34       0.014858  -0.430640  -0.085271  -0.490606  -0.309219   0.000500
     35      -0.103744   0.063688   0.039014   0.055618   0.061522  -0.112821
     36       0.004039  -0.013669   0.013050   0.161702   0.112843  -0.105769
     37      -0.030724  -0.032548  -0.015082  -0.090640  -0.028688  -0.131374
     38      -0.152283   0.394322   0.108594   0.433691   0.317871  -0.226413
     39       0.021003  -0.008115  -0.070089   0.088655  -0.047537  -0.145082
     40      -0.004251   0.003579   0.068215   0.140518  -0.001239   0.006550
     41       0.102928  -0.025092  -0.084849  -0.044427  -0.065900   0.023440
     42      -0.054511  -0.216691   0.112201  -0.259158   0.479163  -0.107044
     43      -0.052956  -0.045085   0.170556   0.108309   0.171125   0.132736
     44       0.002103   0.007818   0.089767   0.004535  -0.004383   0.047982
     45      -0.031021  -0.097515   0.026656  -0.069917   0.185811   0.060920
     46      -0.004619   0.018860   0.007832   0.088207  -0.080668  -0.222577
     47      -0.028719  -0.136727   0.204334  -0.225615   0.376701  -0.128593
     48      -0.039669   0.025758  -0.114720   0.063959  -0.043067   0.077886
     49       0.021353  -0.030342   0.001467   0.064598   0.024891   0.076221
     50      -0.062171   0.070277   0.110493   0.119524  -0.040398   0.006414
     51       0.368516  -0.045753   0.269782   0.041589  -0.048902  -0.186830
     52       0.082527   0.012196   0.018497  -0.148062  -0.006569   0.009588
     53      -0.259365   0.092342  -0.184310   0.024555  -0.011828   0.438925
     54       0.355587   0.000053   0.312871  -0.020782  -0.067352  -0.243859
     55       0.323634  -0.148230   0.037688   0.042572   0.016144  -0.036041
     56       0.219865   0.007351   0.220035   0.022094  -0.098657  -0.101535
     57      -0.187994   0.221413   0.029139  -0.257092  -0.044523   0.106042
     58      -0.182378   0.118833  -0.095408  -0.191576   0.015469   0.255845
     59       0.114665  -0.069006  -0.071007   0.054193  -0.051613  -0.178388
                 12         13         14         15         16         17    
      0       0.050014   0.006886   0.038197  -0.214771   0.098218   0.015264
      1      -0.099391   0.007824  -0.129420   0.093378   0.019051  -0.102751
      2       0.009199  -0.040161  -0.045049  -0.073233   0.020035   0.013432
      3      -0.212508   0.015979   0.166783  -0.017624  -0.057467   0.004308
      4      -0.059086  -0.098904   0.086799  -0.022988   0.041697   0.038176
      5       0.007817  -0.033783  -0.095318  -0.002735   0.037958  -0.024336
      6       0.028947  -0.021212  -0.088309  -0.049899  -0.140210  -0.031525
      7       0.117878  -0.042304   0.094096  -0.065811  -0.153396   0.089218
      8       0.099255   0.017454   0.014424  -0.096759  -0.137068  -0.010589
      9       0.079847  -0.181265  -0.125188   0.049960   0.160170   0.070232
     10       0.120978   0.060379   0.099221   0.005403  -0.054052   0.010400
     11       0.043913   0.176342   0.039072  -0.019791  -0.011909  -0.103788
     12       0.058097  -0.036527   0.061363   0.122194   0.016728  -0.073921
     13       0.088008   0.140934   0.067633   0.012574   0.140465  -0.054439
     14      -0.176244   0.036019  -0.080608  -0.087828   0.007523   0.078899
     15       0.106381   0.093661  -0.047577   0.078992  -0.044077  -0.002508
     16      -0.076163   0.303666  -0.164851   0.071689  -0.045744   0.051387
     17      -0.028001  -0.098621  -0.044886   0.010787  -0.016315  -0.062709
     18       0.000124   0.040725  -0.010521   0.066334  -0.042533   0.045760
     19      -0.052523  -0.064806  -0.036930  -0.021371   0.026515   0.110544
     20       0.031214  -0.172549   0.047623   0.171615  -0.076206   0.079173
     21      -0.057741   0.063261   0.010372   0.011045   0.043690   0.017887
     22      -0.036241  -0.260394  -0.015636   0.000528  -0.053183  -0.119555
     23       0.050453   0.148286   0.091398   0.042746   0.130502   0.041951
     24       0.127681   0.031355   0.174667  -0.218417   0.190809  -0.008325
     25       0.063302  -0.149240  -0.260033  -0.014639   0.080432  -0.071529
     26      -0.033246   0.084263   0.165770   0.001012   0.062924  -0.028382
     27       0.120540  -0.270106  -0.106044  -0.356768   0.104545   0.051500
     28      -0.136790  -0.023714   0.101013   0.097245   0.072877  -0.108020
     29      -0.020264   0.011155   0.079041  -0.041540   0.044243  -0.005509
     30      -0.053831  -0.002854  -0.096020  -0.182868  -0.144881  -0.012737
     31       0.075334  -0.056454  -0.161461  -0.282909   0.187854   0.048138
     32      -0.352801  -0.010792   0.531183   0.394800   0.156060   0.015950
     33       0.043098   0.207850  -0.057509  -0.145604  -0.287931  -0.221790
     34       0.161011   0.118498  -0.162657  -0.219261  -0.133223  -0.138403
     35       0.105432   0.009435  -0.026862  -0.105068  -0.118829  -0.019258
     36       0.179789  -0.002179  -0.039412  -0.011554  -0.268968   0.043723
     37       0.082410  -0.092667   0.139251  -0.039533  -0.133232   0.133635
     38       0.028543  -0.183001   0.251492   0.060958  -0.119438   0.228210
     39      -0.005945  -0.214831  -0.256778   0.072673   0.303547   0.060328
     40       0.016234   0.183633  -0.040816  -0.045231   0.061891   0.148872
     41       0.054892  -0.050903   0.036264   0.078590   0.045204  -0.322129
     42      -0.285801   0.038633   0.027502   0.014583  -0.077939  -0.041269
     43      -0.077959  -0.044524   0.067287  -0.057760   0.162441  -0.114878
     44      -0.109766  -0.029211  -0.070332  -0.076450   0.037318   0.054468
     45       0.055998   0.019871   0.055252   0.144935  -0.046387  -0.104446
     46       0.244863  -0.029867   0.073089   0.010903   0.390906   0.038528
     47      -0.520361  -0.024904  -0.063311  -0.245913  -0.022523   0.113041
     48      -0.029068   0.081443  -0.262813   0.169445  -0.134830  -0.067448
     49      -0.057792   0.293627  -0.136639   0.061255  -0.039565   0.105871
     50       0.048634   0.081874   0.050876   0.013531   0.108846  -0.508587
     51      -0.039292  -0.007302   0.009888   0.022886  -0.047723  -0.114580
     52      -0.097463  -0.180261   0.081513  -0.104486   0.169708   0.047097
     53       0.143719   0.006623  -0.100655   0.338704  -0.206554   0.409463
     54      -0.102873  -0.072002   0.049252  -0.018099  -0.007145  -0.180574
     55       0.017223   0.000778   0.036635  -0.080639   0.117197  -0.015540
     56      -0.078296  -0.310699   0.123373   0.077126  -0.032045  -0.191632
     57      -0.108602   0.253559   0.090205  -0.029052   0.032849   0.009538
     58      -0.142853   0.138828   0.111031  -0.155099   0.022595  -0.186448
     59       0.170011  -0.203643  -0.095142   0.082742   0.253143   0.076110
                 18         19         20         21         22         23    
      0      -0.022378  -0.037559  -0.030543  -0.048207   0.051505  -0.008453
      1      -0.118495  -0.042143  -0.027046   0.014262  -0.035422   0.009765
      2       0.002973   0.027104   0.061469   0.122085   0.048887  -0.016521
      3       0.041596  -0.001661   0.063739  -0.002733   0.006319   0.049129
      4       0.042943  -0.004600   0.026710   0.004178   0.030509  -0.040846
      5      -0.074377  -0.026984  -0.001546  -0.014615   0.029444   0.024732
      6      -0.093990  -0.013927  -0.006092   0.024407  -0.030331  -0.042619
      7       0.028774   0.069351  -0.017022   0.015962  -0.010638   0.043653
      8       0.085767  -0.008709   0.068883  -0.072493  -0.079353  -0.027852
      9       0.071321   0.041281  -0.009894  -0.028614   0.017389  -0.029507
     10      -0.091657  -0.056042  -0.120833   0.040156   0.057315   0.036886
     11       0.078969  -0.047550  -0.075266   0.030138   0.096786  -0.045265
     12       0.023315   0.090020   0.039190  -0.014715   0.047197   0.010771
     13       0.035517  -0.043541   0.071739  -0.012887  -0.044731  -0.039035
     14       0.038006   0.051822  -0.167408  -0.052619  -0.024100  -0.011484
     15       0.009995   0.031276  -0.059174   0.009456  -0.104612  -0.003384
     16       0.089475   0.054041   0.055142  -0.049317   0.107192   0.019864
     17       0.046658   0.102796   0.019586   0.038168  -0.043146   0.030852
     18       0.046378  -0.077314  -0.002686   0.056342  -0.008237  -0.032160
     19      -0.027685   0.066671   0.041782  -0.003238  -0.075269  -0.020229
     20      -0.101164  -0.062087   0.079435  -0.109075   0.054045  -0.035208
     21       0.006120  -0.019635  -0.005041  -0.004866   0.001484   0.059649
     22       0.088826  -0.054134  -0.058286   0.014049   0.013295   0.030587
     23      -0.098308   0.001910   0.051033   0.050705  -0.058748   0.068904
     24      -0.138838  -0.168199  -0.272977  -0.350535  -0.031280  -0.064930
     25      -0.225269  -0.051679  -0.027316   0.195324   0.015174  -0.103917
     26      -0.027682  -0.082331  -0.153748  -0.270564  -0.058458   0.007275
     27       0.017715   0.076971   0.141770   0.457611   0.106113  -0.148654
     28      -0.059712  -0.077440  -0.148435  -0.138502  -0.129094  -0.060141
     29       0.010228  -0.016725  -0.036958  -0.062231  -0.007437  -0.013513
     30      -0.075924  -0.027125   0.236723  -0.094503   0.055037   0.208925
     31      -0.074652  -0.057013   0.173483  -0.055850   0.276871   0.141254
     32       0.214075   0.043948  -0.385783   0.188295  -0.147051  -0.356009
     33       0.053585  -0.112303   0.039740  -0.006897  -0.165515  -0.232463
     34       0.149484  -0.131868   0.183830  -0.231453  -0.177484  -0.096208
     35       0.072839  -0.020771   0.081675  -0.093007  -0.079685  -0.026223
     36      -0.351701   0.053771  -0.259898   0.139737   0.026171   0.048254
     37       0.035359   0.102648  -0.023397   0.054263   0.023905   0.061308
     38      -0.049139   0.185710  -0.128282   0.176288   0.114930   0.119414
     39       0.020787  -0.058009  -0.097440  -0.017380   0.094862  -0.068132
     40      -0.160403  -0.177995  -0.272964   0.014711   0.048918   0.114201
     41       0.099571  -0.038521  -0.009460   0.087542   0.233799  -0.214496
     42      -0.111093  -0.305447   0.311289   0.210010   0.135510   0.008221
     43      -0.044272  -0.132098   0.295221  -0.059389  -0.568259  -0.100711
     44       0.058670   0.145014  -0.205454  -0.126398  -0.169009  -0.025115
     45       0.019567   0.120928   0.030336  -0.036371   0.021727   0.076278
     46       0.121209   0.049607  -0.003697  -0.034346   0.071803  -0.254437
     47      -0.114557  -0.402435   0.110319   0.181088  -0.072320  -0.088558
     48      -0.124741   0.025339  -0.184117   0.067233  -0.287706   0.077424
     49       0.103172   0.049334   0.080434  -0.071897   0.146124  -0.024359
     50       0.144137   0.165771   0.048153   0.137025  -0.083987   0.334281
     51      -0.060260   0.053374  -0.001125  -0.092072   0.092626  -0.071674
     52      -0.090521   0.021410   0.004938  -0.012415  -0.150722   0.220960
     53       0.144273  -0.249728   0.112825   0.145198  -0.042769  -0.193773
     54      -0.098741   0.071027   0.001027  -0.159991   0.144799   0.019115
     55      -0.148961   0.162135   0.024851   0.023461  -0.184827   0.004038
     56      -0.269506   0.104739   0.085641  -0.355331   0.223078   0.030887
     57      -0.226176   0.163113   0.063582   0.004607   0.022014  -0.108571
     58      -0.434695   0.483136   0.106993   0.003980   0.037400  -0.365981
     59       0.314932  -0.241420  -0.048106   0.012452  -0.136837   0.381519
                 24         25         26         27         28         29    
      0       0.038090   0.032944  -0.064993   0.045505   0.067813  -0.002062
      1      -0.000253   0.069205  -0.031444  -0.063385   0.110752  -0.024556
      2       0.030406   0.008943  -0.039130  -0.094031  -0.051410  -0.049270
      3      -0.041781  -0.013631   0.024263  -0.082110   0.029268  -0.005227
      4       0.012292  -0.024348   0.090820   0.045830  -0.130884  -0.008741
      5      -0.051221   0.028184   0.042549   0.051314  -0.032562   0.030531
      6       0.010900   0.062090   0.015191   0.089983  -0.088599  -0.017412
      7      -0.042794  -0.014644  -0.094107   0.059495   0.044255   0.036736
      8       0.058474  -0.036006   0.015475  -0.057534   0.066841  -0.042847
      9       0.029748  -0.087501  -0.019199   0.025129   0.048881   0.026790
     10       0.051884  -0.053256   0.069264  -0.093644   0.001313   0.002661
     11      -0.030283   0.016663  -0.005640  -0.037686  -0.033649   0.162029
     12       0.004314   0.083733   0.054319  -0.073966  -0.013521  -0.059027
     13      -0.050416   0.025805  -0.019495  -0.016607  -0.015126   0.015239
     14      -0.057973   0.019789   0.033314  -0.049644  -0.010926  -0.072285
     15      -0.020790  -0.089056  -0.012864  -0.020273  -0.053757   0.053704
     16       0.048458  -0.009470  -0.083567   0.070783  -0.012242  -0.045055
     17       0.041152   0.004513   0.033781   0.060592   0.043177   0.059466
     18      -0.067587   0.016741   0.080894   0.055860   0.058550  -0.063919
     19       0.042151   0.089185   0.055988  -0.027074   0.018945   0.176649
     20       0.022574   0.009425  -0.033161  -0.026336  -0.004535   0.043695
     21       0.020033   0.033294  -0.041350  -0.026319  -0.038802   0.046542
     22      -0.048097  -0.045784  -0.021576   0.033766   0.005803  -0.132370
     23      -0.013562  -0.039993  -0.003847   0.052415   0.009228  -0.164741
     24       0.005522   0.136390  -0.026371   0.315833   0.046559   0.000740
     25       0.027781   0.182443  -0.080203  -0.096312  -0.133084  -0.176622
     26      -0.017250   0.027133   0.035607   0.174091   0.084193   0.056046
     27       0.205581   0.101294  -0.117801  -0.218465   0.085701  -0.163994
     28       0.098063   0.111890   0.061985   0.118372   0.346149   0.012851
     29       0.036259   0.019578   0.009348   0.048802   0.064996   0.007923
     30      -0.243468  -0.024156   0.139258  -0.118589   0.057345   0.030500
     31      -0.170919  -0.029754   0.185074   0.007886  -0.235845   0.070290
     32       0.417491   0.043497  -0.218108   0.126238  -0.058496  -0.074354
     33       0.197161   0.167800  -0.034875   0.019721  -0.282430  -0.044978
     34       0.194052  -0.096482   0.179688  -0.171100   0.129915  -0.147233
     35       0.060222  -0.048991   0.052319  -0.062647   0.086105  -0.055926
     36       0.000180   0.229953  -0.168156   0.167708   0.078701  -0.103964
     37      -0.098319  -0.030056  -0.112306   0.108379  -0.015525   0.099948
     38      -0.202431   0.015881  -0.201790   0.191510  -0.061914   0.180191
     39       0.073714  -0.338446   0.192445   0.074614  -0.056578   0.147500
     40       0.264060  -0.288621   0.333478  -0.138043  -0.119745   0.018133
     41      -0.269443  -0.056122  -0.042561   0.098393  -0.033921   0.337983
     42       0.190410  -0.207858  -0.091112   0.169495   0.184663   0.208778
     43      -0.201823  -0.032010  -0.239554   0.123306  -0.449275   0.041161
     44      -0.147551   0.087084   0.029215  -0.091151  -0.166044  -0.141349
     45       0.080207   0.083452   0.127013  -0.004818  -0.127823  -0.089298
     46      -0.341933   0.130174  -0.184265  -0.329448   0.333560   0.008949
     47      -0.020128  -0.250824  -0.214204   0.110990   0.154371   0.231877
     48      -0.153650  -0.378849  -0.246184  -0.358351  -0.018531   0.291346
     49       0.066008   0.044964  -0.063799   0.102371  -0.036056  -0.115719
     50       0.138881   0.012934   0.231723   0.397183   0.223617   0.339968
     51      -0.003773  -0.136736  -0.082023   0.004556  -0.030232  -0.057282
     52       0.115448   0.243317   0.035508  -0.102396  -0.023075   0.237018
     53      -0.155039   0.119933   0.257766   0.135340   0.187274  -0.032644
     54       0.043217  -0.078087  -0.150261  -0.022480  -0.071021  -0.088458
     55       0.064123  -0.144217   0.009120  -0.056406  -0.002228   0.243506
     56       0.150874  -0.116131  -0.303989  -0.112177  -0.152949   0.010506
     57      -0.029447  -0.053812   0.059835   0.020927   0.035343   0.032902
     58      -0.103219  -0.390009   0.144679   0.166595   0.181020  -0.257884
     59       0.141549   0.032163  -0.228397  -0.019591  -0.116173  -0.196207
                 30         31         32         33         34         35    
      0       0.005890  -0.014937  -0.020589  -0.017572  -0.028269   0.052799
      1      -0.058400  -0.014972   0.011343  -0.010024  -0.034583   0.057681
      2      -0.032400   0.018691  -0.014336   0.036680   0.009408   0.019495
      3      -0.029552   0.000369   0.005591   0.023077  -0.022792   0.005992
      4       0.084737   0.014259  -0.001707   0.031939   0.025728  -0.023550
      5       0.029054  -0.002275   0.021832  -0.069503   0.006062  -0.007960
      6       0.036983   0.018398   0.006492  -0.004415   0.068893  -0.072207
      7      -0.058693  -0.004098   0.000893  -0.020777   0.020938   0.022672
      8      -0.006323  -0.010059  -0.012548   0.030714  -0.001813   0.008678
      9      -0.017556  -0.020548  -0.015094   0.006961  -0.077122   0.028220
     10       0.019100  -0.050094  -0.012372   0.005048  -0.134355  -0.026667
     11      -0.030148  -0.024553   0.022268  -0.009475   0.026841   0.053340
     12       0.003009  -0.012788  -0.001447  -0.023558   0.001078   0.027750
     13      -0.010097   0.038302   0.008383  -0.010243   0.055347  -0.075960
     14      -0.004088   0.034848   0.006959   0.015975   0.018954  -0.019130
     15       0.002998   0.033010   0.017281   0.009335   0.076089  -0.039865
     16       0.014444  -0.013904  -0.016915   0.013130   0.000695  -0.010150
     17       0.030600  -0.050694  -0.008257  -0.038833  -0.102145  -0.085717
     18      -0.009652  -0.010958  -0.039213   0.000555  -0.019389   0.013474
     19      -0.003441  -0.002809  -0.014192   0.002617   0.003888   0.036510
     20      -0.006118   0.043386   0.004310   0.017658   0.027867   0.011172
     21       0.009540   0.008481   0.054489   0.013832  -0.011956  -0.016936
     22       0.008130   0.027558   0.003440  -0.011609   0.028350   0.003782
     23       0.014652  -0.010667  -0.020168  -0.007337   0.007400  -0.009328
     24      -0.230393   0.144328  -0.118726   0.171911  -0.135879  -0.272520
     25      -0.400750   0.232618  -0.122171   0.330644  -0.130336  -0.231419
     26      -0.011513  -0.001786  -0.011164  -0.017302  -0.029231  -0.083310
     27      -0.044786  -0.149979   0.191815  -0.147902   0.333085  -0.131904
     28       0.100807  -0.281856   0.297377  -0.300411   0.296426  -0.142149
     29       0.044239  -0.069309   0.064441  -0.073051   0.070561  -0.029987
     30      -0.101650  -0.005208   0.053972  -0.015803   0.024840  -0.083152
     31       0.305303   0.006397  -0.037459  -0.038052  -0.194355   0.241585
     32       0.102924   0.013486  -0.069677   0.055015  -0.018839   0.086765
     33       0.003354   0.277344  -0.183271  -0.490762  -0.383323   0.206528
     34       0.110957  -0.103259   0.030487   0.218228   0.076990  -0.025507
     35       0.021635  -0.050530   0.014280   0.103004   0.062083  -0.024519
     36       0.408815  -0.164165   0.121708   0.431354   0.091699   0.340821
     37      -0.148263   0.034965  -0.015301  -0.135605   0.025132  -0.042021
     38      -0.164010   0.036555  -0.001993  -0.170849   0.032813   0.007272
     39      -0.265615  -0.129899  -0.011529   0.028940   0.248572   0.094499
     40      -0.239928   0.045903   0.011500  -0.158623   0.358774   0.248104
     41      -0.064718  -0.345867  -0.001586   0.264091  -0.155193  -0.234952
     42       0.060511   0.071036  -0.037753  -0.052586   0.020343  -0.143425
     43      -0.177947  -0.378012   0.058585   0.052779  -0.084505   0.399540
     44      -0.058894  -0.083373   0.029250   0.042897  -0.023029   0.137679
     45      -0.099418  -0.085246   0.028686  -0.012435  -0.022315  -0.014668
     46       0.317032   0.281984  -0.093604  -0.066751   0.158192   0.064647
     47       0.101248   0.070319  -0.017937   0.035111  -0.017209   0.006110
     48       0.320907   0.005901  -0.314759  -0.061678  -0.005907  -0.083527
     49      -0.040727  -0.050347   0.055767  -0.000895  -0.011857  -0.044600
     50      -0.020650   0.376239  -0.124282   0.246538   0.216808   0.343139
     51      -0.013390   0.079114   0.195168  -0.003753  -0.054728   0.075136
     52       0.037505  -0.160146  -0.458066   0.024328   0.191228  -0.224123
     53      -0.037843   0.048791   0.022955   0.007572  -0.078998   0.159272
     54      -0.005992  -0.062808  -0.121320  -0.031091   0.108823   0.041888
     55       0.047892   0.338467   0.594329   0.102794  -0.309329  -0.098586
     56       0.002086   0.017566  -0.039744  -0.008954   0.149556   0.035475
     57      -0.012498  -0.010168  -0.012445   0.012838   0.004074   0.001190
     58      -0.045491   0.019094  -0.073139  -0.069658  -0.078420   0.080523
     59       0.055784   0.029284   0.131447  -0.044495  -0.147492  -0.017787
                 36         37         38         39         40         41    
      0      -0.046700  -0.002945   0.005909  -0.048764   0.071882  -0.074211
      1      -0.024201  -0.028572   0.058266  -0.004830   0.032299  -0.068988
      2      -0.021408   0.007549   0.010404   0.001599   0.014714  -0.017833
      3       0.022834  -0.000707   0.013149   0.010546  -0.033556   0.034638
      4       0.016199  -0.014474  -0.008668   0.003952  -0.005356  -0.000067
      5      -0.007252   0.001964  -0.006093   0.022292  -0.023555   0.014342
      6       0.000482   0.023396  -0.057630  -0.004581   0.111042  -0.080704
      7      -0.019900  -0.008645   0.019931  -0.036038  -0.010945  -0.000993
      8      -0.022393  -0.010566  -0.000049  -0.018799  -0.011917  -0.010692
      9       0.017944   0.063005   0.055361   0.082654   0.021421   0.039171
     10      -0.013721   0.020833  -0.074159   0.108547   0.000377  -0.022830
     11       0.104976   0.022806   0.048575   0.015459   0.084259   0.061529
     12       0.002332  -0.023347  -0.060973  -0.052616   0.024047   0.005226
     13      -0.004369   0.079828   0.146245  -0.068844  -0.030669  -0.040085
     14      -0.053674   0.043180   0.034401   0.016677  -0.026856  -0.013269
     15       0.021130  -0.094596   0.077693   0.141788  -0.047252  -0.036081
     16      -0.025533  -0.004984  -0.068821   0.006476   0.015158   0.055864
     17       0.099281  -0.103035   0.009537  -0.077898   0.017762   0.002620
     18      -0.031592   0.010928   0.015880  -0.008255   0.035786   0.047277
     19       0.077642   0.036471  -0.027804  -0.003436  -0.065492  -0.086259
     20      -0.061161   0.016373   0.024088   0.017814   0.033811   0.044577
     21      -0.006532  -0.008778  -0.030039  -0.020734  -0.023993  -0.027195
     22       0.005954  -0.001918   0.005637  -0.013004   0.017281   0.007106
     23      -0.002472  -0.006777  -0.033353  -0.011054  -0.016532  -0.031338
     24       0.259730   0.033063  -0.216245  -0.104177  -0.155445   0.280576
     25       0.254433  -0.011610  -0.136062  -0.007732  -0.108215   0.269163
     26       0.072747   0.018062  -0.056573  -0.044506  -0.087245   0.076018
     27      -0.054339   0.245950  -0.179909   0.147096  -0.240564   0.286518
     28      -0.028627   0.164998  -0.161623   0.188023  -0.152044   0.269085
     29      -0.021380   0.040981  -0.047466   0.032913  -0.003614   0.053056
     30       0.061274  -0.034381  -0.027702   0.055360  -0.088825   0.071092
     31      -0.011726   0.081764   0.164796  -0.019003  -0.042796   0.090546
     32      -0.069849   0.037061   0.020360  -0.072114   0.098908  -0.084048
     33      -0.255903  -0.123037   0.074302   0.015079  -0.487628   0.182588
     34       0.020347  -0.006267  -0.055175  -0.037148   0.011011   0.019775
     35       0.007702   0.003683  -0.025719  -0.027205   0.052381  -0.029365
     36       0.117351  -0.138106   0.347456  -0.207016  -0.354836   0.288944
     37      -0.047322   0.017652  -0.059542  -0.010893   0.055680  -0.049021
     38      -0.040236   0.004444  -0.047891  -0.035841  -0.008656   0.031899
     39      -0.238665  -0.257761  -0.073770  -0.390859  -0.228413  -0.027951
     40       0.104725  -0.260700  -0.074346  -0.352601   0.042631   0.106374
     41      -0.477288  -0.098265  -0.171084  -0.082096  -0.373658  -0.236752
     42       0.102470  -0.043392   0.137097  -0.102808  -0.043928   0.101666
     43       0.050951  -0.041214  -0.282875   0.112339   0.174520   0.229600
     44      -0.070362   0.021666  -0.117461   0.085531   0.041047   0.010512
     45      -0.026957   0.152036   0.119197  -0.117478   0.008931  -0.000026
     46       0.086669  -0.488819  -0.433916   0.054251   0.022787   0.069542
     47       0.061027  -0.162464  -0.095349   0.239663   0.003222  -0.125655
     48       0.000283   0.467437  -0.258702  -0.490014   0.012942   0.170806
     49       0.005364  -0.144722   0.017411   0.091159   0.014542   0.025819
     50      -0.205381   0.243491  -0.280733   0.272677  -0.082087   0.001084
     51       0.126769   0.062918  -0.062544  -0.035497  -0.059118  -0.140364
     52      -0.362243  -0.211095   0.267444   0.179146   0.235307   0.383574
     53       0.081465   0.169938  -0.129514  -0.097238  -0.102819  -0.081047
     54       0.145325   0.046165  -0.041991   0.061904  -0.158453  -0.133834
     55      -0.368628  -0.073406  -0.035834  -0.198505   0.254822   0.299848
     56       0.102390   0.053100  -0.053034   0.075146  -0.168813  -0.128883
     57      -0.030098   0.001622  -0.014330  -0.003438   0.010188   0.000045
     58       0.108370   0.070026   0.192469   0.104423   0.032299   0.133615
     59       0.150675   0.017495   0.039840   0.034886  -0.143469  -0.048176
                 42         43         44         45         46         47    
      0       0.011035  -0.030647   0.001454  -0.051433   0.030019  -0.043602
      1      -0.001679   0.038892   0.039629   0.033572   0.003660   0.022353
      2       0.003911  -0.007871   0.003653  -0.017507   0.012494  -0.013972
      3       0.004107  -0.002832  -0.018240   0.014183  -0.021075   0.006999
      4      -0.024195   0.007383   0.036810  -0.047779   0.071181  -0.024450
      5      -0.012035   0.000287   0.006194  -0.018350   0.021541  -0.010045
      6       0.000844   0.002672   0.008657   0.015804  -0.058213   0.016213
      7      -0.049256   0.012642  -0.024935  -0.011970  -0.040911   0.000969
      8      -0.039319   0.017515  -0.028418  -0.002637  -0.041668   0.002716
      9       0.001641   0.026678  -0.036139   0.018776   0.047368  -0.021652
     10       0.008269   0.015576   0.009074  -0.011120   0.002645  -0.011286
     11      -0.010337  -0.001066   0.008279   0.001409   0.017082  -0.009149
     12      -0.029952  -0.039500  -0.004088   0.012136   0.016770   0.029841
     13      -0.011125  -0.027130  -0.013309   0.013361   0.018187   0.009450
     14       0.035593   0.041374   0.014976  -0.021190  -0.027965  -0.031649
     15       0.011259   0.009565  -0.009205   0.019037  -0.020057  -0.006103
     16      -0.011592  -0.005117  -0.001209  -0.002158   0.011786   0.010424
     17      -0.003684  -0.001172  -0.014760   0.016497   0.005331   0.000494
     18      -0.006499  -0.019530   0.029558  -0.014734  -0.012346   0.012668
     19       0.015833   0.010015  -0.011439  -0.023432  -0.002646   0.016551
     20       0.015500   0.006309  -0.009482  -0.052754   0.003977   0.067187
     21       0.002996  -0.001707   0.006665  -0.006639  -0.009050   0.003561
     22       0.004960   0.021800  -0.035747   0.018321   0.023254  -0.009275
     23       0.009694   0.032256  -0.052311   0.022910   0.031048  -0.010961
     24      -0.066754   0.115202   0.060050   0.134486  -0.007657   0.148981
     25       0.093054  -0.248939  -0.286788  -0.105854  -0.148411  -0.125624
     26      -0.119216   0.298904   0.255000   0.232343   0.070952   0.247186
     27      -0.127084   0.248079   0.181843   0.206304   0.030737   0.235460
     28       0.078439  -0.259770  -0.287317  -0.130082  -0.150398  -0.137289
     29       0.062386  -0.184028  -0.168412  -0.143383  -0.048278  -0.138376
     30      -0.050993  -0.000132   0.067607  -0.130780   0.194011  -0.074895
     31       0.120572  -0.006421  -0.285791   0.396448  -0.592454   0.228519
     32       0.047745  -0.003408  -0.068753   0.125793  -0.202972   0.070572
     33       0.045047  -0.020912  -0.041011  -0.026073   0.168200  -0.030560
     34       0.566754  -0.204103   0.163937   0.244094   0.212120   0.083436
     35       0.045380  -0.014007   0.002827   0.037417  -0.037841   0.020327
     36      -0.019004  -0.027015   0.007871  -0.048580   0.162298  -0.030155
     37       0.104816  -0.041174   0.021603   0.058543  -0.016225   0.030818
     38       0.561238  -0.209415   0.162714   0.235159   0.210958   0.082953
     39      -0.021210  -0.043269  -0.022349   0.000895  -0.069950   0.049987
     40      -0.038468  -0.045231   0.003594   0.004784  -0.048485   0.037361
     41       0.016634  -0.027356   0.054594  -0.060404  -0.124950   0.035026
     42       0.302846   0.398518   0.117824  -0.182559  -0.239438  -0.279043
     43       0.071153   0.158121   0.059226  -0.070249  -0.069910  -0.091204
     44      -0.050273  -0.054291  -0.008997   0.020866   0.031809   0.039160
     45      -0.010631  -0.010899  -0.008288   0.001842   0.026257   0.000589
     46       0.085442   0.094946   0.070026  -0.062049  -0.143160  -0.038189
     47      -0.293951  -0.391924  -0.139017   0.201378   0.231122   0.275269
     48      -0.044294  -0.051579   0.004533  -0.080250   0.069552   0.019171
     49      -0.005542   0.004445  -0.008727   0.025668  -0.001585   0.012720
     50       0.011790   0.004957   0.028823  -0.058691  -0.016377   0.018827
     51       0.118471   0.105990  -0.151893  -0.240950   0.054768   0.295444
     52      -0.068626  -0.091454   0.113983   0.068852  -0.047584  -0.047360
     53      -0.134440  -0.134501   0.211079   0.273809  -0.083584  -0.389861
     54      -0.092005  -0.087766   0.129851   0.230200  -0.061266  -0.311411
     55      -0.106511  -0.051636   0.087111   0.195308  -0.000414  -0.204503
     56      -0.099685  -0.079325   0.122276   0.258708  -0.054511  -0.334590
     57       0.005974   0.041725  -0.068868   0.035573   0.048912  -0.019755
     58      -0.043384  -0.249046   0.360456  -0.195308  -0.218999   0.142508
     59      -0.034895  -0.314224   0.495549  -0.278612  -0.340711   0.179201
                 48         49         50         51         52         53    
      0      -0.027897   0.012061  -0.000360   0.004060  -0.002455  -0.033013
      1       0.034331  -0.016325   0.000074  -0.003725   0.001399   0.020027
      2      -0.048692   0.023973  -0.001219   0.003855   0.004342   0.059612
      3       0.000864  -0.004140   0.000141  -0.000853  -0.000059  -0.000119
      4       0.002273  -0.000916   0.000075  -0.000238   0.000444   0.000254
      5       0.000289   0.000948  -0.000024   0.000102   0.000211  -0.000110
      6       0.007007   0.012548   0.000245   0.002304  -0.000949   0.000305
      7       0.005603   0.009747  -0.000005   0.003025   0.011204  -0.003776
      8       0.030876   0.063148   0.000681   0.007138  -0.015475   0.001296
      9       0.002271   0.003197  -0.000054   0.013473   0.054396  -0.008281
     10      -0.002847  -0.006012  -0.000264  -0.010708  -0.048155   0.007655
     11      -0.001530  -0.002757  -0.000996  -0.009226  -0.033349   0.005302
     12      -0.000753   0.003994  -0.005589  -0.048275   0.009974  -0.017245
     13      -0.001352   0.004868  -0.003316  -0.026232   0.006416  -0.002969
     14       0.002239  -0.011795   0.004824   0.035542  -0.007990  -0.007518
     15       0.000138  -0.000709  -0.001495   0.002810  -0.003443  -0.005257
     16      -0.005704   0.002076  -0.010117   0.013024  -0.016703  -0.031518
     17      -0.001156   0.000591  -0.002631   0.000171  -0.001082  -0.001997
     18      -0.001090   0.001680   0.038565  -0.002914   0.006271   0.031234
     19      -0.001315   0.000802   0.030260  -0.002510   0.001699   0.005630
     20      -0.001165   0.000679   0.053440  -0.005235  -0.003361  -0.019814
     21      -0.000060  -0.000058  -0.002846  -0.000077  -0.002743  -0.000366
     22      -0.000188  -0.000035   0.001614  -0.000005   0.000706  -0.000384
     23      -0.000115  -0.000228  -0.001455   0.000226   0.000167  -0.000459
     24       0.146524  -0.058168  -0.001493  -0.026125   0.032172   0.444497
     25      -0.106503   0.043890   0.001466   0.017861  -0.024027  -0.328800
     26      -0.190009   0.077940   0.002152   0.029413  -0.036837  -0.503201
     27       0.159505  -0.074892   0.002792  -0.015522  -0.004737  -0.056412
     28      -0.331216   0.166580  -0.004249   0.032967   0.006318   0.097457
     29       0.769282  -0.366904   0.010410  -0.075649  -0.015777  -0.206376
     30      -0.011537   0.022322  -0.000981   0.003721  -0.002493   0.003121
     31       0.008794   0.008736  -0.000117   0.000842  -0.001471   0.002126
     32       0.000733   0.008700   0.000198   0.001564  -0.001026   0.001231
     33      -0.045557  -0.081144  -0.000653  -0.008609   0.020709  -0.001094
     34       0.055724   0.102652   0.001336   0.013423  -0.016071  -0.000623
     35      -0.408936  -0.837125  -0.008551  -0.099642   0.157548  -0.007668
     36      -0.016949  -0.027851  -0.000665  -0.008118  -0.016645   0.005235
     37      -0.123391  -0.221431  -0.001548  -0.049592  -0.121514   0.039138
     38       0.038490   0.069445   0.000315   0.013200   0.027912  -0.009307
     39      -0.031505  -0.051572  -0.002679  -0.162812  -0.631048   0.095873
     40       0.030188   0.052850   0.002357   0.141522   0.558166  -0.085855
     41       0.021312   0.036425   0.003118   0.103484   0.386414  -0.059113
     42      -0.010871   0.047464  -0.022573  -0.165021   0.034537   0.022954
     43       0.008683  -0.031780   0.013516   0.109210  -0.028025  -0.017946
     44      -0.026993   0.148087  -0.068055  -0.510207   0.109241   0.074902
     45       0.019044  -0.091316   0.086576   0.729517  -0.147227   0.182821
     46       0.005622  -0.022810   0.024365   0.194832  -0.042324   0.050752
     47       0.004095  -0.016240   0.012927   0.099508  -0.018541   0.020435
     48       0.007419  -0.000371   0.022163  -0.031198   0.038552   0.065516
     49       0.067899  -0.020090   0.120212  -0.164289   0.202418   0.364773
     50       0.005462  -0.001830   0.017616  -0.012335   0.018560   0.032961
     51       0.019783  -0.016578  -0.725039   0.064545  -0.015569  -0.067922
     52       0.012526  -0.009096  -0.396237   0.034812  -0.009865  -0.038859
     53       0.011235  -0.009854  -0.400756   0.036483  -0.010268  -0.043036
     54      -0.004541  -0.002394   0.274390  -0.030511  -0.062561  -0.309154
     55      -0.000195   0.000013   0.024239  -0.002596  -0.004582  -0.021726
     56       0.004291   0.001110  -0.211783   0.025266   0.053518   0.265844
     57      -0.000307   0.002334   0.032654   0.003167   0.033093   0.005679
     58       0.000715   0.001413  -0.006969  -0.002385  -0.009036   0.000355
     59       0.000118   0.000388   0.018334   0.000114   0.002184   0.001778
                 54         55         56         57         58         59    
      0       0.015422  -0.012570  -0.017352   0.011272  -0.000008   0.000630
      1      -0.008607   0.009393   0.010221  -0.007287   0.000119  -0.002258
      2      -0.030176   0.011108   0.023433  -0.017645  -0.000060   0.002835
      3       0.000200   0.000252  -0.000087   0.000477   0.000508   0.064584
      4      -0.000128  -0.000104  -0.000153   0.000162   0.000147   0.011230
      5       0.000213  -0.000078   0.000022   0.000277   0.000235   0.029023
      6      -0.001270  -0.004048   0.006471   0.006883  -0.000549  -0.000168
      7      -0.008097  -0.026490   0.049887   0.055199  -0.000202   0.000322
      8       0.003089   0.006961  -0.023578  -0.027084   0.000028   0.003633
      9      -0.000011   0.007798  -0.001207  -0.009849   0.003483  -0.000451
     10       0.000042  -0.009031   0.001399   0.008218  -0.000218  -0.000272
     11       0.000695  -0.005816   0.000422   0.003539  -0.003042  -0.000062
     12      -0.004017  -0.038562   0.024543  -0.042733   0.000192   0.000055
     13       0.001747   0.004412   0.001860  -0.000896   0.000043  -0.000020
     14      -0.008109  -0.052583   0.015597  -0.039553  -0.000368   0.000128
     15       0.004241   0.006935   0.009793  -0.004711  -0.000064  -0.000491
     16       0.018360   0.045991   0.050765  -0.020888   0.000504   0.000056
     17       0.000980   0.004038   0.005369  -0.002845  -0.000103  -0.000037
     18       0.072488  -0.009885   0.011389  -0.003984   0.004516  -0.000262
     19       0.015675  -0.000372   0.004030  -0.001318   0.004185  -0.000084
     20      -0.032471   0.012316   0.001863  -0.000877   0.000721  -0.000083
     21      -0.002475  -0.000014  -0.000455   0.000984   0.066587  -0.000658
     22      -0.000834   0.000036  -0.000398  -0.000349  -0.017238   0.000116
     23      -0.000891   0.000299  -0.000152   0.000505   0.021219  -0.000272
     24      -0.216148   0.139543   0.209042  -0.141301  -0.000026   0.000859
     25       0.157737  -0.101118  -0.151453   0.102147  -0.000049   0.004079
     26       0.239308  -0.153762  -0.232954   0.158696  -0.000127   0.000651
     27       0.030073   0.006177  -0.014058   0.014915  -0.000038  -0.005932
     28      -0.054092  -0.007595   0.025416  -0.025645  -0.000282   0.005549
     29       0.119281   0.023834  -0.051163   0.051289   0.000001  -0.017332
     30      -0.002658  -0.001156  -0.002344  -0.004910  -0.007859  -0.883298
     31      -0.001630  -0.000103   0.002408  -0.000168  -0.001400  -0.139722
     32      -0.000869  -0.000570   0.000829  -0.001139  -0.003521  -0.440736
     33      -0.003283  -0.001343   0.018167   0.022567   0.001619  -0.004960
     34       0.001577  -0.001817  -0.010934  -0.014031  -0.000067   0.002433
     35      -0.015013  -0.012829   0.149354   0.184104   0.001390  -0.018354
     36       0.014803   0.048451  -0.090240  -0.099341   0.000396   0.002958
     37       0.096505   0.311121  -0.581547  -0.632715   0.001754  -0.002510
     38      -0.022149  -0.072161   0.135161   0.148049  -0.000321  -0.001464
     39       0.001591  -0.097904   0.018061   0.105643  -0.023472   0.000596
     40      -0.001335   0.087811  -0.013935  -0.091640   0.017754   0.000874
     41      -0.001323   0.059482  -0.009542  -0.061089   0.013322   0.000339
     42       0.028091   0.171741  -0.049611   0.126871  -0.000687  -0.000084
     43      -0.021429  -0.129539   0.037915  -0.098293   0.000815   0.000354
     44       0.099757   0.582472  -0.168017   0.434981  -0.000125  -0.001186
     45       0.018995   0.307172  -0.241771   0.386236  -0.001960  -0.000374
     46       0.005642   0.085488  -0.064370   0.105935  -0.001948  -0.000102
     47       0.003520   0.034512  -0.025958   0.044446   0.000489  -0.000070
     48      -0.039535  -0.097380  -0.111308   0.047011  -0.000349   0.000913
     49      -0.213220  -0.527363  -0.592943   0.245203  -0.001841  -0.000749
     50      -0.021008  -0.050051  -0.057387   0.024819  -0.000042  -0.000267
     51      -0.250195  -0.020065  -0.090526   0.033310  -0.038575   0.000938
     52      -0.137167  -0.009083  -0.048652   0.017083  -0.016037   0.000544
     53      -0.152051  -0.010382  -0.055086   0.021246  -0.019922   0.000711
     54      -0.615098   0.138015  -0.045440   0.012487  -0.011540   0.000305
     55      -0.045061   0.011336  -0.001899  -0.000075  -0.004395   0.000152
     56       0.538085  -0.119717   0.038990  -0.009852   0.011271  -0.000487
     57       0.030065   0.003179   0.006763  -0.009957  -0.940062   0.007961
     58      -0.001983  -0.003017  -0.000340   0.001262   0.190401  -0.001695
     59       0.008219   0.001776   0.002248   0.000031  -0.266884   0.002260
# -----------------------------------------------------------
$ THERMOCHEMISTRY_Energies
   description: The Thermochemistry energies
   geom. index: 1
   prop. index: 1
        Temperature (Kelvin)           :        298.1500000000
        Pressure (atm)                 :          1.0000000000
        Total Mass (AMU)               :        112.1760000000
        Spin Degeneracy                :          1.0000000000
        Electronic Energy (Hartree)    :       -345.5441236735
        Translational Energy (Hartree) :          0.0014162714
        Rotational Energy (Hartree)    :          0.0014162714
        Vibrational Energy (Hartree)   :          0.0030779250
        Number of frequencies          :     60      
        Scaling Factor for frequencies :          1.0000000000
        Vibrational frequencies        :     
                  0    
      0       0.000000
      1       0.000000
      2       0.000000
      3       0.000000
      4       0.000000
      5       0.000000
      6     233.725916
      7     265.415871
      8     376.148926
      9     400.254851
     10     476.738970
     11     504.813433
     12     604.925042
     13     771.727062
     14     815.681947
     15     829.056656
     16     842.586604
     17     941.655907
     18     949.844918
     19     969.530600
     20     980.831504
     21     1005.019184
     22     1023.777701
     23     1062.727038
     24     1084.161305
     25     1101.139773
     26     1119.947070
     27     1138.730134
     28     1157.924220
     29     1192.105614
     30     1234.062948
     31     1239.657307
     32     1274.472519
     33     1300.182878
     34     1342.295348
     35     1357.455102
     36     1371.458366
     37     1390.623181
     38     1402.865446
     39     1406.401425
     40     1445.678668
     41     1455.612363
     42     1523.301893
     43     1527.072655
     44     1531.051487
     45     1542.472033
     46     1548.986713
     47     1550.113194
     48     2914.947766
     49     2916.404158
     50     2923.850814
     51     2934.047267
     52     2965.884706
     53     2974.146055
     54     2980.377013
     55     2982.878262
     56     2982.987965
     57     2987.295300
     58     3219.004182
     59     3235.695354
        Zero Point Energy (Hartree)    :          0.1852372464
        Inner Energy (Hartree)         :       -345.3529759593
        Enthalpy (Hartree)             :       -345.3520317503
        Electronic entropy             :          0.0000000000
        Rotational entropy             :          0.0130542891
        Vibrational entropy            :          0.0044951745
        Translational entropy          :          0.0130542891
        Entropy                        :          0.0365834337
        Gibbs Energy (Hartree)         :       -345.3886151839
        Is Linear                      :                 false
# -----------------------------------------------------------
$ PAL_Flags
   description: The PAL Flags
   geom. index: 2
   prop. index: 1
        Diskflag:     2
# -----------------------------------------------------------
$ SCF_Energy
   description: The SCF energy
   geom. index: 2
   prop. index: 1
        SCF Energy:     -345.5144881206
# -----------------------------------------------------------
$ DFT_Energy
   description: The DFT energy
   geom. index: 2
   prop. index: 1
   Number of Alpha Electrons                 31.0000313361 
   Number of Beta  Electrons                 31.0000313361 
   Total number of  Electrons                62.0000626723 
   Exchange energy                          -32.3847927365 
   Correlation energy                        -2.5435264080 
   Correlation energy NL                      0.0000000000 
   Exchange-Correlation energy              -34.9283191445 
   Embedding correction                       0.0000000000 
   Total DFT Energy (No VdW correction)    -345.5144881206 
# -----------------------------------------------------------
$ VdW_Correction
   description: The Van der Waals Correction
   geom. index: 2
   prop. index: 1
        Van der Waals Correction:       -0.0361676536
# -----------------------------------------------------------
$ PAL_Flags
   description: The PAL Flags
   geom. index: 3
   prop. index: 1
        Diskflag:     2
# -----------------------------------------------------------
$ SCF_Energy
   description: The SCF energy
   geom. index: 3
   prop. index: 1
        SCF Energy:     -345.5151257378
# -----------------------------------------------------------
$ DFT_Energy
   description: The DFT energy
   geom. index: 3
   prop. index: 1
   Number of Alpha Electrons                 31.0000488677 
   Number of Beta  Electrons                 31.0000488677 
   Total number of  Electrons                62.0000977355 
   Exchange energy                          -32.3820812384 
   Correlation energy                        -2.5435198279 
   Correlation energy NL                      0.0000000000 
   Exchange-Correlation energy              -34.9256010662 
   Embedding correction                       0.0000000000 
   Total DFT Energy (No VdW correction)    -345.5151257378 
# -----------------------------------------------------------
$ VdW_Correction
   description: The Van der Waals Correction
   geom. index: 3
   prop. index: 1
        Van der Waals Correction:       -0.0362124731
# -----------------------------------------------------------
$ PAL_Flags
   description: The PAL Flags
   geom. index: 4
   prop. index: 1
        Diskflag:     2
# -----------------------------------------------------------
$ SCF_Energy
   description: The SCF energy
   geom. index: 4
   prop. index: 1
        SCF Energy:     -345.5152741866
# -----------------------------------------------------------
$ DFT_Energy
   description: The DFT energy
   geom. index: 4
   prop. index: 1
   Number of Alpha Electrons                 31.0000589393 
   Number of Beta  Electrons                 31.0000589393 
   Total number of  Electrons                62.0001178786 
   Exchange energy                          -32.3801891598 
   Correlation energy                        -2.5435291503 
   Correlation energy NL                      0.0000000000 
   Exchange-Correlation energy              -34.9237183101 
   Embedding correction                       0.0000000000 
   Total DFT Energy (No VdW correction)    -345.5152741866 
# -----------------------------------------------------------
$ VdW_Correction
   description: The Van der Waals Correction
   geom. index: 4
   prop. index: 1
        Van der Waals Correction:       -0.0362513209
# -----------------------------------------------------------
$ PAL_Flags
   description: The PAL Flags
   geom. index: 5
   prop. index: 1
        Diskflag:     2
# -----------------------------------------------------------
$ SCF_Energy
   description: The SCF energy
   geom. index: 5
   prop. index: 1
        SCF Energy:     -345.5152947147
# -----------------------------------------------------------
$ DFT_Energy
   description: The DFT energy
   geom. index: 5
   prop. index: 1
   Number of Alpha Electrons                 31.0000579980 
   Number of Beta  Electrons                 31.0000579980 
   Total number of  Electrons                62.0001159961 
   Exchange energy                          -32.3801868283 
   Correlation energy                        -2.5435198941 
   Correlation energy NL                      0.0000000000 
   Exchange-Correlation energy              -34.9237067224 
   Embedding correction                       0.0000000000 
   Total DFT Energy (No VdW correction)    -345.5152947147 
# -----------------------------------------------------------
$ VdW_Correction
   description: The Van der Waals Correction
   geom. index: 5
   prop. index: 1
        Van der Waals Correction:       -0.0362459998
# -----------------------------------------------------------
$ PAL_Flags
   description: The PAL Flags
   geom. index: 6
   prop. index: 1
        Diskflag:     2
# -----------------------------------------------------------
$ SCF_Energy
   description: The SCF energy
   geom. index: 6
   prop. index: 1
        SCF Energy:     -345.5152938507
# -----------------------------------------------------------
$ DFT_Energy
   description: The DFT energy
   geom. index: 6
   prop. index: 1
   Number of Alpha Electrons                 31.0000576462 
   Number of Beta  Electrons                 31.0000576462 
   Total number of  Electrons                62.0001152923 
   Exchange energy                          -32.3804873134 
   Correlation energy                        -2.5435486309 
   Correlation energy NL                      0.0000000000 
   Exchange-Correlation energy              -34.9240359443 
   Embedding correction                       0.0000000000 
   Total DFT Energy (No VdW correction)    -345.5152938507 
# -----------------------------------------------------------
$ Mayer_Pop
   description: The Mayer population analysis
   geom. index: 6
   prop. index: 1
     Number of atoms                     : 20
     Threshold for printing              : 0.1000000
     Number of bond orders printed       : 26
  NA   - Mulliken gross atomic population
  ZA   - Total nuclear charge
  QA   - Mulliken gross atomic charge
  VA   - Mayer's total valence
  BVA  - Mayer's bonded valence
  FA   - Mayer's free valence
  ATOM       NA         ZA         QA         VA         BVA        FA
  0   0     6.3392     6.0000    -0.3392     3.9085     3.9085     0.0000
  1   0     7.4097     7.0000    -0.4097     2.7139     2.7139    -0.0000
  2   0     6.2962     6.0000    -0.2962     3.7693     3.7693    -0.0000
  3   0     5.9644     6.0000     0.0356     3.8427     3.8427     0.0000
  4   0     6.5844     6.0000    -0.5844     3.8825     3.8825    -0.0000
  5   0     5.8466     6.0000     0.1534     3.2009     3.2009     0.0000
  6   0     6.3847     6.0000    -0.3847     3.8485     3.8485    -0.0000
  7   0     7.3698     7.0000    -0.3698     2.7972     2.7972    -0.0000
  8   0     0.8514     1.0000     0.1486     0.9378     0.9378    -0.0000
  9   0     0.8754     1.0000     0.1246     0.9384     0.9384    -0.0000
 10   0     0.6751     1.0000     0.3249     0.8267     0.8267     0.0000
 11   0     0.8748     1.0000     0.1252     0.9295     0.9295     0.0000
 12   0     0.8460     1.0000     0.1540     0.9408     0.9408    -0.0000
 13   0     0.8291     1.0000     0.1709     0.9359     0.9359    -0.0000
 14   0     0.8344     1.0000     0.1656     0.9414     0.9414     0.0000
 15   0     0.8502     1.0000     0.1498     0.9613     0.9613     0.0000
 16   0     0.8058     1.0000     0.1942     0.9222     0.9222     0.0000
 17   0     0.8653     1.0000     0.1347     0.9402     0.9402     0.0000
 18   0     0.8186     1.0000     0.1814     0.9293     0.9293    -0.0000
 19   0     0.6788     1.0000     0.3212     0.8213     0.8213    -0.0000
      Bond orders larger than 0.1000000
           Atom A     A.N. of A          Atom B    A.N. of B              Bond order
                0             6               1            7                0.985157
                0             6               5            6                0.959845
                0             6               8            1                0.984244
                0             6               9            1                0.992642
                1             7               2            6                0.903658
                1             7               3            6                0.178272
                1             7               4            6               -0.135130
                1             7               6            6               -0.103404
                1             7              10            1                0.849607
                2             6               3            6                0.989101
                2             6               7            7               -0.175821
                2             6              11            1                1.005421
                2             6              12            1                1.000327
                3             6               4            6                0.911867
                3             6               7            7                1.206274
                3             6              13            1                0.825760
                4             6               5            6                0.883024
                4             6              14            1                0.998330
                4             6              15            1                0.999672
                5             6               6            6                0.815858
                5             6               7            7               -0.114777
                5             6              16            1                0.801863
                6             6               7            7                1.017868
                6             6              17            1                0.982961
                6             6              18            1                0.995146
                7             7              19            1                0.856888
# -----------------------------------------------------------
$ VdW_Correction
   description: The Van der Waals Correction
   geom. index: 6
   prop. index: 1
        Van der Waals Correction:       -0.0362478814
# -----------------------------------------------------------
$ SCF_Electric_Properties
   description: The SCF Calculated Electric Properties
   geom. index: 6
   prop. index: 1
       Filename                          : file.scfp 
       Do Dipole Moment Calculation      : true 
       Do Quadrupole Moment Calculation  : false 
       Do Polarizability Calculation     : false 
** Dipole moment part of electric properties **
        Magnitude of dipole moment (Debye) :        1.8947176218
        Electronic Contribution:
                  0    
      0       0.015871
      1       1.281998
      2      -1.013996
        Nuclear Contribution:
                  0    
      0      -0.228868
      1      -1.747165
      2       1.556130
        Total Dipole moment:
                  0    
      0      -0.212996
      1      -0.465167
      2       0.542134
# -------------------------------------------------------------
----------------------- !GEOMETRIES! ------------------------
# -------------------------------------------------------------
------------------------ !GEOMETRY! -------------------------
    Number of atoms:    20 
    Geometry Index:     1 
    Coordinates:
               0 C      1.327300000000   -0.912400000000    0.095700000000
               1 N      1.634400000000    0.534300000000    0.106800000000
               2 C      0.613200000000    1.335000000000    0.813900000000
               3 C     -0.813500000000    0.929100000000    0.377700000000
               4 C     -1.023500000000   -0.522500000000    0.759900000000
               5 C     -0.152800000000   -1.176100000000   -0.284000000000
               6 C     -0.537200000000   -0.385300000000   -1.538600000000
               7 N     -0.897200000000    0.970200000000   -1.088900000000
               8 H      1.985500000000   -1.412700000000   -0.646500000000
               9 H      1.548200000000   -1.358500000000    1.091700000000
              10 H      2.554000000000    0.673300000000    0.586800000000
              11 H      0.725000000000    1.214700000000    1.915200000000
              12 H      0.771200000000    2.408400000000    0.574900000000
              13 H     -1.572700000000    1.590300000000    0.852000000000
              14 H     -0.712800000000   -0.755000000000    1.803300000000
              15 H     -2.089600000000   -0.812300000000    0.622500000000
              16 H     -0.360000000000   -2.263700000000   -0.384000000000
              17 H     -1.405200000000   -0.874900000000   -2.037000000000
              18 H      0.299700000000   -0.336000000000   -2.268200000000
              19 H     -1.894100000000    1.153900000000   -1.353400000000
------------------------ !GEOMETRY! -------------------------
    Number of atoms:    20 
    Geometry Index:     2 
    Coordinates:
               0 C      1.322217404709   -0.922453288642    0.105535739218
               1 N      1.603842747436    0.517547815663    0.103894247568
               2 C      0.612793588862    1.336994313279    0.813978257313
               3 C     -0.807868017251    0.938371247311    0.396957114355
               4 C     -1.037374661477   -0.530727789668    0.777663546418
               5 C     -0.139693775271   -1.178614369368   -0.281243477493
               6 C     -0.526058380333   -0.383096385455   -1.548404179998
               7 N     -0.921048439529    0.964533785663   -1.071938462423
               8 H      1.987476568368   -1.397198910546   -0.626591001071
               9 H      1.516957079641   -1.394659165245    1.086470208623
              10 H      2.513306942299    0.675430076508    0.515781922700
              11 H      0.694435653446    1.240829913867    1.913005828779
              12 H      0.786339586457    2.385584165180    0.550237735217
              13 H     -1.532019350050    1.622872780825    0.850347190571
              14 H     -0.734339655764   -0.769990811079    1.803212079736
              15 H     -2.089240522831   -0.813005255825    0.645146158062
              16 H     -0.313831434990   -2.253226443963   -0.397706222898
              17 H     -1.365438748297   -0.873463589221   -2.058893616161
              18 H      0.310898032062   -0.313468494475   -2.251362603019
              19 H     -1.881454617485    1.147540405190   -1.326290465496
------------------------ !GEOMETRY! -------------------------
    Number of atoms:    20 
    Geometry Index:     3 
    Coordinates:
               0 C      1.317228017765   -0.929081970987    0.120798634033
               1 N      1.588846944709    0.507986648956    0.083404994526
               2 C      0.617783277921    1.329754284083    0.809886953639
               3 C     -0.809764624312    0.937678814527    0.405307611044
               4 C     -1.046637696155   -0.534106334041    0.780669257051
               5 C     -0.143190988674   -1.180174721373   -0.279318694395
               6 C     -0.511583243155   -0.371446558626   -1.547122367257
               7 N     -0.942748861802    0.963285391179   -1.061372677114
               8 H      1.993109966421   -1.416318899410   -0.592544093508
               9 H      1.492715147761   -1.383597768177    1.114115445376
              10 H      2.523350487639    0.694663060267    0.427078019958
              11 H      0.701912853122    1.229992542705    1.908818597863
              12 H      0.795669643789    2.376745198999    0.544079102382
              13 H     -1.520647004720    1.633909619854    0.862185371690
              14 H     -0.749778428852   -0.782231898197    1.805859033951
              15 H     -2.099016163785   -0.810391401556    0.642027490992
              16 H     -0.314180520410   -2.254210715427   -0.405426385474
              17 H     -1.327106787547   -0.865303695940   -2.090268837472
              18 H      0.345743201746   -0.275083965749   -2.220814389499
              19 H     -1.911805221462    1.127732368911   -1.307563067787
------------------------ !GEOMETRY! -------------------------
    Number of atoms:    20 
    Geometry Index:     4 
    Coordinates:
               0 C      1.313577775156   -0.933093429110    0.130491146856
               1 N      1.577823303809    0.502612546248    0.072437062143
               2 C      0.620212332179    1.325444984021    0.810308555250
               3 C     -0.811232320307    0.937641567833    0.410158570926
               4 C     -1.051884204464   -0.535302177349    0.781418726234
               5 C     -0.147196375185   -1.182792099336   -0.277767336081
               6 C     -0.502402183696   -0.365167384736   -1.544878026120
               7 N     -0.950069742208    0.964309233205   -1.056566301096
               8 H      1.996053896859   -1.430970138272   -0.569390465276
               9 H      1.479068820616   -1.372346706705    1.132760830327
              10 H      2.527792464694    0.713163311225    0.352563074968
              11 H      0.709623034633    1.219027822710    1.908694439971
              12 H      0.800575969360    2.373261613083    0.548152289560
              13 H     -1.517635124116    1.637080773321    0.870481406718
              14 H     -0.760663790181   -0.789598246801    1.807112856111
              15 H     -2.105295228369   -0.806394556075    0.636965366978
              16 H     -0.321951609087   -2.256068464830   -0.408905725475
              17 H     -1.302210719246   -0.857935714252   -2.112211883106
              18 H      0.369779756702   -0.252946884931   -2.197014663234
              19 H     -1.924066057148    1.109873950752   -1.295009925654
------------------------ !GEOMETRY! -------------------------
    Number of atoms:    20 
    Geometry Index:     5 
    Coordinates:
               0 C      1.313742201019   -0.933681671210    0.130294818791
               1 N      1.578026191685    0.501871173727    0.077153716327
               2 C      0.619895300917    1.326090859184    0.811844613286
               3 C     -0.810969084975    0.938105640330    0.409814244859
               4 C     -1.051732485760   -0.534641667439    0.780788129398
               5 C     -0.147502457132   -1.183136250040   -0.277558321247
               6 C     -0.502317148041   -0.365647045574   -1.544549884344
               7 N     -0.948062195529    0.965285253292   -1.057491746697
               8 H      1.995697818985   -1.430637126118   -0.570716425088
               9 H      1.480054113960   -1.374834263854    1.131501131707
              10 H      2.530039190053    0.716170441992    0.346805086391
              11 H      0.708016461424    1.220261789033    1.910369322576
              12 H      0.800870671233    2.373849850682    0.550025029172
              13 H     -1.518813664066    1.636081506888    0.870009748858
              14 H     -0.761515794141   -0.788763079819    1.806802291558
              15 H     -2.105167955393   -0.805227307517    0.635502025385
              16 H     -0.324157534485   -2.256140434682   -0.408030722868
              17 H     -1.302630265698   -0.857133133879   -2.112336654327
              18 H      0.370025439916   -0.254609883852   -2.196588041464
              19 H     -1.923598803972    1.106535348855   -1.293838362273
------------------------ !GEOMETRY! -------------------------
    Number of atoms:    20 
    Geometry Index:     6 
    Coordinates:
               0 C      1.313641707765   -0.933972686271    0.130519147829
               1 N      1.577924522024    0.501426707797    0.078342818021
               2 C      0.619678439356    1.326116831818    0.812232769212
               3 C     -0.810998863658    0.938193370585    0.409636935274
               4 C     -1.051803955120   -0.534408325246    0.780582469094
               5 C     -0.147458866808   -1.182914358416   -0.277388886484
               6 C     -0.501701136188   -0.365323826981   -1.544317002582
               7 N     -0.947488001353    0.965763083291   -1.057720843162
               8 H      1.995083064733   -1.430422219231   -0.571370373294
               9 H      1.480761507878   -1.375999301667    1.131256679808
              10 H      2.530448837950    0.716665818693    0.344944021788
              11 H      0.707668571418    1.220838690184    1.910856260084
              12 H      0.800816290389    2.373794035356    0.550199345314
              13 H     -1.519499865222    1.635561806326    0.869713833811
              14 H     -0.761837539621   -0.788160170139    1.806772979850
              15 H     -2.105201843512   -0.805134174912    0.635124416753
              16 H     -0.324801221630   -2.255813936492   -0.407741105966
              17 H     -1.302379494582   -0.856546909768   -2.111846391054
              18 H      0.370420473928   -0.254942140793   -2.196818485174
              19 H     -1.923372627748    1.105077705865   -1.293178589123
