    31
     1   -2.987222   -3.231319    1.122464      1
     2    2.341050   -3.286974   -0.778284      1
     3   -3.141842   -2.413331   -2.058227      1
     4   -2.355202   -1.884016   -0.258659      1
     5    0.462734   -1.652113   -0.381170      1
     6    4.605851   -1.917629   -0.731014      1
     7   -3.793033    0.740707    2.166289      1
     8   -3.097178    0.734356    0.444741      1
     9    1.313981    0.733672   -0.084469      1
    10    3.978158    0.456084   -0.329033      1
    11   -0.887527    2.492100    0.308880      1
    12    5.448563    1.815391   -0.235951      1
    13   -0.752556    3.588870    2.012655      1
    14   -1.115171    3.784848   -1.244325      1
    15   -2.758382   -2.739821    0.628294      2
    16   -2.854870   -2.221772   -1.413753      2
    17    1.075701   -2.176595   -0.509595      2
    18   -1.002008   -1.831496   -0.324493      2
    19    3.593679   -2.487273   -0.746209      2
    20   -2.640634   -0.788552    0.049357      2
    21    2.547645   -1.159835   -0.467560      3
    22    0.910735   -0.394115   -0.225886      2
    23   -3.619227    0.735251    1.763468      2
    24   -0.939014    0.080130    0.072943      3
    25    4.152371   -0.344321   -0.461683      2
    26    2.631322    0.653773   -0.199854      2
    27   -1.784253    1.743681    0.376361      2
    28    0.219657    1.663364    0.121521      2
    29    4.928459    1.336515   -0.268325      2
    30   -0.805075    3.185430    1.396978      2
    31   -1.030987    3.315772   -0.686021      2
