-------------------------------------------------------------
----------------------- !PROPERTIES! ------------------------
-------------------------------------------------------------
# -----------------------------------------------------------
$ PAL_Flags
   description: The PAL Flags
   geom. index: 1
   prop. index: 1
        Diskflag:     2
# -----------------------------------------------------------
$ SCF_Energy
   description: The SCF energy
   geom. index: 1
   prop. index: 1
        SCF Energy:     -378.8994950477
# -----------------------------------------------------------
$ DFT_Energy
   description: The DFT energy
   geom. index: 1
   prop. index: 1
   Number of Alpha Electrons                 29.0000030919 
   Number of Beta  Electrons                 29.0000030919 
   Total number of  Electrons                58.0000061838 
   Exchange energy                          -33.6441980216 
   Correlation energy                        -2.4555272841 
   Correlation energy NL                      0.0000000000 
   Exchange-Correlation energy              -36.0997253057 
   Embedding correction                       0.0000000000 
   Total DFT Energy (No VdW correction)    -378.8994950477 
# -----------------------------------------------------------
$ Mayer_Pop
   description: The Mayer population analysis
   geom. index: 1
   prop. index: 1
     Number of atoms                     : 14
     Threshold for printing              : 0.1000000
     Number of bond orders printed       : 24
  NA   - Mulliken gross atomic population
  ZA   - Total nuclear charge
  QA   - Mulliken gross atomic charge
  VA   - Mayer's total valence
  BVA  - Mayer's bonded valence
  FA   - Mayer's free valence
  ATOM       NA         ZA         QA         VA         BVA        FA
  0   0     5.9902     6.0000     0.0098     3.6213     3.6213    -0.0000
  1   0     7.3131     7.0000    -0.3131     2.4963     2.4963     0.0000
  2   0     8.0335     8.0000    -0.0335     1.9945     1.9945    -0.0000
  3   0     5.9450     6.0000     0.0550     3.7675     3.7675    -0.0000
  4   0     5.8375     6.0000     0.1625     3.6035     3.6035    -0.0000
  5   0     6.4526     6.0000    -0.4526     3.7978     3.7978    -0.0000
  6   0     7.3398     7.0000    -0.3398     2.5080     2.5080    -0.0000
  7   0     6.2532     6.0000    -0.2532     3.4380     3.4380    -0.0000
  8   0     0.8209     1.0000     0.1791     0.9163     0.9163     0.0000
  9   0     0.8181     1.0000     0.1819     0.8937     0.8937    -0.0000
 10   0     0.8465     1.0000     0.1535     0.9293     0.9293    -0.0000
 11   0     0.7033     1.0000     0.2967     0.8826     0.8826    -0.0000
 12   0     0.8368     1.0000     0.1632     0.9252     0.9252    -0.0000
 13   0     0.8093     1.0000     0.1907     0.8918     0.8918     0.0000
      Bond orders larger than 0.1000000
           Atom A     A.N. of A          Atom B    A.N. of B              Bond order
                0             6               1            7                1.257404
                0             6               2            8               -0.165158
                0             6               3            6                0.196204
                0             6               4            6                1.046297
                0             6               5            6                0.264226
                0             6               8            1                1.051225
                1             7               2            8                0.976510
                1             7               3            6                0.137740
                1             7               4            6                0.128744
                2             8               3            6                1.126721
                2             8               4            6                0.179214
                2             8               7            6               -0.157101
                3             6               4            6                1.491039
                3             6               5            6                0.226963
                3             6               7            6                0.731905
                4             6               5            6                0.642645
                4             6               6            7                0.287475
                5             6               6            7                0.587491
                5             6               9            1                1.045591
                5             6              10            1                0.980112
                6             7               7            6                0.889501
                6             7              11            1                0.906212
                7             6              12            1                0.986758
                7             6              13            1                0.999908
# -----------------------------------------------------------
$ VdW_Correction
   description: The Van der Waals Correction
   geom. index: 1
   prop. index: 1
        Van der Waals Correction:       -0.0247683177
# -----------------------------------------------------------
$ Hessian
   description: Details about the Hessian
   geom. index: 1
   prop. index: 1
Normal modes:
Number of Rows: 42 Number of Columns: 42
                  0          1          2          3          4          5    
      0       0.000000   0.000000   0.000000   0.000000   0.000000   0.000000
      1       0.000000   0.000000   0.000000   0.000000   0.000000   0.000000
      2       0.000000   0.000000   0.000000   0.000000   0.000000   0.000000
      3       0.000000   0.000000   0.000000   0.000000   0.000000   0.000000
      4       0.000000   0.000000   0.000000   0.000000   0.000000   0.000000
      5       0.000000   0.000000   0.000000   0.000000   0.000000   0.000000
      6       0.000000   0.000000   0.000000   0.000000   0.000000   0.000000
      7       0.000000   0.000000   0.000000   0.000000   0.000000   0.000000
      8       0.000000   0.000000   0.000000   0.000000   0.000000   0.000000
      9       0.000000   0.000000   0.000000   0.000000   0.000000   0.000000
     10       0.000000   0.000000   0.000000   0.000000   0.000000   0.000000
     11       0.000000   0.000000   0.000000   0.000000   0.000000   0.000000
     12       0.000000   0.000000   0.000000   0.000000   0.000000   0.000000
     13       0.000000   0.000000   0.000000   0.000000   0.000000   0.000000
     14       0.000000   0.000000   0.000000   0.000000   0.000000   0.000000
     15       0.000000   0.000000   0.000000   0.000000   0.000000   0.000000
     16       0.000000   0.000000   0.000000   0.000000   0.000000   0.000000
     17       0.000000   0.000000   0.000000   0.000000   0.000000   0.000000
     18       0.000000   0.000000   0.000000   0.000000   0.000000   0.000000
     19       0.000000   0.000000   0.000000   0.000000   0.000000   0.000000
     20       0.000000   0.000000   0.000000   0.000000   0.000000   0.000000
     21       0.000000   0.000000   0.000000   0.000000   0.000000   0.000000
     22       0.000000   0.000000   0.000000   0.000000   0.000000   0.000000
     23       0.000000   0.000000   0.000000   0.000000   0.000000   0.000000
     24       0.000000   0.000000   0.000000   0.000000   0.000000   0.000000
     25       0.000000   0.000000   0.000000   0.000000   0.000000   0.000000
     26       0.000000   0.000000   0.000000   0.000000   0.000000   0.000000
     27       0.000000   0.000000   0.000000   0.000000   0.000000   0.000000
     28       0.000000   0.000000   0.000000   0.000000   0.000000   0.000000
     29       0.000000   0.000000   0.000000   0.000000   0.000000   0.000000
     30       0.000000   0.000000   0.000000   0.000000   0.000000   0.000000
     31       0.000000   0.000000   0.000000   0.000000   0.000000   0.000000
     32       0.000000   0.000000   0.000000   0.000000   0.000000   0.000000
     33       0.000000   0.000000   0.000000   0.000000   0.000000   0.000000
     34       0.000000   0.000000   0.000000   0.000000   0.000000   0.000000
     35       0.000000   0.000000   0.000000   0.000000   0.000000   0.000000
     36       0.000000   0.000000   0.000000   0.000000   0.000000   0.000000
     37       0.000000   0.000000   0.000000   0.000000   0.000000   0.000000
     38       0.000000   0.000000   0.000000   0.000000   0.000000   0.000000
     39       0.000000   0.000000   0.000000   0.000000   0.000000   0.000000
     40       0.000000   0.000000   0.000000   0.000000   0.000000   0.000000
     41       0.000000   0.000000   0.000000   0.000000   0.000000   0.000000
                  6          7          8          9         10         11    
      0       0.006853   0.003407  -0.017480   0.148391   0.012971  -0.211775
      1      -0.016069  -0.004998   0.028380  -0.085915  -0.004170   0.111581
      2       0.106494   0.030591  -0.169230  -0.034221   0.015348   0.013882
      3       0.015048   0.006381   0.003655  -0.068516   0.000116  -0.240962
      4      -0.034530  -0.008778  -0.003796  -0.170733   0.026694   0.105396
      5       0.218511   0.052263   0.041210  -0.021868  -0.172435   0.044799
      6      -0.008053   0.002658   0.019695  -0.195523   0.033636  -0.196700
      7       0.011327  -0.001378  -0.035297   0.068395  -0.044195   0.063938
      8      -0.064798   0.004724   0.210147   0.038066   0.273361   0.034583
      9      -0.027979  -0.000279  -0.002489   0.046312  -0.033392  -0.102694
     10       0.054241   0.000711  -0.002764   0.249534   0.066291   0.013955
     11      -0.326719  -0.015797  -0.014665   0.031642  -0.422453  -0.014741
     12      -0.025349   0.000050  -0.019183   0.125844   0.029755  -0.083875
     13       0.047706   0.002075   0.026645   0.223140  -0.048563  -0.007002
     14      -0.292389  -0.012641  -0.194417   0.025806   0.273316   0.055381
     15       0.001406  -0.023899   0.017162  -0.134343  -0.002379   0.249636
     16       0.003949   0.015253  -0.022015   0.040187  -0.016591   0.065719
     17       0.004223  -0.145737   0.168683   0.019681   0.019643  -0.020042
     18       0.014498   0.013770   0.007359  -0.033423  -0.023835   0.458184
     19      -0.016867  -0.035231  -0.003113  -0.169481   0.014094  -0.146441
     20       0.084128   0.230869   0.039093  -0.021047   0.014227  -0.033077
     21       0.010671  -0.016996  -0.015258   0.165996  -0.022029   0.101666
     22      -0.029756   0.034665   0.028606  -0.060775   0.017234  -0.209735
     23       0.135140  -0.127341  -0.155719  -0.029410  -0.054448  -0.064139
     24       0.027453   0.006103  -0.030616   0.355461  -0.011009  -0.289744
     25      -0.054943  -0.009632   0.050047  -0.266013   0.039188   0.179904
     26       0.349873   0.058001  -0.287286  -0.088546  -0.242517  -0.021934
     27      -0.152393  -0.121254  -0.074123  -0.285543   0.121736   0.277251
     28       0.120923  -0.200136   0.236198   0.037176  -0.200853   0.028446
     29       0.123532  -0.347160   0.418834   0.029255  -0.163423  -0.065600
     30       0.179010   0.015899   0.158033  -0.295984  -0.155932   0.239170
     31      -0.139324   0.280607  -0.338469   0.051405   0.210683   0.078104
     32       0.060222  -0.292536   0.318280   0.029735  -0.085396  -0.021642
     33       0.010019   0.308324  -0.013194  -0.057558   0.017439   0.237685
     34       0.027264  -0.150095  -0.105308  -0.230698  -0.034680  -0.047992
     35       0.079423   0.380503   0.032943  -0.031350   0.038300  -0.167727
     36       0.360004  -0.127847  -0.146245   0.315570   0.410399   0.138612
     37       0.042722  -0.147439  -0.097891  -0.158903   0.062170  -0.184225
     38       0.323980  -0.322640  -0.308380  -0.052999   0.145314  -0.024077
     39      -0.296972   0.045996   0.084334   0.291216  -0.407303   0.061093
     40      -0.178002   0.291661   0.210401  -0.154158  -0.111046  -0.195086
     41       0.333548  -0.257245  -0.272364  -0.054786   0.176275  -0.057400
                 12         13         14         15         16         17    
      0       0.014943  -0.235458   0.050254   0.014420   0.016170  -0.000315
      1      -0.049660  -0.096212  -0.106856  -0.027925   0.016454  -0.006584
      2       0.335423  -0.000206  -0.038182   0.150575   0.011673  -0.011233
      3      -0.040050  -0.008569   0.155526   0.005706   0.000005   0.010628
      4       0.058818  -0.041680  -0.065130  -0.002642   0.003269  -0.004912
      5      -0.351865  -0.004142  -0.026545  -0.006521  -0.005790   0.001245
      6       0.003406   0.066527   0.100308   0.001577   0.002627   0.007544
      7      -0.025208  -0.233436   0.054247   0.007019  -0.023829   0.003752
      8       0.162350  -0.039875   0.004084  -0.023403  -0.004866  -0.001013
      9       0.005197   0.164737  -0.074358  -0.002821   0.011594  -0.004367
     10      -0.013257  -0.091038  -0.017438  -0.001422   0.002117  -0.010000
     11       0.080202  -0.041140   0.000700   0.005912  -0.012718   0.035106
     12      -0.026175  -0.203089  -0.041566  -0.003953   0.008844  -0.003524
     13       0.039658   0.040132   0.057380   0.007204   0.005825   0.005755
     14      -0.238836   0.037579   0.018764  -0.030194  -0.007622   0.027456
     15       0.002028  -0.180725  -0.065153  -0.001579  -0.172201  -0.051264
     16       0.018877   0.280574   0.294472   0.016895  -0.157496  -0.002387
     17      -0.061601   0.055533   0.049504  -0.015307  -0.007466  -0.051437
     18       0.018601   0.049724   0.141508   0.000046   0.240950   0.048253
     19      -0.009234   0.070644  -0.053514  -0.002151  -0.089021  -0.016458
     20      -0.003128   0.010572   0.015649   0.002616   0.022809  -0.023630
     21       0.013918   0.318136  -0.238094  -0.009072  -0.046791  -0.036079
     22      -0.012370   0.093653  -0.191821  -0.010435   0.224038   0.050168
     23       0.021629  -0.009476  -0.015125  -0.003111   0.045865  -0.053872
     24       0.046229  -0.257427   0.091228  -0.077567   0.043441   0.017886
     25      -0.111539  -0.079631  -0.152587   0.147941   0.000594  -0.029705
     26       0.736361  -0.018554   0.076309  -0.962102  -0.076045   0.065878
     27      -0.124068  -0.192683  -0.221234  -0.046587  -0.247594  -0.040922
     28       0.135059   0.274526   0.255360   0.081723  -0.176997   0.249321
     29       0.057084   0.043443   0.013955   0.048846  -0.037391   0.190579
     30       0.150379  -0.190116  -0.214133   0.044345  -0.255217  -0.188978
     31      -0.127396   0.298623   0.343803  -0.064289  -0.090440  -0.290033
     32      -0.000287   0.051606   0.045795   0.021755  -0.032118   0.112840
     33       0.036401  -0.031310  -0.262363   0.036166  -0.505706   0.589934
     34       0.014267  -0.065539   0.108420  -0.007446   0.226693  -0.239030
     35       0.004094  -0.025172  -0.209053   0.021210  -0.404898   0.254551
     36      -0.089585   0.342907  -0.372623  -0.006334  -0.162997   0.036978
     37      -0.027656   0.088808  -0.128615   0.000501   0.232646   0.335109
     38      -0.032661  -0.007178  -0.007341   0.006566   0.012005   0.206599
     39       0.106537   0.326110  -0.344625  -0.019172  -0.088659  -0.214304
     40       0.027963   0.079688  -0.064535  -0.016357   0.293738  -0.228585
     41      -0.038768  -0.004519  -0.019682   0.004037   0.024913   0.139887
                 18         19         20         21         22         23    
      0       0.151900  -0.006587   0.055722  -0.007403  -0.056986  -0.230106
      1       0.165901  -0.013744   0.175611  -0.013171  -0.121183  -0.040600
      2       0.014815  -0.015273   0.019378   0.009674  -0.022987   0.014402
      3      -0.198682  -0.008685   0.070883  -0.003304  -0.025824  -0.017483
      4       0.147274   0.004006  -0.088992   0.002963   0.089238  -0.059583
      5       0.039020   0.003229  -0.019197   0.001303   0.017242  -0.008515
      6       0.023812   0.008409  -0.086287   0.005804   0.054447   0.124901
      7      -0.233851   0.013726  -0.122961   0.007813   0.029174  -0.157042
      8      -0.039081   0.007496  -0.011281   0.004418   0.002253  -0.036268
      9       0.032225   0.001830   0.004473  -0.008117  -0.030752   0.186712
     10      -0.053931   0.016788  -0.005500   0.000291   0.004831   0.236700
     11      -0.009113  -0.080849  -0.022223  -0.049339  -0.029367   0.035123
     12       0.075534  -0.005578   0.076549  -0.006385  -0.022217  -0.005610
     13       0.037609  -0.001067   0.006088   0.014681  -0.038563   0.331436
     14       0.000065   0.077512   0.014199  -0.055114   0.044571   0.040298
     15      -0.014508  -0.045393   0.030442   0.007443   0.221169   0.089913
     16       0.076262  -0.012396   0.080088  -0.016512   0.171210  -0.131659
     17       0.012562  -0.113056  -0.019037   0.117134  -0.064661  -0.011600
     18      -0.007518   0.015908  -0.026896   0.014630  -0.126738  -0.017535
     19      -0.006699   0.032390  -0.076445  -0.014242  -0.356035  -0.041762
     20       0.000998  -0.009867  -0.013057  -0.093404  -0.032471  -0.005903
     21      -0.063388   0.021960  -0.039034  -0.002245  -0.041386  -0.157167
     22      -0.057960  -0.057221   0.029230   0.016100   0.272628  -0.057330
     23      -0.008507   0.126217   0.041989   0.097083   0.089519  -0.012124
     24       0.766260   0.077042  -0.529784   0.006516   0.172953  -0.238041
     25      -0.364446  -0.093254   0.720893  -0.022329  -0.346666  -0.054059
     26      -0.122299   0.001526   0.166969  -0.057642  -0.049067   0.009628
     27      -0.078869   0.025695  -0.071375   0.042851   0.069330   0.402478
     28       0.088693   0.345834   0.159974  -0.307332   0.280757  -0.198401
     29       0.024784   0.225069   0.066090  -0.158962   0.068125  -0.086943
     30      -0.084693  -0.019989  -0.067951  -0.337016   0.328232   0.292372
     31       0.090326  -0.443361  -0.020001   0.369186  -0.094776  -0.139949
     32       0.016334   0.112457   0.045747  -0.051361   0.061514  -0.037551
     33      -0.007062   0.175596   0.003274   0.488904  -0.225759   0.073048
     34      -0.008584   0.209691  -0.064739  -0.238670  -0.376914   0.201373
     35       0.001983   0.063789   0.001809   0.164720  -0.083442   0.029138
     36      -0.131395  -0.335791  -0.134687  -0.431567  -0.077963  -0.256367
     37      -0.011460  -0.308494  -0.033320   0.030411   0.138966   0.018636
     38       0.009376  -0.220307  -0.043861  -0.057587  -0.034210   0.019069
     39      -0.142672   0.245967   0.031802   0.179886   0.156948  -0.384032
     40      -0.036652   0.371937   0.085587   0.184893   0.200259   0.039230
     41       0.016995  -0.144348  -0.018281  -0.052656   0.009485   0.055051
                 24         25         26         27         28         29    
      0       0.000790  -0.002793   0.011162  -0.030004  -0.074128   0.094664
      1      -0.016838   0.011905   0.129807   0.151421   0.129085  -0.037158
      2      -0.000582  -0.003082   0.020143   0.026998   0.026111  -0.013318
      3       0.009634  -0.011468  -0.290569   0.149832  -0.000101  -0.052774
      4       0.021393  -0.019450  -0.265907  -0.069270  -0.128828   0.006560
      5       0.002937   0.000381  -0.019771  -0.022975  -0.020180   0.005729
      6      -0.005400   0.008113   0.199093  -0.096851   0.066001   0.065212
      7      -0.008526   0.011201   0.180808   0.011058   0.016285  -0.026762
      8      -0.002900  -0.000440   0.013018   0.009408  -0.002656  -0.009272
      9      -0.009102   0.007667   0.075484   0.012934  -0.025017  -0.075834
     10      -0.008517  -0.008897  -0.098812  -0.047677  -0.019710   0.053199
     11       0.051348   0.009366  -0.009896  -0.002189  -0.005132   0.014198
     12       0.002040   0.002970   0.033899  -0.108610  -0.036610  -0.021470
     13      -0.002277   0.001062  -0.031534   0.013942   0.015952  -0.012126
     14      -0.027625   0.041504  -0.022774   0.003341   0.008586  -0.001398
     15       0.014663  -0.010045  -0.035951  -0.054438   0.060910  -0.150061
     16       0.003345  -0.008122   0.057810   0.005796  -0.014237   0.024935
     17       0.002849   0.019217  -0.003713   0.010385  -0.001302   0.029600
     18      -0.001020   0.008108  -0.035701  -0.001440   0.021698   0.041102
     19      -0.014984   0.012004  -0.037594  -0.035365   0.018628  -0.014103
     20      -0.035026  -0.066863   0.017634  -0.012350  -0.008437  -0.031107
     21      -0.009777   0.008080   0.083937   0.036509  -0.109041  -0.059476
     22       0.017703  -0.003909  -0.014032  -0.001140   0.068734   0.038133
     23       0.015708   0.011614  -0.013967   0.000490   0.025759   0.027108
     24      -0.018524   0.008711  -0.060307   0.511110   0.277724  -0.159197
     25      -0.001199   0.000162   0.201278  -0.307185  -0.176038   0.198155
     26      -0.001703   0.021792   0.033862  -0.092533  -0.048753   0.044091
     27       0.137518  -0.685342   0.397966   0.535885  -0.284041   0.516995
     28       0.018058  -0.087024   0.098908  -0.048940  -0.037477  -0.041812
     29       0.008019   0.000291   0.000524  -0.081409   0.007086  -0.081221
     30      -0.336489   0.581681  -0.096005   0.392709  -0.178546   0.571403
     31       0.014961   0.052903   0.022059  -0.019745  -0.020408   0.027266
     32       0.032341  -0.068476   0.020270  -0.024557   0.022837  -0.043296
     33       0.118817   0.153336  -0.155497   0.035145   0.095514   0.175797
     34       0.066218  -0.114085  -0.057297  -0.075586   0.047565  -0.118940
     35       0.026009   0.022256  -0.041391   0.006959   0.025909   0.036222
     36       0.514915   0.040863  -0.249168  -0.080842   0.432531   0.284902
     37      -0.413852  -0.072225   0.224204   0.081547  -0.341701  -0.224773
     38      -0.131797  -0.028626   0.055118   0.022149  -0.101239  -0.056061
     39      -0.433724  -0.251368  -0.471374  -0.207609   0.500264   0.265490
     40       0.440511   0.240807   0.343243   0.190608  -0.341812  -0.108458
     41       0.062202   0.046776   0.114635   0.045945  -0.109737  -0.069470
                 30         31         32         33         34         35    
      0      -0.006646  -0.007504   0.024353  -0.102777   0.395944   0.060535
      1      -0.007558  -0.008497  -0.003006  -0.051976  -0.067838  -0.096803
      2      -0.001213   0.000150  -0.001450  -0.000678  -0.042931  -0.020097
      3      -0.001009  -0.006624  -0.006857  -0.035008  -0.077099   0.006571
      4       0.006858   0.009531   0.002312   0.063025  -0.002301   0.034560
      5       0.001142   0.002092   0.000903   0.013353   0.005821   0.005065
      6      -0.012065  -0.027449  -0.002019  -0.147392  -0.066891  -0.005044
      7       0.006991   0.024809   0.005045   0.105343   0.043466   0.038270
      8       0.002663   0.005336   0.000151   0.028755   0.012608   0.006667
      9       0.028014   0.064035   0.002502   0.389065   0.316077  -0.271600
     10      -0.009991  -0.039360  -0.009277  -0.185752  -0.053246  -0.575712
     11      -0.001326  -0.010471  -0.001544  -0.060692  -0.033172  -0.071978
     12       0.012826   0.020491  -0.019032   0.200535  -0.581776   0.098459
     13       0.002856  -0.013050  -0.009841  -0.027195   0.099857   0.611452
     14      -0.001506  -0.003017  -0.002086  -0.021155   0.062210   0.088445
     15      -0.005857  -0.027016  -0.004207  -0.100906   0.165831   0.032198
     16       0.024728  -0.032150   0.074510   0.088632  -0.083889  -0.080880
     17      -0.011028   0.022282   0.036883   0.018907  -0.032495  -0.015341
     18       0.015491  -0.014849  -0.017005   0.014793   0.010710  -0.020974
     19       0.041293  -0.051911  -0.048220   0.025158   0.013181   0.005398
     20       0.003720  -0.009345  -0.005285  -0.009175   0.002697   0.006485
     21       0.024763   0.001460   0.020353  -0.238245  -0.101704   0.075553
     22       0.052987   0.046607   0.011127  -0.022166   0.014254   0.044755
     23       0.022661  -0.014839  -0.024778   0.030652   0.014624  -0.000182
     24      -0.014124  -0.015635  -0.007569  -0.114940  -0.082612  -0.200377
     25      -0.003477  -0.005556   0.030065  -0.076900   0.458592   0.141620
     26      -0.001278   0.003259   0.007392  -0.003619   0.077413   0.037651
     27       0.026843   0.039173  -0.087255   0.154804  -0.141783   0.146851
     28      -0.132076   0.269536  -0.396382  -0.128982   0.005375  -0.084432
     29      -0.154673   0.290935  -0.385100  -0.201682   0.071448  -0.026350
     30      -0.017931   0.111771   0.009315   0.169511  -0.175306   0.136798
     31      -0.213216   0.419803  -0.413709  -0.175045   0.007312  -0.088929
     32       0.102086  -0.206157   0.276622   0.123719  -0.047730  -0.025908
     33      -0.120478   0.200897   0.206921  -0.011720  -0.052741  -0.043440
     34      -0.371618   0.559301   0.607018  -0.275773  -0.151564   0.026765
     35      -0.046496   0.071047   0.078005  -0.010986  -0.022502   0.001864
     36      -0.259619  -0.120653  -0.031059   0.354844   0.068250   0.147670
     37      -0.392343  -0.173941   0.044603  -0.018842  -0.056269   0.006998
     38      -0.418189  -0.232060  -0.020614   0.255390   0.026625  -0.003987
     39      -0.257177  -0.094748  -0.012336   0.308191   0.052358   0.150539
     40      -0.418291  -0.320518  -0.070534   0.142901  -0.021855  -0.006621
     41       0.318304   0.159310   0.018477  -0.284477  -0.045250  -0.021348
                 36         37         38         39         40         41    
      0      -0.000268  -0.000117  -0.000081  -0.000016  -0.000071  -0.062953
      1       0.000163  -0.000028   0.000057  -0.000026   0.000015  -0.066127
      2       0.000102   0.000084  -0.000207   0.000056  -0.000028  -0.005261
      3       0.000137   0.000461   0.000094   0.000055  -0.000014  -0.000321
      4      -0.000493  -0.000240  -0.000096  -0.000085   0.000015   0.002330
      5      -0.000108  -0.000137   0.000056   0.000117  -0.000064   0.000395
      6       0.000169   0.000341   0.000025   0.000103  -0.000068   0.001148
      7       0.000008   0.000231   0.000036   0.000092  -0.000050   0.001362
      8       0.000002   0.000078   0.000147  -0.000132  -0.000026   0.000125
      9       0.000121  -0.000859  -0.000020   0.000288  -0.000190   0.000144
     10       0.000559   0.000481   0.000151   0.000011   0.000507   0.000834
     11       0.000042  -0.000006   0.000199   0.001048   0.000052   0.000128
     12      -0.000211  -0.000524   0.000204  -0.000151  -0.000434   0.006157
     13       0.001000  -0.000364  -0.000214  -0.000259  -0.000232  -0.000749
     14       0.000164  -0.000077   0.000712   0.000283  -0.000028  -0.000624
     15      -0.001870  -0.000869   0.008309  -0.000031  -0.002494  -0.000452
     16      -0.060297  -0.018389  -0.025323  -0.001153  -0.000744  -0.000173
     17      -0.025018  -0.008148   0.091105   0.002350  -0.005029   0.000052
     18      -0.001401  -0.002561   0.000177   0.000930   0.036428  -0.000193
     19       0.000291   0.000649  -0.000797   0.001268  -0.004638   0.000012
     20       0.000881   0.001672  -0.003801  -0.003563  -0.062216   0.000089
     21      -0.011375   0.037418  -0.000173   0.014844  -0.001129   0.000058
     22      -0.015273   0.052783   0.000755  -0.006572   0.003291  -0.000086
     23       0.002857  -0.010680  -0.001829   0.093051  -0.004349   0.000002
     24      -0.000887  -0.000616  -0.000431  -0.000134   0.000998   0.670735
     25      -0.002608  -0.001543  -0.001050  -0.000250   0.000888   0.733512
     26      -0.000535  -0.000292   0.000740   0.000275  -0.000008   0.060417
     27      -0.027892  -0.008045  -0.045851  -0.000991   0.004201  -0.000840
     28       0.360495   0.104661   0.567264   0.015344  -0.011317   0.001880
     29      -0.406998  -0.117572  -0.596180  -0.015803   0.013415  -0.001340
     30       0.069969   0.021788  -0.045285   0.000021  -0.000151  -0.000542
     31       0.344905   0.106076  -0.258541  -0.003500   0.015273   0.001047
     32       0.701511   0.213400  -0.490614  -0.006186   0.035020   0.001415
     33       0.006972   0.018204  -0.012277  -0.015533  -0.455161   0.000310
     34      -0.007723  -0.000344   0.004485  -0.003379   0.043127  -0.000197
     35      -0.012111  -0.020870   0.034887   0.034481   0.884406  -0.001187
     36       0.063672  -0.214813  -0.005369   0.161884  -0.012026  -0.000435
     37       0.137766  -0.467163  -0.012301   0.334650  -0.019422  -0.000203
     38      -0.178084   0.597162   0.014896  -0.411385   0.030069   0.000296
     39       0.065138  -0.210374   0.006885  -0.338505   0.008644  -0.000572
     40       0.049774  -0.161919   0.004809  -0.265444   0.002672  -0.000171
     41       0.145852  -0.470045   0.013803  -0.704695   0.014716  -0.000350
# -----------------------------------------------------------
$ THERMOCHEMISTRY_Energies
   description: The Thermochemistry energies
   geom. index: 1
   prop. index: 1
        Temperature (Kelvin)           :        298.1500000000
        Pressure (atm)                 :          1.0000000000
        Total Mass (AMU)               :        110.1160000000
        Spin Degeneracy                :          1.0000000000
        Electronic Energy (Hartree)    :       -378.9242633655
        Translational Energy (Hartree) :          0.0014162714
        Rotational Energy (Hartree)    :          0.0014162714
        Vibrational Energy (Hartree)   :          0.0031786977
        Number of frequencies          :     42      
        Scaling Factor for frequencies :          1.0000000000
        Vibrational frequencies        :     
                  0    
      0       0.000000
      1       0.000000
      2       0.000000
      3       0.000000
      4       0.000000
      5       0.000000
      6      45.133397
      7     182.621454
      8     247.411952
      9     405.899439
     10     614.712376
     11     627.951429
     12     644.845396
     13     758.773643
     14     879.872707
     15     888.777021
     16     919.059362
     17     985.296096
     18     1036.029740
     19     1084.128749
     20     1105.192853
     21     1118.726660
     22     1129.062616
     23     1249.391245
     24     1268.202190
     25     1274.988826
     26     1308.336730
     27     1333.643982
     28     1387.671076
     29     1416.803465
     30     1526.900139
     31     1534.387539
     32     1544.726636
     33     1582.665485
     34     1692.294080
     35     1870.922076
     36     2938.223148
     37     2941.154093
     38     2987.213058
     39     2991.393569
     40     3234.170001
     41     3309.009785
        Zero Point Energy (Hartree)    :          0.1140578111
        Inner Energy (Hartree)         :       -378.8041943139
        Enthalpy (Hartree)             :       -378.8032501048
        Electronic entropy             :          0.0000000000
        Rotational entropy             :          0.0130155822
        Vibrational entropy            :          0.0053327863
        Translational entropy          :          0.0130155822
        Entropy                        :          0.0373560884
        Gibbs Energy (Hartree)         :       -378.8406061932
        Is Linear                      :                 false
# -----------------------------------------------------------
$ PAL_Flags
   description: The PAL Flags
   geom. index: 2
   prop. index: 1
        Diskflag:     2
# -----------------------------------------------------------
$ SCF_Energy
   description: The SCF energy
   geom. index: 2
   prop. index: 1
        SCF Energy:     -378.9173155409
# -----------------------------------------------------------
$ DFT_Energy
   description: The DFT energy
   geom. index: 2
   prop. index: 1
   Number of Alpha Electrons                 28.9999983310 
   Number of Beta  Electrons                 28.9999983310 
   Total number of  Electrons                57.9999966621 
   Exchange energy                          -33.5968696967 
   Correlation energy                        -2.4501507853 
   Correlation energy NL                      0.0000000000 
   Exchange-Correlation energy              -36.0470204819 
   Embedding correction                       0.0000000000 
   Total DFT Energy (No VdW correction)    -378.9173155409 
# -----------------------------------------------------------
$ VdW_Correction
   description: The Van der Waals Correction
   geom. index: 2
   prop. index: 1
        Van der Waals Correction:       -0.0247665331
# -----------------------------------------------------------
$ PAL_Flags
   description: The PAL Flags
   geom. index: 3
   prop. index: 1
        Diskflag:     2
# -----------------------------------------------------------
$ SCF_Energy
   description: The SCF energy
   geom. index: 3
   prop. index: 1
        SCF Energy:     -378.9182109142
# -----------------------------------------------------------
$ DFT_Energy
   description: The DFT energy
   geom. index: 3
   prop. index: 1
   Number of Alpha Electrons                 29.0000004769 
   Number of Beta  Electrons                 29.0000004769 
   Total number of  Electrons                58.0000009538 
   Exchange energy                          -33.5785974483 
   Correlation energy                        -2.4483940019 
   Correlation energy NL                      0.0000000000 
   Exchange-Correlation energy              -36.0269914501 
   Embedding correction                       0.0000000000 
   Total DFT Energy (No VdW correction)    -378.9182109142 
# -----------------------------------------------------------
$ VdW_Correction
   description: The Van der Waals Correction
   geom. index: 3
   prop. index: 1
        Van der Waals Correction:       -0.0247593675
# -----------------------------------------------------------
$ PAL_Flags
   description: The PAL Flags
   geom. index: 4
   prop. index: 1
        Diskflag:     2
# -----------------------------------------------------------
$ SCF_Energy
   description: The SCF energy
   geom. index: 4
   prop. index: 1
        SCF Energy:     -378.9181198923
# -----------------------------------------------------------
$ DFT_Energy
   description: The DFT energy
   geom. index: 4
   prop. index: 1
   Number of Alpha Electrons                 28.9999925493 
   Number of Beta  Electrons                 28.9999925493 
   Total number of  Electrons                57.9999850986 
   Exchange energy                          -33.5676732860 
   Correlation energy                        -2.4472879873 
   Correlation energy NL                      0.0000000000 
   Exchange-Correlation energy              -36.0149612733 
   Embedding correction                       0.0000000000 
   Total DFT Energy (No VdW correction)    -378.9181198923 
# -----------------------------------------------------------
$ VdW_Correction
   description: The Van der Waals Correction
   geom. index: 4
   prop. index: 1
        Van der Waals Correction:       -0.0247383958
# -----------------------------------------------------------
$ PAL_Flags
   description: The PAL Flags
   geom. index: 5
   prop. index: 1
        Diskflag:     2
# -----------------------------------------------------------
$ SCF_Energy
   description: The SCF energy
   geom. index: 5
   prop. index: 1
        SCF Energy:     -378.9182850671
# -----------------------------------------------------------
$ DFT_Energy
   description: The DFT energy
   geom. index: 5
   prop. index: 1
   Number of Alpha Electrons                 28.9999959663 
   Number of Beta  Electrons                 28.9999959663 
   Total number of  Electrons                57.9999919326 
   Exchange energy                          -33.5779274692 
   Correlation energy                        -2.4483401244 
   Correlation energy NL                      0.0000000000 
   Exchange-Correlation energy              -36.0262675937 
   Embedding correction                       0.0000000000 
   Total DFT Energy (No VdW correction)    -378.9182850671 
# -----------------------------------------------------------
$ VdW_Correction
   description: The Van der Waals Correction
   geom. index: 5
   prop. index: 1
        Van der Waals Correction:       -0.0247550643
# -----------------------------------------------------------
$ PAL_Flags
   description: The PAL Flags
   geom. index: 6
   prop. index: 1
        Diskflag:     2
# -----------------------------------------------------------
$ SCF_Energy
   description: The SCF energy
   geom. index: 6
   prop. index: 1
        SCF Energy:     -378.9183212531
# -----------------------------------------------------------
$ DFT_Energy
   description: The DFT energy
   geom. index: 6
   prop. index: 1
   Number of Alpha Electrons                 28.9999954009 
   Number of Beta  Electrons                 28.9999954009 
   Total number of  Electrons                57.9999908017 
   Exchange energy                          -33.5753862795 
   Correlation energy                        -2.4480350862 
   Correlation energy NL                      0.0000000000 
   Exchange-Correlation energy              -36.0234213658 
   Embedding correction                       0.0000000000 
   Total DFT Energy (No VdW correction)    -378.9183212531 
# -----------------------------------------------------------
$ VdW_Correction
   description: The Van der Waals Correction
   geom. index: 6
   prop. index: 1
        Van der Waals Correction:       -0.0247601188
# -----------------------------------------------------------
$ PAL_Flags
   description: The PAL Flags
   geom. index: 7
   prop. index: 1
        Diskflag:     2
# -----------------------------------------------------------
$ SCF_Energy
   description: The SCF energy
   geom. index: 7
   prop. index: 1
        SCF Energy:     -378.9183282932
# -----------------------------------------------------------
$ DFT_Energy
   description: The DFT energy
   geom. index: 7
   prop. index: 1
   Number of Alpha Electrons                 28.9999964826 
   Number of Beta  Electrons                 28.9999964826 
   Total number of  Electrons                57.9999929653 
   Exchange energy                          -33.5756704948 
   Correlation energy                        -2.4480753316 
   Correlation energy NL                      0.0000000000 
   Exchange-Correlation energy              -36.0237458264 
   Embedding correction                       0.0000000000 
   Total DFT Energy (No VdW correction)    -378.9183282932 
# -----------------------------------------------------------
$ VdW_Correction
   description: The Van der Waals Correction
   geom. index: 7
   prop. index: 1
        Van der Waals Correction:       -0.0247621174
# -----------------------------------------------------------
$ PAL_Flags
   description: The PAL Flags
   geom. index: 8
   prop. index: 1
        Diskflag:     2
# -----------------------------------------------------------
$ SCF_Energy
   description: The SCF energy
   geom. index: 8
   prop. index: 1
        SCF Energy:     -378.9183303119
# -----------------------------------------------------------
$ DFT_Energy
   description: The DFT energy
   geom. index: 8
   prop. index: 1
   Number of Alpha Electrons                 28.9999976745 
   Number of Beta  Electrons                 28.9999976745 
   Total number of  Electrons                57.9999953489 
   Exchange energy                          -33.5758392202 
   Correlation energy                        -2.4480979457 
   Correlation energy NL                      0.0000000000 
   Exchange-Correlation energy              -36.0239371660 
   Embedding correction                       0.0000000000 
   Total DFT Energy (No VdW correction)    -378.9183303119 
# -----------------------------------------------------------
$ VdW_Correction
   description: The Van der Waals Correction
   geom. index: 8
   prop. index: 1
        Van der Waals Correction:       -0.0247651378
# -----------------------------------------------------------
$ PAL_Flags
   description: The PAL Flags
   geom. index: 9
   prop. index: 1
        Diskflag:     2
# -----------------------------------------------------------
$ SCF_Energy
   description: The SCF energy
   geom. index: 9
   prop. index: 1
        SCF Energy:     -378.9183178039
# -----------------------------------------------------------
$ DFT_Energy
   description: The DFT energy
   geom. index: 9
   prop. index: 1
   Number of Alpha Electrons                 28.9999992858 
   Number of Beta  Electrons                 28.9999992858 
   Total number of  Electrons                57.9999985716 
   Exchange energy                          -33.5762548337 
   Correlation energy                        -2.4481724758 
   Correlation energy NL                      0.0000000000 
   Exchange-Correlation energy              -36.0244273095 
   Embedding correction                       0.0000000000 
   Total DFT Energy (No VdW correction)    -378.9183178039 
# -----------------------------------------------------------
$ VdW_Correction
   description: The Van der Waals Correction
   geom. index: 9
   prop. index: 1
        Van der Waals Correction:       -0.0247861089
# -----------------------------------------------------------
$ PAL_Flags
   description: The PAL Flags
   geom. index: 10
   prop. index: 1
        Diskflag:     2
# -----------------------------------------------------------
$ SCF_Energy
   description: The SCF energy
   geom. index: 10
   prop. index: 1
        SCF Energy:     -378.9183297652
# -----------------------------------------------------------
$ DFT_Energy
   description: The DFT energy
   geom. index: 10
   prop. index: 1
   Number of Alpha Electrons                 29.0000005549 
   Number of Beta  Electrons                 29.0000005549 
   Total number of  Electrons                58.0000011099 
   Exchange energy                          -33.5757593313 
   Correlation energy                        -2.4481134811 
   Correlation energy NL                      0.0000000000 
   Exchange-Correlation energy              -36.0238728125 
   Embedding correction                       0.0000000000 
   Total DFT Energy (No VdW correction)    -378.9183297652 
# -----------------------------------------------------------
$ VdW_Correction
   description: The Van der Waals Correction
   geom. index: 10
   prop. index: 1
        Van der Waals Correction:       -0.0247827230
# -----------------------------------------------------------
$ PAL_Flags
   description: The PAL Flags
   geom. index: 11
   prop. index: 1
        Diskflag:     2
# -----------------------------------------------------------
$ SCF_Energy
   description: The SCF energy
   geom. index: 11
   prop. index: 1
        SCF Energy:     -378.9183294032
# -----------------------------------------------------------
$ DFT_Energy
   description: The DFT energy
   geom. index: 11
   prop. index: 1
   Number of Alpha Electrons                 28.9999994519 
   Number of Beta  Electrons                 28.9999994519 
   Total number of  Electrons                57.9999989038 
   Exchange energy                          -33.5751117263 
   Correlation energy                        -2.4480516811 
   Correlation energy NL                      0.0000000000 
   Exchange-Correlation energy              -36.0231634074 
   Embedding correction                       0.0000000000 
   Total DFT Energy (No VdW correction)    -378.9183294032 
# -----------------------------------------------------------
$ VdW_Correction
   description: The Van der Waals Correction
   geom. index: 11
   prop. index: 1
        Van der Waals Correction:       -0.0247859437
# -----------------------------------------------------------
$ PAL_Flags
   description: The PAL Flags
   geom. index: 12
   prop. index: 1
        Diskflag:     2
# -----------------------------------------------------------
$ SCF_Energy
   description: The SCF energy
   geom. index: 12
   prop. index: 1
        SCF Energy:     -378.9183333246
# -----------------------------------------------------------
$ DFT_Energy
   description: The DFT energy
   geom. index: 12
   prop. index: 1
   Number of Alpha Electrons                 29.0000002922 
   Number of Beta  Electrons                 29.0000002922 
   Total number of  Electrons                58.0000005844 
   Exchange energy                          -33.5752441990 
   Correlation energy                        -2.4480626027 
   Correlation energy NL                      0.0000000000 
   Exchange-Correlation energy              -36.0233068017 
   Embedding correction                       0.0000000000 
   Total DFT Energy (No VdW correction)    -378.9183333246 
# -----------------------------------------------------------
$ Mayer_Pop
   description: The Mayer population analysis
   geom. index: 12
   prop. index: 1
     Number of atoms                     : 14
     Threshold for printing              : 0.1000000
     Number of bond orders printed       : 24
  NA   - Mulliken gross atomic population
  ZA   - Total nuclear charge
  QA   - Mulliken gross atomic charge
  VA   - Mayer's total valence
  BVA  - Mayer's bonded valence
  FA   - Mayer's free valence
  ATOM       NA         ZA         QA         VA         BVA        FA
  0   0     5.9355     6.0000     0.0645     3.3400     3.3400    -0.0000
  1   0     7.2667     7.0000    -0.2667     2.5335     2.5335    -0.0000
  2   0     8.0767     8.0000    -0.0767     1.9973     1.9973    -0.0000
  3   0     6.0274     6.0000    -0.0274     3.8846     3.8846     0.0000
  4   0     5.7419     6.0000     0.2581     3.5213     3.5213     0.0000
  5   0     6.5219     6.0000    -0.5219     3.8795     3.8795    -0.0000
  6   0     7.3478     7.0000    -0.3478     2.5091     2.5091    -0.0000
  7   0     6.2766     6.0000    -0.2766     3.4365     3.4365    -0.0000
  8   0     0.8161     1.0000     0.1839     0.9064     0.9064    -0.0000
  9   0     0.8156     1.0000     0.1844     0.8930     0.8930    -0.0000
 10   0     0.8466     1.0000     0.1534     0.9368     0.9368     0.0000
 11   0     0.6903     1.0000     0.3097     0.8693     0.8693    -0.0000
 12   0     0.8307     1.0000     0.1693     0.9303     0.9303     0.0000
 13   0     0.8061     1.0000     0.1939     0.8935     0.8935     0.0000
      Bond orders larger than 0.1000000
           Atom A     A.N. of A          Atom B    A.N. of B              Bond order
                0             6               1            7                1.297021
                0             6               2            8               -0.267737
                0             6               3            6                0.117349
                0             6               4            6                1.034829
                0             6               5            6                0.177800
                0             6               8            1                1.031779
                1             7               2            8                0.949978
                1             7               3            6                0.166418
                1             7               4            6                0.127303
                2             8               3            6                1.173187
                2             8               4            6                0.224547
                2             8               7            6               -0.140772
                3             6               4            6                1.561804
                3             6               5            6                0.289538
                3             6               7            6                0.705078
                4             6               5            6                0.598480
                4             6               6            7                0.169422
                5             6               6            7                0.718009
                5             6               9            1                1.033234
                5             6              10            1                0.994818
                6             7               7            6                0.912413
                6             7              11            1                0.898796
                7             6              12            1                0.998903
                7             6              13            1                0.980546
# -----------------------------------------------------------
$ VdW_Correction
   description: The Van der Waals Correction
   geom. index: 12
   prop. index: 1
        Van der Waals Correction:       -0.0247840115
# -----------------------------------------------------------
$ SCF_Electric_Properties
   description: The SCF Calculated Electric Properties
   geom. index: 12
   prop. index: 1
       Filename                          : file.scfp 
       Do Dipole Moment Calculation      : true 
       Do Quadrupole Moment Calculation  : false 
       Do Polarizability Calculation     : false 
** Dipole moment part of electric properties **
        Magnitude of dipole moment (Debye) :        3.0684112267
        Electronic Contribution:
                  0    
      0       4.646350
      1      -3.071567
      2      -0.939301
        Nuclear Contribution:
                  0    
      0      -5.373504
      1       3.831356
      2       1.531968
        Total Dipole moment:
                  0    
      0      -0.727153
      1       0.759790
      2       0.592667
# -------------------------------------------------------------
----------------------- !GEOMETRIES! ------------------------
# -------------------------------------------------------------
------------------------ !GEOMETRY! -------------------------
    Number of atoms:    14 
    Geometry Index:     1 
    Coordinates:
               0 C      2.044900000000    0.267100000000   -0.179900000000
               1 N      2.357700000000   -1.035500000000   -0.412700000000
               2 O      1.236200000000   -1.712800000000   -0.430300000000
               3 C      0.243300000000   -0.890800000000   -0.218600000000
               4 C      0.679600000000    0.333100000000   -0.057700000000
               5 C     -0.425500000000    1.271100000000    0.172700000000
               6 N     -1.645400000000    0.418300000000    0.133100000000
               7 C     -1.215500000000   -0.983000000000   -0.121500000000
               8 H      2.754900000000    1.079800000000   -0.110400000000
               9 H     -0.464300000000    2.025300000000   -0.641000000000
              10 H     -0.309400000000    1.769300000000    1.160500000000
              11 H     -2.108200000000    0.457900000000    1.071800000000
              12 H     -1.505600000000   -1.656800000000    0.714700000000
              13 H     -1.642700000000   -1.342900000000   -1.080700000000
------------------------ !GEOMETRY! -------------------------
    Number of atoms:    14 
    Geometry Index:     2 
    Coordinates:
               0 C      2.094157786551    0.243953429965   -0.189207897753
               1 N      2.415002641407   -1.011939664531   -0.415017605079
               2 O      1.244155507945   -1.726994666791   -0.431310786516
               3 C      0.243871904319   -0.875212073453   -0.209125714062
               4 C      0.693603140029    0.379797979061   -0.047330800056
               5 C     -0.453935583903    1.312863934850    0.184076962825
               6 N     -1.645834981223    0.403882493873    0.149298476927
               7 C     -1.237152042275   -1.005075670470   -0.120254132488
               8 H      2.872076791265    0.993067952890   -0.139011327809
               9 H     -0.530888536874    2.066046192269   -0.610033104527
              10 H     -0.379269654794    1.825396007979    1.151286661543
              11 H     -2.104978861788    0.439400105708    1.049654330350
              12 H     -1.542018262752   -1.679599965183    0.689922788163
              13 H     -1.668789847907   -1.365486056167   -1.062947851519
------------------------ !GEOMETRY! -------------------------
    Number of atoms:    14 
    Geometry Index:     3 
    Coordinates:
               0 C      2.105137868974    0.244498324372   -0.199434629135
               1 N      2.430278569959   -1.010519319760   -0.436768328334
               2 O      1.243435102940   -1.736372448733   -0.414384084660
               3 C      0.251256190519   -0.880179218816   -0.159476881070
               4 C      0.701954660884    0.382729062014   -0.010438687360
               5 C     -0.458886898051    1.316408493053    0.192306347692
               6 N     -1.640081597015    0.396610389940    0.175085873950
               7 C     -1.238179454689   -1.005239182038   -0.122279185029
               8 H      2.898018144535    0.982094996359   -0.180938267898
               9 H     -0.542400817310    2.052533850931   -0.616733221974
              10 H     -0.408554584072    1.863625443342    1.140254671894
              11 H     -2.112858832313    0.432762649698    1.068194118649
              12 H     -1.588966740304   -1.696797522805    0.651396653426
              13 H     -1.640151614058   -1.342055517557   -1.086784380150
------------------------ !GEOMETRY! -------------------------
    Number of atoms:    14 
    Geometry Index:     4 
    Coordinates:
               0 C      2.113415228105    0.241096267727   -0.182221799436
               1 N      2.445062955547   -1.013535534335   -0.406832698681
               2 O      1.237956346709   -1.736543051312   -0.450591577555
               3 C      0.247974463592   -0.869497897629   -0.218904307933
               4 C      0.700759737767    0.391297165408   -0.039242335571
               5 C     -0.464815834926    1.321944718455    0.174698924325
               6 N     -1.635176693845    0.391183583779    0.196146232914
               7 C     -1.241389112258   -1.006640632653   -0.122604373804
               8 H      2.917708661531    0.965968494230   -0.121118452950
               9 H     -0.570423288666    2.054989509843   -0.633724748235
              10 H     -0.408265066952    1.879947269075    1.116615100885
              11 H     -2.099986301119    0.429606218055    1.093438977278
              12 H     -1.556826356926   -1.707064176328    0.660681712953
              13 H     -1.685994738558   -1.342651934314   -1.066340654191
------------------------ !GEOMETRY! -------------------------
    Number of atoms:    14 
    Geometry Index:     5 
    Coordinates:
               0 C      2.106254083580    0.243424581999   -0.188033711689
               1 N      2.433460729170   -1.013730401112   -0.414742368682
               2 O      1.242812159019   -1.735874503685   -0.417953820332
               3 C      0.247711951652   -0.875090368236   -0.192057885155
               4 C      0.699017595048    0.386883200322   -0.035324722623
               5 C     -0.461719803060    1.318326737261    0.180751624348
               6 N     -1.637846268341    0.393308983796    0.193823660826
               7 C     -1.240816747129   -1.003871161442   -0.127046098666
               8 H      2.902210683110    0.976906610496   -0.147871473974
               9 H     -0.564675731358    2.048238812731   -0.631781250575
              10 H     -0.396547794906    1.873479979541    1.122752877178
              11 H     -2.093126351351    0.424448370308    1.096089048728
              12 H     -1.571341857727   -1.704826393123    0.646566268130
              13 H     -1.665392647705   -1.331524448855   -1.085172147511
------------------------ !GEOMETRY! -------------------------
    Number of atoms:    14 
    Geometry Index:     6 
    Coordinates:
               0 C      2.106969464054    0.242375328963   -0.188473232045
               1 N      2.438802997339   -1.010798520318   -0.409343828074
               2 O      1.241393137108   -1.739457057731   -0.421285702948
               3 C      0.248266232136   -0.876724311474   -0.195698031794
               4 C      0.698099863619    0.385857010814   -0.039148135601
               5 C     -0.462347562267    1.318080100128    0.178257346506
               6 N     -1.636433722814    0.392386488792    0.199785735353
               7 C     -1.241420665252   -1.003930618838   -0.125443463291
               8 H      2.900496608326    0.979042526519   -0.143644756169
               9 H     -0.565198864156    2.045824556988   -0.636155847785
              10 H     -0.396598872249    1.876554457008    1.119740036285
              11 H     -2.090790377724    0.424851950474    1.101932888645
              12 H     -1.574673301272   -1.709740885802    0.644696710428
              13 H     -1.666564936849   -1.324221025520   -1.085219719509
------------------------ !GEOMETRY! -------------------------
    Number of atoms:    14 
    Geometry Index:     7 
    Coordinates:
               0 C      2.106798532785    0.242291946033   -0.184649274423
               1 N      2.437915782321   -1.012364582591   -0.407948933198
               2 O      1.240039985231   -1.737980293004   -0.424585109919
               3 C      0.247601524510   -0.875299847886   -0.198007752233
               4 C      0.698379406300    0.386286567716   -0.037132404484
               5 C     -0.462864748235    1.318190036273    0.177434213319
               6 N     -1.636970382426    0.392175966628    0.202632027923
               7 C     -1.241674942138   -1.003135525370   -0.126878360944
               8 H      2.900932377314    0.977982411501   -0.140022970355
               9 H     -0.567684026219    2.041194116334   -0.641007976142
              10 H     -0.396993282897    1.881626897982    1.115260792312
              11 H     -2.084460663494    0.421678099367    1.108618922705
              12 H     -1.572859532620   -1.710168696109    0.642594780594
              13 H     -1.668160030432   -1.322377096874   -1.086307955155
------------------------ !GEOMETRY! -------------------------
    Number of atoms:    14 
    Geometry Index:     8 
    Coordinates:
               0 C      2.106291649817    0.242395030782   -0.183507184833
               1 N      2.437589179678   -1.013013366379   -0.404649895867
               2 O      1.239891517732   -1.738236278637   -0.420698348767
               3 C      0.247178797193   -0.875047232461   -0.197861967710
               4 C      0.697884204517    0.386796707477   -0.038878120083
               5 C     -0.463902464162    1.318323171952    0.175160207135
               6 N     -1.637301259405    0.391503835855    0.208124407999
               7 C     -1.242287938262   -1.002149805583   -0.128639790034
               8 H      2.900840457541    0.977483322843   -0.138223467780
               9 H     -0.572159393650    2.037541931175   -0.646073834924
              10 H     -0.396250987872    1.886000350615    1.110084974039
              11 H     -2.074450687620    0.416902870671    1.119463003447
              12 H     -1.575518881214   -1.712767827818    0.636175150058
              13 H     -1.667804194295   -1.315632710493   -1.090475132679
------------------------ !GEOMETRY! -------------------------
    Number of atoms:    14 
    Geometry Index:     9 
    Coordinates:
               0 C      2.103894934614    0.241919209916   -0.172938817256
               1 N      2.436259277614   -1.015718874356   -0.383638895169
               2 O      1.238657265017   -1.739210311545   -0.406399695626
               3 C      0.244346421522   -0.873725838217   -0.201719475741
               4 C      0.694826877885    0.388948753716   -0.047548818142
               5 C     -0.470329490232    1.318714727190    0.161483318150
               6 N     -1.638488240279    0.387556755316    0.241373232407
               7 C     -1.246588893589   -0.995912181917   -0.138784380845
               8 H      2.899732538511    0.975035326442   -0.122374686126
               9 H     -0.598233113417    2.012688718639   -0.678351228144
              10 H     -0.393954162947    1.914170727595    1.077317785734
              11 H     -2.010734649597    0.388223682803    1.182051350379
              12 H     -1.588836826770   -1.726507650498    0.601254209728
              13 H     -1.670551938331   -1.276083045082   -1.111723899351
------------------------ !GEOMETRY! -------------------------
    Number of atoms:    14 
    Geometry Index:     10 
    Coordinates:
               0 C      2.104690426425    0.241713457590   -0.174917558923
               1 N      2.436931180811   -1.014867421151   -0.387799698266
               2 O      1.238939029838   -1.739197026446   -0.410630579931
               3 C      0.244948578764   -0.874196619326   -0.201279447904
               4 C      0.695420765970    0.388289828313   -0.045197455677
               5 C     -0.469178857420    1.318655925848    0.164146772365
               6 N     -1.638840617576    0.388697924548    0.234134997455
               7 C     -1.245935207036   -0.997202236587   -0.136572846517
               8 H      2.899846964507    0.975826241892   -0.124885862156
               9 H     -0.592234807840    2.017237178012   -0.672605998438
              10 H     -0.395399895361    1.909130436617    1.083875015269
              11 H     -2.022304982179    0.393656511495    1.170119616886
              12 H     -1.586540945187   -1.723814345476    0.608892006779
              13 H     -1.670341633717   -1.283829855328   -1.107278960941
------------------------ !GEOMETRY! -------------------------
    Number of atoms:    14 
    Geometry Index:     11 
    Coordinates:
               0 C      2.105062206520    0.241180361301   -0.172797512629
               1 N      2.437293748765   -1.015011061660   -0.384815818353
               2 O      1.238619549886   -1.739388528199   -0.411710750573
               3 C      0.244556044961   -0.873982962397   -0.203059164200
               4 C      0.695076720182    0.388483303491   -0.045628536034
               5 C     -0.470243800227    1.318841957941    0.162232798169
               6 N     -1.639247844755    0.388422288145    0.237734110113
               7 C     -1.246752767356   -0.996459103466   -0.137667464354
               8 H      2.900039817551    0.975610559020   -0.121479640322
               9 H     -0.594875040786    2.013970607859   -0.677215828479
              10 H     -0.396761448988    1.913153044340    1.079643537792
              11 H     -2.012900129313    0.389896655704    1.177644052423
              12 H     -1.587763655975   -1.725098197032    0.605993077139
              13 H     -1.672103400465   -1.279518925048   -1.108872860690
------------------------ !GEOMETRY! -------------------------
    Number of atoms:    14 
    Geometry Index:     12 
    Coordinates:
               0 C      2.105150324267    0.241349446428   -0.174116597627
               1 N      2.437318442645   -1.014767666333   -0.386836660713
               2 O      1.238830252706   -1.739397383137   -0.411850961606
               3 C      0.244866744206   -0.874257196374   -0.201705641140
               4 C      0.695328570280    0.388241728186   -0.044699140017
               5 C     -0.469658842903    1.318763966664    0.163452136882
               6 N     -1.638959413135    0.388605968804    0.235343796291
               7 C     -1.246319983704   -0.996979379727   -0.136877008623
               8 H      2.900017575252    0.975934283757   -0.123847984911
               9 H     -0.592702112274    2.016114826052   -0.674419969390
              10 H     -0.396651988765    1.910637256716    1.082486432977
              11 H     -2.018887976944    0.392467225482    1.172635201392
              12 H     -1.587350125597   -1.724190239871    0.608170088804
              13 H     -1.670981466036   -1.282422836647   -1.107733692317
