    55
     1   -2.220612   -3.188690    2.073763      1
     2    0.093230   -3.889194   -1.561005      1
     3    4.739488   -3.906798   -1.056009      1
     4    3.404178   -2.910188    1.744646      1
     5   -5.808421   -1.981613   -0.421821      1
     6   -2.461962   -1.190978    1.804133      1
     7    3.666951   -2.402762   -0.210175      1
     8    1.091571   -2.119637   -1.492589      1
     9   -2.173496   -0.304987    3.613483      1
    10   -6.455237   -0.166966    2.252176      1
    11   -5.099331   -0.505797    0.779837      1
    12    1.362869   -1.521863   -3.414759      1
    13   -0.556664   -0.113292   -0.155651      1
    14    1.750070    1.151067    3.001273      1
    15    6.468808    0.226609    1.160598      1
    16    5.161773    0.091551   -0.409785      1
    17   -2.197404    1.086193   -2.064112      1
    18    6.258161    0.106722   -2.123318      1
    19   -4.542774    1.836065   -0.822581      1
    20    1.217677    1.822905    1.136706      1
    21   -5.986649    2.239818   -2.192513      1
    22    3.401613    2.244180   -0.490049      1
    23   -4.342972    3.479860    0.392854      1
    24   -1.301804    2.476099   -2.927379      1
    25    0.216589    3.573940    1.398171      1
    26    4.281025    3.825029   -0.056948      1
    27   -2.309238   -2.449567    1.968910      2
    28    0.463695   -3.232845   -1.527497      2
    29    4.343372   -3.346560   -0.746562      2
    30    3.499914   -2.714754    1.018268      2
    31   -5.544518   -1.438127    0.018941      2
    32    2.365270   -2.259711   -0.855217      2
    33   -2.279657   -0.627887    2.936965      2
    34   -3.789075   -0.853226    1.296170      2
    35   -5.948981   -0.289623    1.708299      2
    36   -1.507676   -0.663169    0.829925      2
    37    0.278197   -1.127198   -0.819074      2
    38    1.268417   -1.736014   -2.709439      2
    39    4.395251   -1.167446   -0.306935      2
    40   -2.951441    0.228773   -0.069968      3
    41   -4.840840    0.662010   -0.009698      2
    42    2.343030   -0.099423   -0.200203      3
    43   -1.217198    0.395454   -0.915230      2
    44    5.980436    0.180357    0.582361      2
    45    0.318615    0.841091    0.484273      2
    46    1.557092    1.393525    2.306894      2
    47    5.854939    0.100704   -1.496187      2
    48   -3.589835    1.559822   -1.308519      2
    49    4.456050    0.956352   -0.415827      2
    50   -5.457239    2.091657   -1.691624      2
    51    2.097517    1.987483    0.513805      2
    52   -4.410832    2.866628   -0.057713      2
    53    0.585359    2.930783    1.297283      2
    54   -1.514438    2.152110   -2.715353      2
    55    4.072370    3.442697   -0.152098      2
