    33
     1   -2.123507   -3.501794    2.111787      1
     2    0.875259   -2.795501    0.016893      1
     3   -1.158961   -2.003506    1.581998      1
     4    0.270740   -3.042062   -1.745387      1
     5   -4.042379   -0.912439   -1.017691      1
     6    4.054352   -1.114813    1.612459      1
     7   -2.749690   -0.094236    0.347285      1
     8    2.796752   -0.787531    0.050498      1
     9   -3.864317    0.806050    1.790789      1
    10    3.879538   -0.965315   -1.663187      1
    11    1.411328    2.388265    2.207477      1
    12    1.600081    1.869573    0.253138      1
    13   -1.019573    1.845941   -0.985049      1
    14   -0.819265    1.360760   -2.953187      1
    15   -1.872532    3.688268   -0.934575      1
    16    2.798550    3.255584   -0.628248      1
    17   -1.902773   -3.151723    1.977793      2
    18   -0.154802   -2.389830    0.773207      2
    19    0.414139   -2.969852   -1.313441      2
    20   -2.113463   -0.882436    0.821738      2
    21    2.013538   -1.563201    0.030609      2
    22   -3.558299   -0.614326   -0.513278      2
    23    3.594477   -0.992884    1.046520      2
    24    0.049000   -0.287492    0.218717      3
    25   -3.454866    0.476980    1.263652      2
    26    3.473668   -0.898968   -1.036070      2
    27   -1.867351    0.883896   -0.324748      2
    28    2.189858    0.544765    0.147658      2
    29    1.478817    2.195346    1.489432      2
    30    0.300216    1.857110   -0.360660      2
    31   -0.892489    1.534530   -2.218306      2
    32   -1.558509    3.006458   -0.948372      2
    33    2.353307    2.737229   -0.306249      2
