-------------------------------------------------------------
----------------------- !PROPERTIES! ------------------------
-------------------------------------------------------------
# -----------------------------------------------------------
$ PAL_Flags
   description: The PAL Flags
   geom. index: 1
   prop. index: 1
        Diskflag:     2
# -----------------------------------------------------------
$ SCF_Energy
   description: The SCF energy
   geom. index: 1
   prop. index: 1
        SCF Energy:     -268.0270557848
# -----------------------------------------------------------
$ DFT_Energy
   description: The DFT energy
   geom. index: 1
   prop. index: 1
   Number of Alpha Electrons                 24.0000169763 
   Number of Beta  Electrons                 24.0000169763 
   Total number of  Electrons                48.0000339525 
   Exchange energy                          -24.9035880678 
   Correlation energy                        -1.9530987900 
   Correlation energy NL                      0.0000000000 
   Exchange-Correlation energy              -26.8566868579 
   Embedding correction                       0.0000000000 
   Total DFT Energy (No VdW correction)    -268.0270557848 
# -----------------------------------------------------------
$ Mayer_Pop
   description: The Mayer population analysis
   geom. index: 1
   prop. index: 1
     Number of atoms                     : 16
     Threshold for printing              : 0.1000000
     Number of bond orders printed       : 16
  NA   - Mulliken gross atomic population
  ZA   - Total nuclear charge
  QA   - Mulliken gross atomic charge
  VA   - Mayer's total valence
  BVA  - Mayer's bonded valence
  FA   - Mayer's free valence
  ATOM       NA         ZA         QA         VA         BVA        FA
  0   0     6.3291     6.0000    -0.3291     3.7217     3.7217     0.0000
  1   0     6.2947     6.0000    -0.2947     3.7133     3.7133     0.0000
  2   0     6.2851     6.0000    -0.2851     3.7487     3.7487    -0.0000
  3   0     7.2962     7.0000    -0.2962     2.8333     2.8333     0.0000
  4   0     7.3136     7.0000    -0.3136     2.8821     2.8821    -0.0000
  5   0     6.3079     6.0000    -0.3079     3.8795     3.8795    -0.0000
  6   0     0.8469     1.0000     0.1531     0.9616     0.9616     0.0000
  7   0     0.8393     1.0000     0.1607     0.9291     0.9291     0.0000
  8   0     0.8631     1.0000     0.1369     0.9631     0.9631    -0.0000
  9   0     0.8174     1.0000     0.1826     0.9080     0.9080     0.0000
 10   0     0.8380     1.0000     0.1620     0.9351     0.9351    -0.0000
 11   0     0.8487     1.0000     0.1513     0.9360     0.9360    -0.0000
 12   0     0.7236     1.0000     0.2764     0.8672     0.8672    -0.0000
 13   0     0.6869     1.0000     0.3131     0.8451     0.8451    -0.0000
 14   0     0.8630     1.0000     0.1370     0.9304     0.9304    -0.0000
 15   0     0.8465     1.0000     0.1535     0.9431     0.9431     0.0000
      Bond orders larger than 0.1000000
           Atom A     A.N. of A          Atom B    A.N. of B              Bond order
                0             6               1            6                0.948368
                0             6               5            6                0.932791
                0             6               6            1                0.954767
                0             6               7            1                0.988478
                1             6               2            6                0.907722
                1             6               8            1                0.942617
                1             6               9            1                0.962381
                2             6               3            7                0.946242
                2             6              10            1                0.993332
                2             6              11            1                0.989939
                3             7               4            7                1.086950
                3             7              12            1                0.929318
                4             7               5            6                0.987438
                4             7              13            1                0.896966
                5             6              14            1                0.985980
                5             6              15            1                0.978371
# -----------------------------------------------------------
$ VdW_Correction
   description: The Van der Waals Correction
   geom. index: 1
   prop. index: 1
        Van der Waals Correction:       -0.0234380732
# -----------------------------------------------------------
$ Hessian
   description: Details about the Hessian
   geom. index: 1
   prop. index: 1
Normal modes:
Number of Rows: 48 Number of Columns: 48
                  0          1          2          3          4          5    
      0       0.000000   0.000000   0.000000   0.000000   0.000000   0.000000
      1       0.000000   0.000000   0.000000   0.000000   0.000000   0.000000
      2       0.000000   0.000000   0.000000   0.000000   0.000000   0.000000
      3       0.000000   0.000000   0.000000   0.000000   0.000000   0.000000
      4       0.000000   0.000000   0.000000   0.000000   0.000000   0.000000
      5       0.000000   0.000000   0.000000   0.000000   0.000000   0.000000
      6       0.000000   0.000000   0.000000   0.000000   0.000000   0.000000
      7       0.000000   0.000000   0.000000   0.000000   0.000000   0.000000
      8       0.000000   0.000000   0.000000   0.000000   0.000000   0.000000
      9       0.000000   0.000000   0.000000   0.000000   0.000000   0.000000
     10       0.000000   0.000000   0.000000   0.000000   0.000000   0.000000
     11       0.000000   0.000000   0.000000   0.000000   0.000000   0.000000
     12       0.000000   0.000000   0.000000   0.000000   0.000000   0.000000
     13       0.000000   0.000000   0.000000   0.000000   0.000000   0.000000
     14       0.000000   0.000000   0.000000   0.000000   0.000000   0.000000
     15       0.000000   0.000000   0.000000   0.000000   0.000000   0.000000
     16       0.000000   0.000000   0.000000   0.000000   0.000000   0.000000
     17       0.000000   0.000000   0.000000   0.000000   0.000000   0.000000
     18       0.000000   0.000000   0.000000   0.000000   0.000000   0.000000
     19       0.000000   0.000000   0.000000   0.000000   0.000000   0.000000
     20       0.000000   0.000000   0.000000   0.000000   0.000000   0.000000
     21       0.000000   0.000000   0.000000   0.000000   0.000000   0.000000
     22       0.000000   0.000000   0.000000   0.000000   0.000000   0.000000
     23       0.000000   0.000000   0.000000   0.000000   0.000000   0.000000
     24       0.000000   0.000000   0.000000   0.000000   0.000000   0.000000
     25       0.000000   0.000000   0.000000   0.000000   0.000000   0.000000
     26       0.000000   0.000000   0.000000   0.000000   0.000000   0.000000
     27       0.000000   0.000000   0.000000   0.000000   0.000000   0.000000
     28       0.000000   0.000000   0.000000   0.000000   0.000000   0.000000
     29       0.000000   0.000000   0.000000   0.000000   0.000000   0.000000
     30       0.000000   0.000000   0.000000   0.000000   0.000000   0.000000
     31       0.000000   0.000000   0.000000   0.000000   0.000000   0.000000
     32       0.000000   0.000000   0.000000   0.000000   0.000000   0.000000
     33       0.000000   0.000000   0.000000   0.000000   0.000000   0.000000
     34       0.000000   0.000000   0.000000   0.000000   0.000000   0.000000
     35       0.000000   0.000000   0.000000   0.000000   0.000000   0.000000
     36       0.000000   0.000000   0.000000   0.000000   0.000000   0.000000
     37       0.000000   0.000000   0.000000   0.000000   0.000000   0.000000
     38       0.000000   0.000000   0.000000   0.000000   0.000000   0.000000
     39       0.000000   0.000000   0.000000   0.000000   0.000000   0.000000
     40       0.000000   0.000000   0.000000   0.000000   0.000000   0.000000
     41       0.000000   0.000000   0.000000   0.000000   0.000000   0.000000
     42       0.000000   0.000000   0.000000   0.000000   0.000000   0.000000
     43       0.000000   0.000000   0.000000   0.000000   0.000000   0.000000
     44       0.000000   0.000000   0.000000   0.000000   0.000000   0.000000
     45       0.000000   0.000000   0.000000   0.000000   0.000000   0.000000
     46       0.000000   0.000000   0.000000   0.000000   0.000000   0.000000
     47       0.000000   0.000000   0.000000   0.000000   0.000000   0.000000
                  6          7          8          9         10         11    
      0      -0.009741   0.052888   0.015083  -0.128766   0.095659  -0.001102
      1       0.084112  -0.086293  -0.076712   0.147670   0.148654  -0.051393
      2       0.071489  -0.099768  -0.014353  -0.082105  -0.098337   0.110517
      3       0.004894  -0.070669   0.009867  -0.162781  -0.039498   0.010596
      4      -0.029922  -0.030169  -0.018004  -0.125965   0.215362   0.094909
      5       0.043826   0.158940   0.030021  -0.000208   0.002866   0.070725
      6      -0.005821  -0.008610  -0.017774  -0.009142  -0.290847  -0.072139
      7      -0.019979   0.025370  -0.039906  -0.094140   0.051508  -0.009047
      8      -0.119680  -0.098098   0.076455   0.071571   0.000979   0.003564
      9      -0.005730  -0.004503  -0.124509   0.084233  -0.083463   0.019035
     10      -0.030092   0.008453   0.099343  -0.149149  -0.177472  -0.136925
     11       0.084956  -0.003961  -0.198241  -0.022189  -0.017528  -0.019175
     12       0.018578   0.020481   0.119903   0.160558   0.049536   0.059286
     13       0.088987   0.043592   0.111447   0.111260  -0.182458   0.116522
     14       0.070020   0.021817   0.114368  -0.046338   0.123803  -0.118651
     15      -0.002812   0.012268   0.011545   0.045132   0.294703  -0.053379
     16      -0.081483   0.045037  -0.088082   0.093393  -0.027085   0.009986
     17      -0.147520   0.018988  -0.017880  -0.003206  -0.002746  -0.016134
     18       0.002062   0.019006  -0.005236  -0.028273  -0.143041  -0.098396
     19       0.069771  -0.077257  -0.081548   0.170651   0.044823  -0.057715
     20       0.262621  -0.343621  -0.066862   0.147646  -0.138036  -0.273791
     21      -0.018679   0.229625   0.057343  -0.254748   0.182598   0.245038
     22       0.288463  -0.287687  -0.104557   0.305020   0.107676  -0.334135
     23       0.028981  -0.048523  -0.004971  -0.120819  -0.084909   0.182214
     24       0.009728  -0.018476  -0.001380  -0.039765   0.155810  -0.092606
     25       0.010900   0.117624  -0.023237  -0.071947   0.056372  -0.093324
     26       0.102441   0.414562   0.011100   0.216911   0.025594  -0.301205
     27       0.042930  -0.279541  -0.020057  -0.328302  -0.083332   0.317772
     28      -0.141936  -0.264979   0.018816  -0.249676   0.256574   0.353392
     29       0.079784   0.222706   0.014949   0.030953  -0.011466   0.001068
     30       0.171198   0.174339  -0.258529  -0.198776  -0.315023  -0.082548
     31      -0.016495  -0.033378  -0.173637   0.011902   0.034034  -0.067523
     32      -0.256968  -0.249980   0.241342   0.238626   0.010594  -0.001459
     33      -0.182469  -0.194619   0.190412   0.215826  -0.257712  -0.048884
     34       0.000152   0.152691  -0.028519  -0.044550   0.100839   0.109031
     35      -0.239755  -0.237497   0.214057   0.216336   0.019483   0.006380
     36      -0.059220  -0.039339  -0.305033   0.087514  -0.228279   0.077728
     37      -0.130404  -0.032695   0.395572  -0.140756  -0.086208  -0.323778
     38       0.119747   0.017881  -0.194585  -0.030817  -0.000708  -0.009168
     39       0.027730   0.019395   0.155130   0.097773  -0.138365   0.077173
     40       0.099713   0.050759   0.112044   0.191386  -0.084002   0.182024
     41       0.186168   0.053819   0.298116   0.146282  -0.027284   0.290298
     42       0.281435  -0.092193   0.199945  -0.082353   0.352735  -0.065571
     43      -0.233514   0.045582  -0.287657   0.046093  -0.054881   0.072372
     44      -0.315934   0.114996  -0.071053   0.147022  -0.035104  -0.052621
     45      -0.292614   0.128055  -0.171668   0.174673   0.230905  -0.035547
     46      -0.201767   0.154904  -0.102713   0.058663  -0.002224  -0.086538
     47      -0.310795   0.045103  -0.161285   0.126292  -0.076278   0.063652
                 12         13         14         15         16         17    
      0      -0.066433  -0.020318   0.059088  -0.008588  -0.145192   0.041072
      1       0.124882   0.025363  -0.075163   0.111425  -0.003585  -0.020959
      2      -0.052323   0.036772   0.113779  -0.017616   0.024541  -0.016837
      3       0.071363  -0.096368  -0.054734   0.052055  -0.032900   0.032487
      4       0.137649  -0.107146  -0.029958  -0.045287   0.090301   0.003425
      5       0.011641   0.013097  -0.080469  -0.021151   0.008243  -0.064900
      6       0.162385  -0.012137  -0.013615  -0.126716   0.129704   0.005458
      7      -0.044383  -0.008081   0.068961  -0.048187  -0.145283   0.062103
      8      -0.059465   0.027177  -0.092000  -0.007347   0.025117   0.082442
      9       0.030153   0.065406   0.002755   0.006147  -0.086826  -0.015967
     10      -0.144976   0.002069  -0.020240   0.152257   0.053791  -0.087964
     11      -0.048986  -0.023942   0.001154   0.043270   0.051496  -0.009322
     12      -0.026026   0.018690  -0.042971   0.072352  -0.036280  -0.020333
     13      -0.055361  -0.023680   0.029717  -0.041747   0.048485   0.021257
     14       0.123394   0.064680  -0.000236  -0.072851  -0.097893  -0.072440
     15      -0.159822   0.019541   0.070484  -0.043441   0.220213  -0.010229
     16       0.038756   0.105436   0.050260  -0.025685  -0.008559   0.006952
     17       0.031524   0.000547   0.024864   0.071813   0.032274   0.099846
     18      -0.114869   0.107770   0.095337   0.014624  -0.471516   0.219704
     19       0.151343   0.110345  -0.053612   0.160753  -0.131297   0.052954
     20      -0.468358  -0.256852   0.023130  -0.392756  -0.192813   0.048797
     21       0.073048   0.098086   0.015132   0.042949  -0.134151  -0.324185
     22      -0.238432  -0.234410  -0.193013  -0.290985  -0.247304  -0.108704
     23       0.026931   0.096483   0.136979   0.065381   0.076912  -0.019312
     24       0.073411  -0.141740  -0.178655   0.291372  -0.115687   0.200574
     25       0.296859  -0.304374   0.233434  -0.104604   0.196103   0.038470
     26       0.212217  -0.296979   0.128440   0.184431   0.048087   0.178914
     27       0.010468   0.126046  -0.120591   0.037760  -0.048724  -0.339203
     28      -0.105761   0.187948  -0.346528  -0.235768   0.015583  -0.014943
     29       0.088942  -0.072879   0.017973   0.039777   0.035804  -0.075762
     30      -0.053972   0.148803  -0.382614  -0.160769   0.251297   0.249045
     31      -0.079725   0.017759   0.234050   0.037957  -0.211336   0.043463
     32       0.101274  -0.096446   0.221080   0.043961  -0.076329  -0.117296
     33       0.376510  -0.152031   0.374999  -0.085798  -0.048926  -0.244987
     34      -0.101106   0.129125  -0.090902  -0.213612  -0.270289   0.195410
     35       0.085297  -0.082069   0.188438   0.042894  -0.082709  -0.103075
     36      -0.117915  -0.002986  -0.011911   0.184533  -0.013884  -0.003934
     37       0.042269   0.275864  -0.204775  -0.336601   0.075753   0.248846
     38      -0.040648  -0.056053   0.037781   0.091128   0.020500  -0.095980
     39      -0.063409  -0.090660  -0.100387   0.180673  -0.160174  -0.026495
     40      -0.080841  -0.039571   0.054040  -0.093612   0.127370   0.094202
     41      -0.089104  -0.417489  -0.097052   0.023888  -0.196512   0.271340
     42       0.038452   0.286470   0.262584   0.149322   0.326141   0.264364
     43      -0.083179   0.000581   0.100049  -0.083258   0.001653   0.004411
     44      -0.069888  -0.170195  -0.182660  -0.073917  -0.084998  -0.163063
     45      -0.368344  -0.246182  -0.124573  -0.235871   0.078866  -0.310134
     46      -0.078755  -0.028498  -0.032441  -0.283732  -0.177601  -0.241076
     47      -0.062930  -0.138185  -0.083804   0.080051   0.022271   0.013456
                 18         19         20         21         22         23    
      0      -0.055729   0.034714  -0.080899  -0.082004  -0.050186  -0.077049
      1      -0.027634   0.103972   0.048276  -0.035330  -0.080453  -0.003248
      2       0.022960   0.033764  -0.066086   0.045956  -0.105955   0.068883
      3       0.096311  -0.073614   0.060010   0.045653   0.037935   0.087601
      4      -0.010167  -0.054490  -0.121211  -0.019464  -0.005541  -0.050064
      5      -0.012671  -0.028737   0.074104  -0.019732   0.127299  -0.060081
      6      -0.104381   0.056278   0.065081  -0.010515   0.006188   0.045397
      7       0.028175   0.034248   0.141557   0.015696   0.058606   0.129783
      8      -0.016208  -0.011327  -0.033264   0.037375  -0.092367   0.087936
      9       0.078582  -0.039792  -0.042185   0.022473  -0.079528  -0.190314
     10      -0.050794  -0.012317  -0.018647   0.020959  -0.020096  -0.041943
     11       0.033921   0.039432  -0.036946  -0.041386   0.121910   0.043886
     12      -0.009151  -0.028041  -0.099228   0.005892   0.102962   0.166714
     13       0.075591  -0.040487   0.033529  -0.087013  -0.084460  -0.043548
     14      -0.003136  -0.041820   0.003353   0.044766  -0.108855   0.003160
     15       0.001992   0.022436   0.085048   0.018234  -0.018645  -0.015515
     16      -0.033218  -0.066346  -0.058986   0.110120   0.125741   0.036470
     17      -0.029413  -0.021751   0.051226  -0.083726   0.049308  -0.138711
     18      -0.268553   0.039129  -0.185126  -0.380625   0.041386   0.257555
     19      -0.119061   0.136275   0.002894  -0.164580  -0.068133   0.171454
     20      -0.059653  -0.264325  -0.094487  -0.024556   0.188606  -0.164158
     21      -0.040652   0.335717  -0.088100  -0.167658  -0.129506  -0.070387
     22      -0.078710  -0.088568  -0.052276  -0.117049   0.220406  -0.221772
     23       0.031697   0.085657  -0.044097   0.058610  -0.167346   0.113047
     24       0.289568  -0.159504   0.294647   0.193398  -0.159833  -0.133431
     25      -0.051709  -0.019251  -0.431572  -0.059457  -0.044278   0.246781
     26       0.166348  -0.084161  -0.058634   0.106043  -0.158301   0.070852
     27       0.155641   0.112287   0.276248   0.053319   0.316414   0.014944
     28      -0.257808  -0.114924   0.065866  -0.155421   0.100068  -0.234075
     29       0.069182  -0.001818   0.020613   0.024281   0.103333  -0.003160
     30      -0.118593   0.057223  -0.070808   0.083809  -0.226490   0.157018
     31       0.157242   0.240756   0.123099   0.045914   0.068258   0.018228
     32       0.010493   0.016873   0.070293  -0.027957   0.087407  -0.022242
     33      -0.068764   0.062105   0.261227  -0.087804   0.191333  -0.132157
     34      -0.137176  -0.126330   0.436602   0.021090  -0.241845   0.224893
     35       0.027285   0.007137   0.066268  -0.016009   0.068327  -0.037457
     36      -0.087058  -0.112905  -0.016335   0.081788  -0.198248  -0.210464
     37       0.635063   0.475967  -0.340660  -0.073032   0.366822  -0.220206
     38      -0.064056  -0.042474   0.018863  -0.030760   0.055172   0.076586
     39      -0.080522   0.084935  -0.179421   0.114897   0.157131  -0.053602
     40       0.064769  -0.011296   0.101187  -0.075377  -0.068857   0.019278
     41      -0.337066   0.526274   0.060331   0.542853   0.112191  -0.439592
     42      -0.133537  -0.135178   0.093651   0.030771   0.266937  -0.208703
     43      -0.018136   0.094303  -0.139217   0.352069  -0.092333  -0.067599
     44       0.081240   0.015030   0.082823  -0.235302  -0.081869   0.114544
     45       0.124138   0.184362   0.039089   0.025121  -0.290343   0.225365
     46      -0.028538  -0.060330  -0.087537   0.297430   0.040835  -0.094787
     47       0.067775   0.109245   0.035269  -0.204363  -0.130175   0.137967
                 24         25         26         27         28         29    
      0       0.016076   0.075394  -0.016847   0.018173  -0.099417   0.006067
      1      -0.000577  -0.003938   0.012577   0.024771  -0.054945  -0.019271
      2       0.012076   0.027823   0.072381   0.013634   0.001550  -0.025380
      3      -0.011886  -0.072734  -0.014135   0.009459  -0.063427  -0.058009
      4       0.006570   0.014410   0.022695  -0.027571   0.052743   0.074733
      5       0.032205  -0.036575   0.003117  -0.065329  -0.037592  -0.004770
      6       0.012268   0.057779   0.012600  -0.007125   0.025835  -0.000688
      7      -0.020579  -0.009106  -0.016871  -0.012858   0.065864  -0.109214
      8      -0.072053  -0.002381  -0.039396   0.001055   0.011808   0.010794
      9       0.003642  -0.080623  -0.007405   0.007032   0.011098  -0.026633
     10       0.022197  -0.016678  -0.000862   0.004319  -0.004640   0.005264
     11       0.045123   0.010716   0.021125   0.058831   0.000468   0.012045
     12       0.011969   0.065758  -0.000883   0.004079   0.008308   0.006356
     13      -0.006486   0.005182  -0.012972  -0.001338   0.005916   0.014913
     14       0.022067  -0.010742  -0.041619  -0.037705  -0.002300  -0.000617
     15       0.001091  -0.057266   0.012495  -0.012461   0.011431  -0.000793
     16      -0.010925   0.012415  -0.014895  -0.002180  -0.036208  -0.045880
     17      -0.060888   0.024161  -0.015717   0.035507   0.031041   0.015820
     18       0.091804  -0.458806   0.209346  -0.276286   0.395459   0.251696
     19       0.037534  -0.254305   0.127523  -0.104430   0.162826   0.090840
     20      -0.017339   0.086956  -0.064127  -0.040274   0.040809   0.008294
     21      -0.332350   0.290464  -0.178301   0.224008   0.404936  -0.252431
     22      -0.179367   0.159625  -0.210541   0.091761   0.146947  -0.046988
     23       0.028691   0.008370   0.113887   0.008363  -0.007403  -0.037141
     24       0.179803   0.410998   0.255480  -0.078885   0.379950   0.082883
     25      -0.179083  -0.315897  -0.151384   0.096088  -0.220111  -0.006129
     26       0.014357   0.099511   0.091860  -0.002150   0.124062   0.044332
     27      -0.288268  -0.164187  -0.240225  -0.042193   0.144595   0.488908
     28       0.310602   0.099029   0.205870  -0.136110  -0.124468  -0.261621
     29      -0.078257  -0.069418  -0.062563  -0.037888   0.030070   0.134856
     30      -0.180632   0.136421  -0.051578  -0.163246  -0.011832   0.062429
     31      -0.208876   0.377575   0.038452  -0.536937  -0.420156   0.371774
     32       0.046610   0.003742   0.020202   0.027055  -0.036378   0.043819
     33       0.192139   0.052865   0.080530   0.064221  -0.025004   0.066151
     34       0.144669  -0.030554  -0.015301   0.607054  -0.230166   0.480177
     35       0.030295  -0.006019   0.004304  -0.016972   0.002856  -0.005978
     36      -0.181198  -0.066826   0.002045  -0.118463  -0.096240   0.010289
     37       0.127138  -0.067818   0.077831   0.127938  -0.040213   0.040518
     38       0.089970   0.014718  -0.005408   0.070890   0.042400  -0.000820
     39       0.085202   0.065543   0.063498   0.149783  -0.039953   0.138718
     40      -0.070134  -0.038875  -0.035670  -0.090540   0.035657  -0.091940
     41      -0.016776  -0.242239   0.022641  -0.016835  -0.025309  -0.088658
     42      -0.124192  -0.006735  -0.007718   0.048915   0.048569   0.017823
     43       0.400157   0.068533  -0.406055  -0.048210   0.247060   0.188235
     44      -0.203630  -0.056991   0.252552   0.005316  -0.177548  -0.145171
     45       0.131660  -0.090992   0.052239  -0.058121   0.026212   0.051891
     46      -0.296986  -0.001781   0.519739   0.164523   0.097761   0.141939
     47       0.228866   0.006510  -0.331479  -0.110765  -0.049235  -0.070212
                 30         31         32         33         34         35    
      0      -0.106454   0.078397  -0.004851  -0.019204  -0.003549  -0.020852
      1      -0.068147  -0.015790   0.000285   0.038321  -0.000574   0.026782
      2       0.019383   0.011056   0.003350  -0.049524   0.003932  -0.033554
      3       0.052470  -0.107289   0.029976  -0.004044   0.024357   0.020635
      4       0.019160   0.063867   0.048292  -0.011382   0.042931   0.023498
      5      -0.017805  -0.027758   0.020059  -0.008513   0.022528   0.011917
      6      -0.022122   0.025398  -0.058911  -0.016812   0.054952   0.028892
      7      -0.097439   0.017064   0.003669  -0.002078  -0.010774   0.001348
      8      -0.030812   0.006995   0.006315   0.008043  -0.002757   0.006254
      9       0.008173   0.012113  -0.006416   0.002420   0.004205   0.002273
     10       0.027385   0.013384  -0.000993  -0.004209   0.005372  -0.012493
     11       0.007414   0.004630   0.001167  -0.001916  -0.000883  -0.007991
     12      -0.019219  -0.013550  -0.002895  -0.006091   0.012147  -0.029343
     13      -0.031642  -0.032654   0.003834   0.007565  -0.007246   0.018160
     14       0.008120   0.003919  -0.002728  -0.002974  -0.002112   0.003929
     15       0.027063  -0.002826   0.007964   0.049384   0.038697  -0.045060
     16       0.087205   0.098119  -0.001266   0.006575  -0.014506   0.017579
     17      -0.037608  -0.071654   0.001223  -0.004392   0.004874  -0.006550
     18       0.227060  -0.056268   0.019281   0.013659   0.022575   0.007240
     19       0.078553  -0.090979   0.017396  -0.024576   0.018711  -0.008411
     20       0.036561   0.088801  -0.028672   0.541451  -0.039567   0.367541
     21       0.496248  -0.222624  -0.004671   0.218505  -0.007015   0.154165
     22       0.195011  -0.107511   0.020231  -0.493373   0.036218  -0.326818
     23       0.002230   0.019464  -0.000509   0.090114  -0.006456   0.060685
     24       0.127756   0.222999  -0.054490  -0.003038  -0.024096  -0.019001
     25       0.034485  -0.208484  -0.230538   0.088919  -0.220946  -0.115822
     26       0.082682   0.012326  -0.415820   0.112868  -0.362313  -0.211764
     27      -0.212666   0.324537  -0.303154   0.095318  -0.254300  -0.153618
     28       0.117824  -0.283982  -0.366736   0.089397  -0.311422  -0.174995
     29      -0.058577   0.098976   0.124431  -0.032926   0.111032   0.061748
     30      -0.017493  -0.022769   0.380492   0.097815  -0.303377  -0.139016
     31       0.311495  -0.313141  -0.037396   0.010100   0.087555   0.054282
     32       0.034463  -0.008431  -0.325832  -0.077165   0.283890   0.141775
     33       0.107605   0.012361   0.406233   0.078152  -0.331548  -0.191187
     34       0.381040   0.000870  -0.007618  -0.002536   0.043790  -0.020787
     35       0.003941  -0.005371   0.303857   0.067777  -0.253351  -0.133767
     36       0.106691   0.045623  -0.036984  -0.102665  -0.029063  -0.040202
     37       0.090989   0.028892  -0.005168  -0.008040  -0.011688  -0.019294
     38      -0.032647  -0.011220   0.013868   0.035897   0.017089   0.001037
     39      -0.123076  -0.130680   0.067775   0.139421  -0.105682   0.239829
     40       0.072666   0.072918  -0.045868  -0.094411   0.077457  -0.178053
     41       0.182894   0.150046  -0.014463  -0.019225   0.003178  -0.025958
     42       0.038539  -0.050934  -0.017469  -0.288819  -0.276247   0.351298
     43      -0.202668  -0.435252   0.007906   0.132184   0.168954  -0.200087
     44       0.139583   0.307724   0.018248   0.202747   0.158676  -0.209621
     45      -0.012792  -0.026956  -0.019948  -0.308437  -0.282308   0.361877
     46      -0.314564  -0.340927   0.000856  -0.118880  -0.066072   0.086585
     47       0.189470   0.198354  -0.022168  -0.205527  -0.211064   0.266114
                 36         37         38         39         40         41    
      0      -0.009306  -0.008519   0.003985   0.004954  -0.011232   0.003072
      1      -0.029646  -0.005470  -0.005053  -0.011925   0.022192  -0.009022
      2       0.025652   0.003757   0.020066   0.004359  -0.060741  -0.009424
      3      -0.000797  -0.001145   0.001125   0.023428  -0.002659   0.008928
      4      -0.004463  -0.001414   0.000426   0.042910   0.000153   0.027277
      5      -0.002636  -0.000046  -0.001895   0.024020   0.014904   0.031600
      6       0.007492   0.005570  -0.001231  -0.039160  -0.011168   0.053005
      7       0.010056   0.027725   0.000557   0.006790   0.001686  -0.010915
      8       0.028514  -0.026919   0.000784  -0.001844  -0.002049  -0.015001
      9       0.024161  -0.080017  -0.000273  -0.000035   0.000597   0.000050
     10      -0.019249  -0.036002  -0.000151  -0.000587   0.000062   0.000608
     11      -0.025442   0.017507  -0.001002  -0.000109   0.000812   0.000595
     12      -0.068343  -0.014050   0.000674  -0.000032   0.000348  -0.000311
     13       0.039814   0.032442   0.002487  -0.000181   0.000632   0.000158
     14      -0.006930   0.040067  -0.002578  -0.000102  -0.000467   0.000242
     15       0.051226   0.029658  -0.057766   0.002696  -0.021013  -0.003948
     16       0.043053   0.005542  -0.022610   0.002070  -0.004652   0.000861
     17      -0.013810  -0.006016  -0.032303   0.003574  -0.003449   0.001754
     18       0.043446   0.024404  -0.057920  -0.067942   0.189021  -0.036518
     19       0.026669   0.014619   0.118779   0.157591  -0.419981   0.088067
     20      -0.255817  -0.046006   0.019637   0.019739  -0.060908   0.009121
     21      -0.053414   0.010651   0.016950   0.005243  -0.050622  -0.005014
     22       0.249798   0.046305  -0.061551  -0.018407   0.172802   0.019899
     23      -0.039055  -0.006595  -0.262722  -0.070355   0.774358   0.102119
     24       0.021712   0.018496  -0.009281  -0.306849   0.032660  -0.138312
     25       0.017113  -0.027089  -0.010711  -0.332444   0.044980  -0.156135
     26       0.053542  -0.008240   0.008059   0.272573  -0.032016   0.130055
     27       0.031518  -0.013791   0.000011   0.035046   0.006889   0.028502
     28       0.025674   0.002815   0.006693  -0.165835  -0.047201  -0.154974
     29      -0.009076  -0.003107   0.018231  -0.559008  -0.145776  -0.505634
     30       0.027771  -0.077209   0.005696   0.257528   0.079484  -0.266838
     31       0.077660  -0.141710  -0.001204  -0.051319  -0.015250   0.058912
     32       0.024569   0.006720   0.007526   0.345522   0.106408  -0.364618
     33      -0.104676   0.016696   0.011253   0.205353   0.050328  -0.350977
     34      -0.098814  -0.026557  -0.002467  -0.031458  -0.006461   0.054839
     35      -0.031260  -0.022550  -0.016909  -0.324048  -0.081904   0.544110
     36      -0.402886   0.788546  -0.002091  -0.000761  -0.005559  -0.001025
     37      -0.130660   0.129265   0.004394   0.001974  -0.000942  -0.004642
     38       0.140037  -0.322107   0.021424   0.003485  -0.009180  -0.015603
     39       0.601385   0.348895  -0.018321   0.000208  -0.007458  -0.000896
     40      -0.430282  -0.246457  -0.012322   0.000831  -0.003670  -0.002594
     41      -0.046788  -0.082482   0.007791  -0.001281   0.002366   0.001167
     42      -0.046710  -0.058453   0.542259  -0.034623   0.149895   0.015901
     43      -0.085707   0.066994   0.382245  -0.024311   0.111937   0.012703
     44       0.155474   0.050996   0.613969  -0.039377   0.170549   0.018695
     45      -0.083484  -0.055702   0.147978   0.004018   0.091209   0.031274
     46      -0.163628  -0.083081  -0.138408  -0.000712  -0.076773  -0.024452
     47       0.008751  -0.018442  -0.208190  -0.003090  -0.117014  -0.037448
                 42         43         44         45         46         47    
      0      -0.016924  -0.003509   0.023540  -0.012943   0.000216  -0.000179
      1       0.036303   0.007035  -0.055024   0.029973  -0.000733  -0.000174
      2       0.016147  -0.006408  -0.034322   0.028668  -0.001847   0.000441
      3       0.006730   0.029509  -0.014110  -0.024414   0.000692  -0.000139
      4       0.009582   0.023900  -0.012727  -0.012667   0.000253  -0.000317
      5      -0.000091  -0.046354   0.021046   0.058513  -0.000818   0.000065
      6       0.003140   0.012643  -0.001494   0.000241   0.000168  -0.000516
      7      -0.001045  -0.004621  -0.000702  -0.001528   0.003585  -0.000383
      8       0.001653   0.067795   0.039365   0.050614  -0.007927  -0.000259
      9      -0.000709  -0.000908  -0.000404  -0.001093  -0.024538  -0.000017
     10      -0.000141   0.000295   0.000369   0.000001  -0.018316   0.000288
     11      -0.000065  -0.003289  -0.001158  -0.003821  -0.064068   0.001006
     12       0.000709   0.000256   0.000487  -0.000030   0.000606   0.039916
     13       0.000368  -0.000175   0.000519  -0.000460   0.000655   0.058316
     14      -0.000460  -0.000253  -0.000620  -0.000102  -0.002043  -0.014176
     15       0.025354  -0.005623   0.012621  -0.003930   0.001242   0.002559
     16      -0.040219   0.005388  -0.020000   0.010265   0.000930   0.000964
     17      -0.061806   0.009059  -0.031351   0.015522   0.001358   0.003359
     18       0.185551   0.043922  -0.264307   0.135577  -0.001742   0.000589
     19      -0.402039  -0.095944   0.580899  -0.296490   0.004913  -0.000534
     20      -0.042819  -0.011155   0.060443  -0.030271   0.001452  -0.000305
     21       0.006113  -0.004937  -0.020083   0.014225  -0.001420   0.000186
     22      -0.030452   0.018684   0.070226  -0.062619   0.004333   0.000214
     23      -0.156823   0.078613   0.356529  -0.309782   0.022283  -0.001948
     24      -0.080851  -0.335734   0.164098   0.273089  -0.003411   0.000605
     25      -0.089420  -0.373859   0.182253   0.303846  -0.002375   0.000443
     26       0.070167   0.286646  -0.139550  -0.231787   0.002382  -0.000343
     27       0.005342  -0.010620   0.006560   0.019871  -0.000164  -0.000517
     28      -0.017941   0.090341  -0.039484  -0.149991   0.002660   0.000029
     29      -0.063949   0.277510  -0.114523  -0.463657   0.007440   0.001166
     30      -0.025806  -0.371920  -0.165298  -0.221404   0.023785   0.000663
     31       0.006886   0.082526   0.036626   0.049820  -0.008357  -0.000533
     32      -0.034331  -0.477580  -0.210469  -0.282934   0.037198   0.001004
     33      -0.008935   0.222244   0.171775   0.214184  -0.031285   0.000374
     34       0.001307  -0.036768  -0.028179  -0.038017   0.001329   0.000822
     35       0.014766  -0.330964  -0.258066  -0.318846   0.046491   0.000416
     36      -0.000751   0.013399   0.003494   0.016896   0.314218   0.000810
     37       0.002429   0.003841   0.004486   0.006228   0.201668   0.003400
     38       0.008570   0.044672   0.022145   0.052438   0.921549   0.008751
     39      -0.002715  -0.000614  -0.002403   0.001933   0.009402  -0.561700
     40      -0.007619   0.000087  -0.005211   0.002278   0.004810  -0.809888
     41       0.001066  -0.000151  -0.000834  -0.001930  -0.003968   0.150371
     42       0.167284  -0.014308   0.089180  -0.054848  -0.001732  -0.014753
     43       0.108891  -0.008278   0.059383  -0.038453  -0.013900  -0.013603
     44       0.167913  -0.014034   0.092357  -0.058732  -0.008747  -0.014268
     45      -0.463295   0.074192  -0.229102   0.105170  -0.002705  -0.001250
     46       0.369728  -0.060051   0.180639  -0.080537   0.002250   0.004230
     47       0.568186  -0.091388   0.279383  -0.126870   0.002614  -0.004803
# -----------------------------------------------------------
$ THERMOCHEMISTRY_Energies
   description: The Thermochemistry energies
   geom. index: 1
   prop. index: 1
        Temperature (Kelvin)           :        298.1500000000
        Pressure (atm)                 :          1.0000000000
        Total Mass (AMU)               :         86.1380000000
        Spin Degeneracy                :          1.0000000000
        Electronic Energy (Hartree)    :       -268.0504938581
        Translational Energy (Hartree) :          0.0014162714
        Rotational Energy (Hartree)    :          0.0014162714
        Vibrational Energy (Hartree)   :          0.0024212506
        Number of frequencies          :     48      
        Scaling Factor for frequencies :          1.0000000000
        Vibrational frequencies        :     
                  0    
      0       0.000000
      1       0.000000
      2       0.000000
      3       0.000000
      4       0.000000
      5       0.000000
      6     187.134503
      7     281.923476
      8     399.661106
      9     480.198678
     10     525.614663
     11     698.302143
     12     861.908282
     13     890.421403
     14     894.746946
     15     931.099780
     16     949.021052
     17     1014.785286
     18     1065.736530
     19     1076.694005
     20     1108.914561
     21     1160.613707
     22     1207.697621
     23     1216.151872
     24     1267.006544
     25     1290.603776
     26     1326.672539
     27     1333.783972
     28     1398.452428
     29     1423.681285
     30     1434.230810
     31     1440.778657
     32     1514.013427
     33     1519.201395
     34     1529.756602
     35     1542.527343
     36     1552.323328
     37     1591.632155
     38     2913.700999
     39     2941.933943
     40     2944.834651
     41     2952.693870
     42     2970.528645
     43     2981.157638
     44     2995.229242
     45     3003.388726
     46     3146.377388
     47     3236.050763
        Zero Point Energy (Hartree)    :          0.1485392308
        Inner Energy (Hartree)         :       -267.8967008338
        Enthalpy (Hartree)             :       -267.8957566248
        Electronic entropy             :          0.0000000000
        Rotational entropy             :          0.0124268139
        Vibrational entropy            :          0.0036591506
        Translational entropy          :          0.0124268139
        Entropy                        :          0.0347458712
        Gibbs Energy (Hartree)         :       -267.9305024960
        Is Linear                      :                 false
# -----------------------------------------------------------
$ PAL_Flags
   description: The PAL Flags
   geom. index: 2
   prop. index: 1
        Diskflag:     2
# -----------------------------------------------------------
$ SCF_Energy
   description: The SCF energy
   geom. index: 2
   prop. index: 1
        SCF Energy:     -268.0313044790
# -----------------------------------------------------------
$ DFT_Energy
   description: The DFT energy
   geom. index: 2
   prop. index: 1
   Number of Alpha Electrons                 24.0000021867 
   Number of Beta  Electrons                 24.0000021867 
   Total number of  Electrons                48.0000043734 
   Exchange energy                          -24.9505347056 
   Correlation energy                        -1.9562295621 
   Correlation energy NL                      0.0000000000 
   Exchange-Correlation energy              -26.9067642677 
   Embedding correction                       0.0000000000 
   Total DFT Energy (No VdW correction)    -268.0313044790 
# -----------------------------------------------------------
$ VdW_Correction
   description: The Van der Waals Correction
   geom. index: 2
   prop. index: 1
        Van der Waals Correction:       -0.0235647624
# -----------------------------------------------------------
$ PAL_Flags
   description: The PAL Flags
   geom. index: 3
   prop. index: 1
        Diskflag:     2
# -----------------------------------------------------------
$ SCF_Energy
   description: The SCF energy
   geom. index: 3
   prop. index: 1
        SCF Energy:     -268.0316550057
# -----------------------------------------------------------
$ DFT_Energy
   description: The DFT energy
   geom. index: 3
   prop. index: 1
   Number of Alpha Electrons                 23.9999892540 
   Number of Beta  Electrons                 23.9999892540 
   Total number of  Electrons                47.9999785081 
   Exchange energy                          -24.9490801996 
   Correlation energy                        -1.9563541204 
   Correlation energy NL                      0.0000000000 
   Exchange-Correlation energy              -26.9054343201 
   Embedding correction                       0.0000000000 
   Total DFT Energy (No VdW correction)    -268.0316550057 
# -----------------------------------------------------------
$ VdW_Correction
   description: The Van der Waals Correction
   geom. index: 3
   prop. index: 1
        Van der Waals Correction:       -0.0236392201
# -----------------------------------------------------------
$ PAL_Flags
   description: The PAL Flags
   geom. index: 4
   prop. index: 1
        Diskflag:     2
# -----------------------------------------------------------
$ SCF_Energy
   description: The SCF energy
   geom. index: 4
   prop. index: 1
        SCF Energy:     -268.0317000506
# -----------------------------------------------------------
$ DFT_Energy
   description: The DFT energy
   geom. index: 4
   prop. index: 1
   Number of Alpha Electrons                 23.9999825299 
   Number of Beta  Electrons                 23.9999825299 
   Total number of  Electrons                47.9999650598 
   Exchange energy                          -24.9475774904 
   Correlation energy                        -1.9563432350 
   Correlation energy NL                      0.0000000000 
   Exchange-Correlation energy              -26.9039207253 
   Embedding correction                       0.0000000000 
   Total DFT Energy (No VdW correction)    -268.0317000506 
# -----------------------------------------------------------
$ VdW_Correction
   description: The Van der Waals Correction
   geom. index: 4
   prop. index: 1
        Van der Waals Correction:       -0.0236657981
# -----------------------------------------------------------
$ PAL_Flags
   description: The PAL Flags
   geom. index: 5
   prop. index: 1
        Diskflag:     2
# -----------------------------------------------------------
$ SCF_Energy
   description: The SCF energy
   geom. index: 5
   prop. index: 1
        SCF Energy:     -268.0317062494
# -----------------------------------------------------------
$ DFT_Energy
   description: The DFT energy
   geom. index: 5
   prop. index: 1
   Number of Alpha Electrons                 23.9999829125 
   Number of Beta  Electrons                 23.9999829125 
   Total number of  Electrons                47.9999658250 
   Exchange energy                          -24.9476353082 
   Correlation energy                        -1.9563476657 
   Correlation energy NL                      0.0000000000 
   Exchange-Correlation energy              -26.9039829739 
   Embedding correction                       0.0000000000 
   Total DFT Energy (No VdW correction)    -268.0317062494 
# -----------------------------------------------------------
$ VdW_Correction
   description: The Van der Waals Correction
   geom. index: 5
   prop. index: 1
        Van der Waals Correction:       -0.0236627773
# -----------------------------------------------------------
$ PAL_Flags
   description: The PAL Flags
   geom. index: 6
   prop. index: 1
        Diskflag:     2
# -----------------------------------------------------------
$ SCF_Energy
   description: The SCF energy
   geom. index: 6
   prop. index: 1
        SCF Energy:     -268.0317092269
# -----------------------------------------------------------
$ DFT_Energy
   description: The DFT energy
   geom. index: 6
   prop. index: 1
   Number of Alpha Electrons                 23.9999840882 
   Number of Beta  Electrons                 23.9999840882 
   Total number of  Electrons                47.9999681763 
   Exchange energy                          -24.9477464464 
   Correlation energy                        -1.9563563394 
   Correlation energy NL                      0.0000000000 
   Exchange-Correlation energy              -26.9041027859 
   Embedding correction                       0.0000000000 
   Total DFT Energy (No VdW correction)    -268.0317092269 
# -----------------------------------------------------------
$ Mayer_Pop
   description: The Mayer population analysis
   geom. index: 6
   prop. index: 1
     Number of atoms                     : 16
     Threshold for printing              : 0.1000000
     Number of bond orders printed       : 16
  NA   - Mulliken gross atomic population
  ZA   - Total nuclear charge
  QA   - Mulliken gross atomic charge
  VA   - Mayer's total valence
  BVA  - Mayer's bonded valence
  FA   - Mayer's free valence
  ATOM       NA         ZA         QA         VA         BVA        FA
  0   0     6.3445     6.0000    -0.3445     3.7590     3.7590    -0.0000
  1   0     6.2841     6.0000    -0.2841     3.6994     3.6994     0.0000
  2   0     6.2868     6.0000    -0.2868     3.7862     3.7862    -0.0000
  3   0     7.2923     7.0000    -0.2923     2.8595     2.8595     0.0000
  4   0     7.3469     7.0000    -0.3469     2.8319     2.8319     0.0000
  5   0     6.2983     6.0000    -0.2983     3.8844     3.8844    -0.0000
  6   0     0.8456     1.0000     0.1544     0.9612     0.9612    -0.0000
  7   0     0.8388     1.0000     0.1612     0.9283     0.9283    -0.0000
  8   0     0.8602     1.0000     0.1398     0.9599     0.9599     0.0000
  9   0     0.8146     1.0000     0.1854     0.9115     0.9115     0.0000
 10   0     0.8381     1.0000     0.1619     0.9345     0.9345    -0.0000
 11   0     0.8518     1.0000     0.1482     0.9377     0.9377    -0.0000
 12   0     0.7123     1.0000     0.2877     0.8576     0.8576     0.0000
 13   0     0.6749     1.0000     0.3251     0.8339     0.8339     0.0000
 14   0     0.8608     1.0000     0.1392     0.9279     0.9279    -0.0000
 15   0     0.8499     1.0000     0.1501     0.9468     0.9468     0.0000
      Bond orders larger than 0.1000000
           Atom A     A.N. of A          Atom B    A.N. of B              Bond order
                0             6               1            6                0.943015
                0             6               5            6                0.951918
                0             6               6            1                0.951248
                0             6               7            1                0.979211
                1             6               2            6                0.933260
                1             6               8            1                0.940891
                1             6               9            1                0.961931
                2             6               3            7                0.952700
                2             6              10            1                0.989763
                2             6              11            1                0.988080
                3             7               4            7                1.082919
                3             7              12            1                0.930675
                4             7               5            6                0.966927
                4             7              13            1                0.886129
                5             6              14            1                0.983771
                5             6              15            1                0.977827
# -----------------------------------------------------------
$ VdW_Correction
   description: The Van der Waals Correction
   geom. index: 6
   prop. index: 1
        Van der Waals Correction:       -0.0236606484
# -----------------------------------------------------------
$ SCF_Electric_Properties
   description: The SCF Calculated Electric Properties
   geom. index: 6
   prop. index: 1
       Filename                          : file.scfp 
       Do Dipole Moment Calculation      : true 
       Do Quadrupole Moment Calculation  : false 
       Do Polarizability Calculation     : false 
** Dipole moment part of electric properties **
        Magnitude of dipole moment (Debye) :        1.9300068638
        Electronic Contribution:
                  0    
      0      -0.052903
      1      -2.405964
      2       1.079686
        Nuclear Contribution:
                  0    
      0      -0.357122
      1       2.762100
      2      -1.610340
        Total Dipole moment:
                  0    
      0      -0.410025
      1       0.356136
      2      -0.530655
# -------------------------------------------------------------
----------------------- !GEOMETRIES! ------------------------
# -------------------------------------------------------------
------------------------ !GEOMETRY! -------------------------
    Number of atoms:    16 
    Geometry Index:     1 
    Coordinates:
               0 C     -0.547300000000    0.995800000000   -0.498300000000
               1 C      0.859900000000    0.996600000000    0.097800000000
               2 C      1.478300000000   -0.415000000000    0.043700000000
               3 N      0.464800000000   -1.484300000000    0.056900000000
               4 N     -0.629600000000   -1.097500000000    0.865300000000
               5 C     -1.432500000000   -0.058600000000    0.192700000000
               6 H     -1.002500000000    2.004300000000   -0.392300000000
               7 H     -0.477300000000    0.767400000000   -1.584800000000
               8 H      1.504200000000    1.715000000000   -0.453600000000
               9 H      0.801600000000    1.334100000000    1.156300000000
              10 H      2.160500000000   -0.550200000000    0.910200000000
              11 H      2.094300000000   -0.510000000000   -0.877800000000
              12 H      0.134800000000   -1.676300000000   -0.920600000000
              13 H     -1.231900000000   -1.941800000000    1.005000000000
              14 H     -2.112400000000   -0.521600000000   -0.557400000000
              15 H     -2.064800000000    0.442000000000    0.957000000000
------------------------ !GEOMETRY! -------------------------
    Number of atoms:    16 
    Geometry Index:     2 
    Coordinates:
               0 C     -0.546163131927    0.985763957414   -0.508295448439
               1 C      0.854910329125    0.993322431202    0.114539169181
               2 C      1.479620074393   -0.418220788689    0.039465532609
               3 N      0.468425728617   -1.480424166485    0.026638678105
               4 N     -0.619635628986   -1.073655523012    0.849535858172
               5 C     -1.451460084204   -0.054155694514    0.187897475377
               6 H     -1.001300621116    1.978572619434   -0.433224898599
               7 H     -0.465650827818    0.758582325368   -1.578880824944
               8 H      1.494689159049    1.715320104463   -0.405871973024
               9 H      0.784780919202    1.314699649234    1.158902278041
              10 H      2.147202565055   -0.578189908222    0.893548794072
              11 H      2.078426507247   -0.528870923431   -0.872435869368
              12 H      0.148385103677   -1.640130568311   -0.928060181761
              13 H     -1.168304045727   -1.897051816028    1.052142520316
              14 H     -2.136864486329   -0.501886899387   -0.553421916755
              15 H     -2.066961560259    0.426225200963    0.957620807018
------------------------ !GEOMETRY! -------------------------
    Number of atoms:    16 
    Geometry Index:     3 
    Coordinates:
               0 C     -0.541447888511    0.977514759162   -0.517628440423
               1 C      0.849280653045    0.990839681767    0.127708765724
               2 C      1.480251489566   -0.417164763034    0.032606804574
               3 N      0.464495556382   -1.478398785447    0.011660381598
               4 N     -0.613345212413   -1.063563302961    0.842808136231
               5 C     -1.454136086940   -0.050961579293    0.187468639981
               6 H     -1.000214607658    1.970557888071   -0.476880374134
               7 H     -0.443110778475    0.727301794946   -1.581750845087
               8 H      1.492375253568    1.728524241781   -0.365438288318
               9 H      0.759367202688    1.288726759058    1.177386193228
              10 H      2.150550198200   -0.589862873767    0.881566553226
              11 H      2.072003139736   -0.520776536417   -0.884988275720
              12 H      0.137638808717   -1.615283489068   -0.946320670308
              13 H     -1.147173916061   -1.886133898687    1.095458168264
              14 H     -2.148586301512   -0.493814232486   -0.548159942976
              15 H     -2.057847510332    0.432394336376    0.964603194139
------------------------ !GEOMETRY! -------------------------
    Number of atoms:    16 
    Geometry Index:     4 
    Coordinates:
               0 C     -0.539607404509    0.975577916162   -0.521513444647
               1 C      0.846842770378    0.989601702000    0.133259297375
               2 C      1.480202917425   -0.416781622236    0.027933082970
               3 N      0.463004328241   -1.478941867119    0.007025115479
               4 N     -0.612505808557   -1.060776267568    0.838150652475
               5 C     -1.454869682296   -0.049829306482    0.185647751197
               6 H     -0.999783708758    1.969200517936   -0.496491697547
               7 H     -0.431936029016    0.712552506411   -1.582230344809
               8 H      1.492447941662    1.736374695386   -0.343815718707
               9 H      0.745683746917    1.271645830277    1.186882852365
              10 H      2.155193405305   -0.594386856753    0.872870305220
              11 H      2.067330993505   -0.513669969457   -0.894076519794
              12 H      0.133461933994   -1.607921693428   -0.951500190411
              13 H     -1.138076952295   -1.878743523778    1.120800829828
              14 H     -2.153341061867   -0.490260201274   -0.548301221927
              15 H     -2.053947390128    0.436258139924    0.965459250933
------------------------ !GEOMETRY! -------------------------
    Number of atoms:    16 
    Geometry Index:     5 
    Coordinates:
               0 C     -0.539584735517    0.976256051032   -0.521446056723
               1 C      0.846779790569    0.989492329706    0.133606096360
               2 C      1.480109338861   -0.416733757125    0.027277493748
               3 N      0.463167170492   -1.479197967061    0.007910751315
               4 N     -0.613032396999   -1.060705020757    0.837277056230
               5 C     -1.454977699871   -0.049780463937    0.184674005324
               6 H     -0.999657006689    1.969853064230   -0.495716219149
               7 H     -0.431664856730    0.713716386760   -1.582222838674
               8 H      1.492769585126    1.736785829536   -0.342062289079
               9 H      0.745041083067    1.269862166089    1.187559627935
              10 H      2.156846622305   -0.593891935829    0.870913351477
              11 H      2.065728218574   -0.512825533836   -0.895713144135
              12 H      0.134349924581   -1.611377550562   -0.950418658646
              13 H     -1.138156830838   -1.877590016086    1.124443401949
              14 H     -2.152831958458   -0.490124102282   -0.549951437958
              15 H     -2.054786248472    0.436160520122    0.963968860028
------------------------ !GEOMETRY! -------------------------
    Number of atoms:    16 
    Geometry Index:     6 
    Coordinates:
               0 C     -0.539534526798    0.976829937415   -0.521265645952
               1 C      0.846726476370    0.989335615390    0.133955226911
               2 C      1.479978582668   -0.416742383217    0.026722780366
               3 N      0.463169945684   -1.479320169505    0.008940456933
               4 N     -0.613294195345   -1.060207163740    0.837161830088
               5 C     -1.455074190168   -0.049866774166    0.183774765626
               6 H     -0.999459719403    1.970465434902   -0.494177031067
               7 H     -0.431605234648    0.715534733289   -1.582348009771
               8 H      1.492958936298    1.736809388100   -0.341114020541
               9 H      0.744934535965    1.268940056788    1.188112638853
              10 H      2.158242333130   -0.593524731503    0.869246753035
              11 H      2.064208773818   -0.512572871037   -0.897185274831
              12 H      0.134909146297   -1.614514001064   -0.949138496635
              13 H     -1.138088919240   -1.876321986679    1.126781512348
              14 H     -2.151811240239   -0.490633659322   -0.551697552444
              15 H     -2.056160704388    0.435688574350    0.962330067083
