    29
     1   -2.070542   -3.280555    1.436206      1
     2   -2.410553   -2.854269   -1.858751      1
     3    3.478650   -2.175859    1.525249      1
     4   -2.019768   -1.937902   -0.087977      1
     5   -3.704906    0.174030    0.369405      1
     6    2.819673   -0.397173    0.845230      1
     7    0.229889   -0.149322   -0.149548      1
     8    2.323960   -0.306705   -1.898172      1
     9    3.640984    1.218480    1.734306      1
    10   -1.672800    1.986981    0.198357      1
    11   -1.496972    3.091399    1.896729      1
    12    2.741014    1.372316   -2.605365      1
    13   -1.891297    3.214929   -1.412161      1
    14   -2.051765   -2.793597    0.888933      2
    15   -2.272173   -2.522715   -1.226326      2
    16   -2.605006   -1.185847    0.072545      2
    17    3.238170   -1.536951    1.277704      2
    18   -0.844013   -1.105726   -0.130529      2
    19    1.474794   -0.281318    0.478445      2
    20   -1.745060    0.015399    0.073063      3
    21    2.673847   -0.333737   -0.302132      2
    22    1.035817   -0.176660   -0.918964      2
    23    3.339671    0.635701    1.403400      2
    24   -0.654791    0.974015    0.017234      2
    25   -2.384559    1.340007    0.256586      2
    26    2.637626    0.979089   -2.425219      2
    27   -1.559227    2.690658    1.285499      2
    28   -1.811046    2.767935   -0.832121      2
    29    1.784613   -0.260622   -0.262899      3
