    45
     1    3.779670   -4.000203    0.723877      1
     2   -4.881163   -2.678713    0.703665      1
     3   -0.047997   -2.318117    2.385181      1
     4    2.633847   -3.362229   -2.291092      1
     5   -1.506394   -2.276438   -1.201673      1
     6    2.969549   -2.563056   -0.454439      1
     7    0.404472   -1.573306    0.537335      1
     8   -3.938927   -1.345100   -0.524694      1
     9   -4.967871   -1.222835   -2.267085      1
    10   -3.697954    1.049484    2.792183      1
    11    5.622490   -0.158239    0.916809      1
    12    4.693223   -0.396371   -0.683917      1
    13   -3.788295    1.262355    0.753522      1
    14    0.730713    1.341375    0.604266      1
    15    1.217367    1.874646    2.527488      1
    16   -5.466689    2.321849    0.328668      1
    17    3.031888    1.775834   -1.116574      1
    18   -1.582180    2.573380   -0.255630      1
    19    2.401066    1.770625   -3.048573      1
    20   -1.590892    4.369042    0.233816      1
    21    4.009736    3.518502   -0.761013      1
    22    3.483333   -3.467862    0.298482      2
    23   -4.533595   -2.190943    0.260726      2
    24    0.114135   -2.043388    1.708862      2
    25    2.751038   -3.071236   -1.634043      2
    26    1.713251   -2.084368    0.035662      2
    27   -0.263123   -1.793160   -0.034970      2
    28   -3.094802   -1.642430   -0.721677      2
    29   -4.598391   -1.264121   -1.640823      2
    30    3.656226   -1.672169   -0.524951      2
    31   -3.852501   -0.040049    0.121076      2
    32    0.549749   -0.111893    0.569211      2
    33   -1.620107    0.009408    0.050918      3
    34    2.333670   -0.289735   -0.202020      3
    35   -3.724019    1.125341    2.037694      2
    36    5.387187   -0.214951    0.534345      2
    37   -4.852536    1.934799    0.480742      2
    38    1.035204    1.678265    1.811823      2
    39   -2.896925    1.792843    0.372180      2
    40    3.690225    0.902673   -0.918549      2
    41   -0.196906    1.836467    0.282703      2
    42    1.887283    1.580380   -0.267653      2
    43    2.626371    1.766782   -2.352834      2
    44    3.650594    2.875941   -0.883964      2
    45   -1.588288    3.936846    0.126703      2
