    27
     1   -1.462138   -3.311272    1.930029      1
     2   -0.810411   -3.497057   -1.339616      1
     3   -1.234574   -2.253447    0.209450      1
     4   -3.398796   -0.665578   -0.319341      1
     5    4.250034   -0.942450   -0.698201      1
     6    0.414093    0.086196    0.492318      1
     7    2.186368    0.468184    2.440992      1
     8    3.051974    0.581531   -0.135161      1
     9   -1.983167    1.632500    0.127135      1
    10   -2.600570    2.599151    1.804965      1
    11   -2.039671    2.879753   -1.475055      1
    12    3.601307    2.417967   -0.768362      1
    13   -1.382322   -2.929778    1.316516      2
    14   -0.962457   -3.046355   -0.784046      2
    15   -1.993026   -1.681225    0.024535      2
    16   -0.348069   -1.139146    0.364667      2
    17   -1.504714   -0.290977    0.141762      3
    18    1.011120    0.215710    1.186984      2
    19    3.819926   -0.400381   -0.493712      2
    20    1.696669    0.323571    0.024199      2
    21   -2.473386    0.812580   -0.028279      2
    22    2.738386    0.540324    0.790468      2
    23   -0.747537    0.934507    0.320781      2
    24   -2.380072    2.250001    1.206849      2
    25    3.402207    1.763430   -0.538869      2
    26   -2.017540    2.428142   -0.900207      2
    27    1.892899    0.376832    0.765255      3
