    45
     1   -3.352263   -3.252288   -0.110712      1
     2   -2.554886   -2.052273    2.891776      1
     3    1.011648   -3.042341   -1.933746      1
     4   -2.966295   -1.559271    0.965739      1
     5    2.721878   -1.704750    2.367301      1
     6   -6.526561   -0.121214   -0.015306      1
     7    5.577747   -1.680636   -1.051254      1
     8    0.548283   -1.118041   -2.461151      1
     9   -4.894591    0.446660    0.678934      1
    10   -0.498681   -1.186910   -4.196169      1
    11    3.092219    0.168914    1.666353      1
    12   -0.990976    0.158663   -0.345824      1
    13    4.231164    1.101151    3.064010      1
    14    4.508952    0.055253   -0.888985      1
    15    0.670763    1.467538    1.435125      1
    16    2.789164    0.262533   -2.952753      1
    17   -3.261948    1.834260   -1.115948      1
    18   -3.764203    1.606804   -3.078650      1
    19    5.788011    1.617683   -1.088518      1
    20    0.951114    3.209869    0.830064      1
    21   -3.082681    3.817231   -0.701606      1
    22   -3.212142   -2.620177    0.281743      2
    23   -2.703159   -1.874713    2.193109      2
    24    0.847712   -2.335846   -2.118168      2
    25   -3.788646   -0.768496    0.845029      2
    26    2.854988   -1.020914    2.101466      2
    27   -1.923582   -0.744428    0.324197      2
    28   -6.128427    0.011013    0.143595      2
    29   -0.124086   -1.157291   -3.568999      2
    30    5.182927   -1.052157   -0.990629      2
    31   -3.001079    0.201230    0.010017      3
    32   -0.228423   -0.472268   -1.393359      2
    33    1.317652   -0.659894   -2.597358      2
    34    3.784294    0.109878    0.403367      2
    35    3.818989    0.766591    2.548635      2
    36    2.122559    0.696738    1.544543      2
    37   -0.302318    0.682927    0.356902      2
    38    1.777257    0.241877   -0.615878      3
    39   -3.970186    1.270638   -0.404145      2
    40    3.898605    0.105048   -1.570424      2
    41   -2.083006    1.039913   -0.771619      2
    42   -3.581112    1.682523   -2.354061      2
    43    5.322671    1.055374   -1.013577      2
    44    0.888878    2.791558    0.966293      2
    45   -3.144568    3.092307   -0.851390      2
