    63
     1   -5.593450   -3.148218    1.108725      1
     2   -1.559480   -3.046742    2.585701      1
     3    2.421060   -3.636709    0.547947      1
     4   -3.799100   -2.971205   -1.624731      1
     5    0.644744   -3.485885   -2.192865      1
     6   -4.290762   -1.966246    0.094157      1
     7   -2.100741   -1.493829    1.707197      1
     8    1.746506   -2.368048   -0.899081      1
     9    5.502297   -2.584831   -2.418780      1
    10    1.415024    0.149951    4.174323      1
    11    5.411136   -0.677137    2.501753      1
    12    0.069976   -0.355772    0.374434      1
    13    4.007290   -1.190615   -2.304353      1
    14   -6.881083    1.088529    0.858336      1
    15   -5.525592    0.583422   -0.569585      1
    16   -6.538310    0.402630   -2.326774      1
    17    1.700506    1.038165    2.367276      1
    18    3.476328   -0.718222   -4.210204      1
    19    4.532724    1.000966    1.708911      1
    20   -1.281426    0.498266   -3.389441      1
    21   -0.978027    1.496515   -1.635997      1
    22    4.838141    1.134407   -1.032480      1
    23    1.037965    2.951507    2.544899      1
    24   -3.485693    2.654452   -0.777950      1
    25    5.465697    2.600270    2.542124      1
    26    6.596473    1.533470   -1.491256      1
    27   -3.225996    3.542583    1.031774      1
    28    0.423377    2.911522   -2.005512      1
    29   -4.073455    4.109410   -2.070722      1
    30   -1.687487   -2.675179    2.365199      2
    31   -5.113151   -2.712481    0.739427      2
    32    2.171591   -3.156813    0.011017      2
    33   -3.975561   -2.593583   -0.987782      2
    34    1.052823   -3.067060   -1.716212      2
    35   -3.405070   -1.792571    0.717188      2
    36   -4.911736   -0.675823   -0.242160      2
    37    0.897266   -1.351093   -0.261209      2
    38   -0.800399   -0.833656    0.892755      2
    39    2.864020   -1.773968   -1.587318      2
    40    4.951571   -2.066473   -2.370977      2
    41    1.525082    0.470963    3.503179      2
    42   -2.721056    0.140895   -0.148312      3
    43    5.081816   -0.058541    2.201723      2
    44   -6.376390    0.900356    0.331878      2
    45    2.888621   -0.246636    0.125266      3
    46    0.893224    0.341017    1.369459      2
    47   -6.155963    0.468475   -1.674284      2
    48    3.669348   -0.890478   -3.511262      2
    49   -0.467715    0.581217   -0.643089      2
    50    4.357122   -0.268992   -1.774909      2
    51    3.096379    1.016265    2.033453      2
    52   -4.497517    1.619817   -0.677507      2
    53    4.668104    1.031294    0.620685      2
    54   -1.171607    0.865736   -2.728796      2
    55    1.285231    2.245321    2.473543      2
    56    2.004876    1.412247   -1.122961      3
    57    5.122823    2.015418    2.233127      2
    58   -2.235715    2.074712   -1.203248      2
    59    6.177370    1.429035   -1.377230      2
    60   -3.320895    3.211906    0.365081      2
    61    2.189973    2.066156   -1.556843      2
    62   -0.086570    2.401199   -1.867188      2
    63   -3.855521    3.564226   -1.594047      2
