    17
     1   -1.378117   -2.457594    0.131701      1
     2    1.227136   -2.632069    0.045331      1
     3   -2.054839   -0.010922    0.072949      1
     4   -4.020622    0.350791    0.129964      1
     5    2.049349   -0.301467   -0.062322      1
     6    4.024153    0.028679   -0.143044      1
     7    0.028098    1.484999   -0.051022      1
     8    0.123527    3.479625   -0.121562      1
     9    0.089705   -2.521115    0.081857      2
    10   -1.815106   -0.796626    0.091014      2
    11    1.746343   -1.064108   -0.025894      2
    12   -0.044458   -0.791207    0.028258      3
    13   -3.339705    0.219841    0.110413      2
    14    3.326390   -0.086034   -0.114597      2
    15   -0.970890    0.800534    0.007317      2
    16    1.045084    0.631875   -0.058240      2
    17    0.091399    2.765515   -0.096385      2
