    29
     1   -1.215051   -3.545242   -0.922780      1
     2   -2.634718   -2.107624    1.721517      1
     3    4.037367   -2.469611    0.432586      1
     4   -1.574171   -1.779703    0.013108      1
     5    2.033432    0.082918    2.795173      1
     6    3.383373   -0.561848    0.520759      1
     7    0.675812   -0.044217    0.507240      1
     8   -2.622902    0.223163   -1.656615      1
     9   -4.417948    0.618838   -1.358284      1
    10    4.673663    0.847863   -0.129812      1
    11   -0.821883    2.132136   -0.650280      1
    12   -1.586598    3.345252    0.797039      1
    13    0.092135    3.252733   -2.075485      1
    14   -1.343966   -2.901908   -0.582990      2
    15   -2.251813   -1.981139    1.097779      2
    16    3.800268   -1.787478    0.467374      2
    17   -0.422524   -0.982146    0.296104      2
    18   -2.046309   -0.962016   -0.666171      2
    19    2.892288   -0.329199    1.336918      2
    20    1.126420    0.005626    1.311660      2
    21    2.020039   -0.327856    0.357087      2
    22   -1.064147    0.136139   -0.403137      3
    23   -3.986448    0.525520   -1.419425      2
    24    4.209491    0.346011    0.105688      2
    25   -0.020664    1.107255   -0.058211      2
    26   -1.597988    1.369365   -1.061606      2
    27   -1.313815    2.898010    0.270500      2
    28   -0.239180    2.843332   -1.557219      2
    29    2.071490   -0.208754    1.117789      3
