    37
     1   -1.419219   -2.809481    2.549022      1
     2    1.399124   -3.466169   -1.215063      1
     3   -1.870213   -0.969718    1.802880      1
     4   -3.985704   -0.939376   -0.026042      1
     5    4.365798   -1.405402    1.530374      1
     6   -5.600030   -0.278838    0.629323      1
     7    1.678105   -1.648552   -1.530613      1
     8   -2.074963    0.349284    3.348687      1
     9    3.818914   -0.449495   -0.186254      1
    10   -0.116927    0.081007   -0.295637      1
    11    5.465141   -0.151263   -1.336765      1
    12   -2.558108    0.792297   -1.706184      1
    13   -2.611419    0.301660   -3.674772      1
    14    2.097712    1.850638    0.342735      1
    15    2.127450    2.634462    2.211921      1
    16   -3.025598    2.766322   -1.469719      1
    17    2.322205    3.329558   -1.027015      1
    18   -1.583150   -2.134433    2.272453      2
    19    1.466495   -3.028051   -1.281100      2
    20   -2.769315   -0.952714    1.085939      2
    21   -5.206002   -0.429806    0.474778      2
    22   -2.003269   -0.132835    2.773950      2
    23    4.157662   -1.056024    0.898687      2
    24   -0.923548   -0.457200    0.786290      2
    25   -2.102286   -0.231144   -0.042465      3
    26    2.961961   -0.983797   -0.727004      2
    27    0.581199   -0.663521   -0.791095      2
    28   -3.178297    0.111228   -1.025687      2
    29    1.874627   -0.026680   -0.371018      3
    30    4.863275   -0.259085   -0.917534      2
    31   -1.295027    0.468217   -1.044443      2
    32   -2.593459    0.478582   -2.961648      2
    33    3.008934    0.742767    0.103468      2
    34    0.950412    1.020829    0.047187      2
    35   -2.855413    2.035346   -1.549248      2
    36    2.115017    2.340314    1.522308      2
    37    2.239388    2.783002   -0.526963      2
