-------------------------------------------------------------
----------------------- !PROPERTIES! ------------------------
-------------------------------------------------------------
# -----------------------------------------------------------
$ PAL_Flags
   description: The PAL Flags
   geom. index: 1
   prop. index: 1
        Diskflag:     2
# -----------------------------------------------------------
$ SCF_Energy
   description: The SCF energy
   geom. index: 1
   prop. index: 1
        SCF Energy:     -306.1037040732
# -----------------------------------------------------------
$ DFT_Energy
   description: The DFT energy
   geom. index: 1
   prop. index: 1
   Number of Alpha Electrons                 27.0000200426 
   Number of Beta  Electrons                 27.0000200426 
   Total number of  Electrons                54.0000400852 
   Exchange energy                          -28.5017014134 
   Correlation energy                        -2.2166105435 
   Correlation energy NL                      0.0000000000 
   Exchange-Correlation energy              -30.7183119569 
   Embedding correction                       0.0000000000 
   Total DFT Energy (No VdW correction)    -306.1037040732 
# -----------------------------------------------------------
$ Mayer_Pop
   description: The Mayer population analysis
   geom. index: 1
   prop. index: 1
     Number of atoms                     : 17
     Threshold for printing              : 0.1000000
     Number of bond orders printed       : 20
  NA   - Mulliken gross atomic population
  ZA   - Total nuclear charge
  QA   - Mulliken gross atomic charge
  VA   - Mayer's total valence
  BVA  - Mayer's bonded valence
  FA   - Mayer's free valence
  ATOM       NA         ZA         QA         VA         BVA        FA
  0   0     6.2447     6.0000    -0.2447     3.7724     3.7724     0.0000
  1   0     6.2093     6.0000    -0.2093     3.4656     3.4656     0.0000
  2   0     6.1749     6.0000    -0.1749     4.0023     4.0023    -0.0000
  3   0     6.2034     6.0000    -0.2034     3.5870     3.5870    -0.0000
  4   0     7.3730     7.0000    -0.3730     2.6104     2.6104     0.0000
  5   0     6.3000     6.0000    -0.3000     3.8297     3.8297    -0.0000
  6   0     7.3131     7.0000    -0.3131     2.6988     2.6988     0.0000
  7   0     0.8605     1.0000     0.1395     0.9460     0.9460    -0.0000
  8   0     0.8373     1.0000     0.1627     0.9129     0.9129    -0.0000
  9   0     0.8524     1.0000     0.1476     0.9634     0.9634     0.0000
 10   0     0.8266     1.0000     0.1734     0.9401     0.9401     0.0000
 11   0     0.8660     1.0000     0.1340     0.9459     0.9459    -0.0000
 12   0     0.8125     1.0000     0.1875     0.9028     0.9028    -0.0000
 13   0     0.7144     1.0000     0.2856     0.8629     0.8629     0.0000
 14   0     0.8373     1.0000     0.1627     0.8946     0.8946    -0.0000
 15   0     0.8592     1.0000     0.1408     0.9382     0.9382    -0.0000
 16   0     0.7154     1.0000     0.2846     0.8646     0.8646    -0.0000
      Bond orders larger than 0.1000000
           Atom A     A.N. of A          Atom B    A.N. of B              Bond order
                0             6               1            6                0.855392
                0             6               6            7                0.893895
                0             6               7            1                0.952823
                0             6               8            1                0.966804
                1             6               2            6                0.861727
                1             6               6            7               -0.233522
                1             6               9            1                0.969923
                1             6              10            1                0.984433
                2             6               3            6                0.893993
                2             6               5            6                0.855157
                2             6               6            7                1.387858
                3             6               4            7                0.862437
                3             6               6            7               -0.246604
                3             6              11            1                0.936732
                3             6              12            1                0.996392
                4             7               5            6                0.878682
                4             7              13            1                0.885642
                5             6              14            1                0.995651
                5             6              15            1                0.946553
                6             7              16            1                0.873572
# -----------------------------------------------------------
$ VdW_Correction
   description: The Van der Waals Correction
   geom. index: 1
   prop. index: 1
        Van der Waals Correction:       -0.0268491469
# -----------------------------------------------------------
$ Hessian
   description: Details about the Hessian
   geom. index: 1
   prop. index: 1
Normal modes:
Number of Rows: 51 Number of Columns: 51
                  0          1          2          3          4          5    
      0       0.000000   0.000000   0.000000   0.000000   0.000000   0.000000
      1       0.000000   0.000000   0.000000   0.000000   0.000000   0.000000
      2       0.000000   0.000000   0.000000   0.000000   0.000000   0.000000
      3       0.000000   0.000000   0.000000   0.000000   0.000000   0.000000
      4       0.000000   0.000000   0.000000   0.000000   0.000000   0.000000
      5       0.000000   0.000000   0.000000   0.000000   0.000000   0.000000
      6       0.000000   0.000000   0.000000   0.000000   0.000000   0.000000
      7       0.000000   0.000000   0.000000   0.000000   0.000000   0.000000
      8       0.000000   0.000000   0.000000   0.000000   0.000000   0.000000
      9       0.000000   0.000000   0.000000   0.000000   0.000000   0.000000
     10       0.000000   0.000000   0.000000   0.000000   0.000000   0.000000
     11       0.000000   0.000000   0.000000   0.000000   0.000000   0.000000
     12       0.000000   0.000000   0.000000   0.000000   0.000000   0.000000
     13       0.000000   0.000000   0.000000   0.000000   0.000000   0.000000
     14       0.000000   0.000000   0.000000   0.000000   0.000000   0.000000
     15       0.000000   0.000000   0.000000   0.000000   0.000000   0.000000
     16       0.000000   0.000000   0.000000   0.000000   0.000000   0.000000
     17       0.000000   0.000000   0.000000   0.000000   0.000000   0.000000
     18       0.000000   0.000000   0.000000   0.000000   0.000000   0.000000
     19       0.000000   0.000000   0.000000   0.000000   0.000000   0.000000
     20       0.000000   0.000000   0.000000   0.000000   0.000000   0.000000
     21       0.000000   0.000000   0.000000   0.000000   0.000000   0.000000
     22       0.000000   0.000000   0.000000   0.000000   0.000000   0.000000
     23       0.000000   0.000000   0.000000   0.000000   0.000000   0.000000
     24       0.000000   0.000000   0.000000   0.000000   0.000000   0.000000
     25       0.000000   0.000000   0.000000   0.000000   0.000000   0.000000
     26       0.000000   0.000000   0.000000   0.000000   0.000000   0.000000
     27       0.000000   0.000000   0.000000   0.000000   0.000000   0.000000
     28       0.000000   0.000000   0.000000   0.000000   0.000000   0.000000
     29       0.000000   0.000000   0.000000   0.000000   0.000000   0.000000
     30       0.000000   0.000000   0.000000   0.000000   0.000000   0.000000
     31       0.000000   0.000000   0.000000   0.000000   0.000000   0.000000
     32       0.000000   0.000000   0.000000   0.000000   0.000000   0.000000
     33       0.000000   0.000000   0.000000   0.000000   0.000000   0.000000
     34       0.000000   0.000000   0.000000   0.000000   0.000000   0.000000
     35       0.000000   0.000000   0.000000   0.000000   0.000000   0.000000
     36       0.000000   0.000000   0.000000   0.000000   0.000000   0.000000
     37       0.000000   0.000000   0.000000   0.000000   0.000000   0.000000
     38       0.000000   0.000000   0.000000   0.000000   0.000000   0.000000
     39       0.000000   0.000000   0.000000   0.000000   0.000000   0.000000
     40       0.000000   0.000000   0.000000   0.000000   0.000000   0.000000
     41       0.000000   0.000000   0.000000   0.000000   0.000000   0.000000
     42       0.000000   0.000000   0.000000   0.000000   0.000000   0.000000
     43       0.000000   0.000000   0.000000   0.000000   0.000000   0.000000
     44       0.000000   0.000000   0.000000   0.000000   0.000000   0.000000
     45       0.000000   0.000000   0.000000   0.000000   0.000000   0.000000
     46       0.000000   0.000000   0.000000   0.000000   0.000000   0.000000
     47       0.000000   0.000000   0.000000   0.000000   0.000000   0.000000
     48       0.000000   0.000000   0.000000   0.000000   0.000000   0.000000
     49       0.000000   0.000000   0.000000   0.000000   0.000000   0.000000
     50       0.000000   0.000000   0.000000   0.000000   0.000000   0.000000
                  6          7          8          9         10         11    
      0      -0.031897   0.017458   0.000214  -0.009201  -0.013496   0.273624
      1       0.045346  -0.114633  -0.017020   0.055075   0.010349   0.022398
      2      -0.199488   0.094320  -0.002304   0.015848   0.024014  -0.022563
      3       0.061622   0.073030   0.005490  -0.145930  -0.061926   0.179122
      4      -0.027132   0.028181   0.092799  -0.045723  -0.058819  -0.083522
      5       0.069745  -0.050970  -0.159251  -0.068510   0.047904  -0.052626
      6       0.007986  -0.003103   0.003145   0.003761  -0.009393   0.003288
      7       0.016465   0.098715   0.003845  -0.174715   0.008737  -0.032448
      8       0.107753  -0.017806   0.040099  -0.006204  -0.188096  -0.023065
      9       0.080364  -0.049602   0.021566   0.068709  -0.126127  -0.204995
     10       0.054679   0.090300   0.125557   0.086829   0.107684  -0.008210
     11       0.029562   0.041884   0.073166   0.068513  -0.057139   0.072179
     12       0.004038   0.005899  -0.002107   0.029497   0.025195  -0.276222
     13      -0.100100  -0.215371   0.008240   0.018654  -0.021038  -0.005521
     14      -0.125775  -0.054377  -0.012934  -0.021768   0.047223   0.012904
     15      -0.067210   0.050041  -0.021219  -0.039607   0.140347  -0.207590
     16       0.046883   0.086931  -0.162174   0.054469   0.051469   0.036929
     17       0.035205   0.036641  -0.069469   0.083096  -0.086766  -0.037591
     18      -0.051236  -0.073066  -0.007856   0.097565   0.054377   0.237436
     19      -0.044879   0.046011  -0.049506  -0.063350  -0.115136   0.050270
     20       0.102276  -0.057833   0.133143  -0.079568   0.138775   0.038881
     21       0.200474  -0.148221  -0.026171  -0.054289   0.149451   0.305041
     22       0.093486  -0.208419   0.069894   0.125308   0.102402   0.050735
     23      -0.402560   0.205140   0.074233   0.100897  -0.087003  -0.032100
     24      -0.312871   0.206871   0.032248   0.053509  -0.205696   0.255757
     25       0.087102  -0.192622  -0.152803   0.088619   0.058483   0.023558
     26      -0.341020   0.167677  -0.043813   0.067831  -0.064572  -0.036394
     27       0.215330   0.024114   0.063042  -0.165260  -0.230296   0.191856
     28      -0.175536   0.130150   0.340818   0.076640  -0.286765  -0.108655
     29       0.067961  -0.055523  -0.187924  -0.078943   0.088276  -0.047223
     30      -0.011606   0.181302  -0.043407  -0.294702   0.043084   0.204608
     31       0.046194  -0.021497  -0.029077  -0.104676   0.050054  -0.045173
     32       0.204572  -0.147982  -0.370604  -0.158469   0.233256   0.002438
     33       0.054413  -0.168264   0.056207   0.247935  -0.129263  -0.195815
     34       0.070941   0.113265   0.153593   0.141877   0.136972   0.005313
     35       0.152570   0.251252   0.255734   0.349687   0.142233   0.140249
     36       0.197125   0.028105   0.006081  -0.029842  -0.306764  -0.281663
     37       0.161275   0.267617   0.284178   0.341252   0.272663   0.070032
     38      -0.036731  -0.065335  -0.021201  -0.079228  -0.149680   0.025508
     39      -0.144184  -0.222226   0.023552  -0.108120  -0.034188  -0.243856
     40      -0.160825  -0.340969  -0.028990  -0.044688  -0.092066   0.013400
     41      -0.181159  -0.079517   0.087392  -0.065582   0.110156   0.025055
     42      -0.021183   0.200402  -0.004153  -0.178903   0.191159  -0.255255
     43       0.063280   0.113229  -0.195801   0.089228   0.058649   0.044454
     44       0.156538   0.234489  -0.344157   0.366282  -0.025634   0.032261
     45      -0.183345  -0.028459  -0.070993   0.041419   0.278165  -0.213055
     46       0.152154   0.255671  -0.400086   0.302672   0.107779   0.083183
     47      -0.024022  -0.057046   0.061940  -0.051027  -0.115870  -0.059835
     48       0.055625  -0.186754  -0.007529   0.179509  -0.020194   0.253623
     49       0.053133  -0.020960   0.019232  -0.108395   0.061133   0.014093
     50       0.220696  -0.133957   0.221181  -0.148384   0.383300  -0.010938
                 12         13         14         15         16         17    
      0       0.153088  -0.046268  -0.054361  -0.019151   0.037370  -0.029458
      1      -0.019550  -0.003884   0.037031  -0.006742   0.025878  -0.003258
      2      -0.049503   0.056651  -0.033994  -0.030526  -0.013889  -0.039674
      3      -0.052265   0.088457   0.048468   0.030767  -0.036944   0.006980
      4      -0.185327   0.081640   0.095030   0.043343  -0.087215  -0.029147
      5      -0.117273   0.083747  -0.012048   0.049877   0.003274   0.078897
      6      -0.168352  -0.001795   0.012463   0.004277  -0.000697   0.009550
      7      -0.014780  -0.013693  -0.000223  -0.071405   0.051989  -0.065652
      8       0.000038  -0.012905  -0.006132   0.003439   0.058937   0.119077
      9      -0.064620  -0.088138  -0.039727  -0.010252  -0.029308  -0.068190
     10       0.067564   0.036210   0.003274   0.032227   0.130809  -0.013956
     11      -0.197224  -0.095488  -0.036675  -0.015649   0.024023  -0.098269
     12       0.244285   0.102743   0.044270  -0.020097   0.033388   0.006665
     13       0.027863   0.016940   0.005488   0.007012  -0.001146  -0.003074
     14      -0.002528   0.001412   0.004136  -0.000751  -0.002341   0.010738
     15      -0.056072  -0.074754  -0.042932   0.016321  -0.001733   0.054482
     16      -0.113414  -0.064731  -0.018860  -0.107250   0.003817   0.105809
     17       0.202117   0.083659   0.048831  -0.088283  -0.021155  -0.053793
     18      -0.042314   0.044551   0.024774  -0.023626   0.017398   0.011953
     19       0.253306  -0.077526  -0.091697   0.059006  -0.078859   0.014988
     20       0.156982  -0.066246  -0.033096   0.048188  -0.044916   0.042569
     21       0.081853   0.223616  -0.370499  -0.133790  -0.055463  -0.140041
     22      -0.018119  -0.066237   0.120552  -0.071312   0.061431  -0.005906
     23       0.031917  -0.249437   0.329327   0.047244   0.097345   0.070274
     24       0.253464  -0.351008   0.333007   0.111444   0.152998   0.102714
     25      -0.144508   0.234150  -0.216364  -0.117734   0.039647  -0.045593
     26      -0.056109  -0.013814   0.080229  -0.005109   0.062279   0.014399
     27      -0.055476   0.020109   0.301130   0.267538   0.059154   0.380344
     28      -0.369551   0.469233  -0.346509   0.144352   0.075859   0.287294
     29      -0.101776   0.055535   0.003349   0.018343  -0.023153   0.010673
     30      -0.112541   0.303541  -0.005024  -0.104344  -0.276378  -0.338284
     31      -0.077444  -0.104940   0.312179  -0.003122  -0.163111  -0.188040
     32       0.081657  -0.270990   0.380106  -0.022671  -0.106416  -0.169158
     33      -0.086545  -0.165856  -0.058017  -0.026983  -0.328724  -0.055519
     34       0.079371   0.034160   0.011634   0.014820   0.029385   0.020156
     35      -0.157831  -0.101171   0.016870  -0.114876  -0.530968   0.091611
     36      -0.191236  -0.222583  -0.124740  -0.052525   0.191442  -0.223139
     37       0.112333   0.048910   0.060083  -0.057552  -0.359387   0.153722
     38      -0.227572  -0.105129  -0.069433   0.037014   0.301622  -0.193797
     39      -0.053724  -0.081935  -0.049012   0.170714  -0.185323  -0.082689
     40      -0.133784  -0.090613  -0.037953   0.029603  -0.184190  -0.025763
     41      -0.081008  -0.033299  -0.033226   0.184435   0.079317  -0.054500
     42      -0.179673  -0.213777  -0.093152  -0.148428   0.064091   0.182830
     43      -0.122259  -0.060267  -0.027151  -0.027704   0.006803   0.073791
     44       0.212186   0.170924   0.008892   0.533456  -0.007184  -0.335267
     45      -0.113758  -0.130758  -0.107302   0.270075  -0.036873   0.065787
     46      -0.124633  -0.016616  -0.065811   0.433046   0.015525  -0.126313
     47       0.216168   0.060708   0.076063  -0.385736  -0.025525   0.070071
     48      -0.106142   0.031525   0.120835  -0.007824   0.082470   0.166666
     49       0.055213  -0.029394   0.002054   0.046897   0.096986  -0.234966
     50      -0.135408   0.009378   0.087076   0.015595   0.199394  -0.319382
                 18         19         20         21         22         23    
      0       0.109689  -0.107679  -0.027360   0.011262  -0.217545  -0.026066
      1      -0.133358   0.026518  -0.069093  -0.042857  -0.141324  -0.021057
      2      -0.072117   0.047121   0.008527  -0.043863  -0.084207  -0.016347
      3      -0.104411   0.055899  -0.033313  -0.012679  -0.043114  -0.008935
      4       0.157340  -0.028706   0.061621   0.050326  -0.039781   0.002956
      5       0.067523  -0.059582  -0.026921   0.049920   0.005523  -0.007185
      6       0.081043  -0.005401  -0.005837  -0.042334  -0.019353  -0.010495
      7      -0.006820  -0.042656   0.019453  -0.019530   0.053387   0.009319
      8      -0.017826  -0.022652   0.028308  -0.028589  -0.015696  -0.009316
      9      -0.038721   0.004751   0.017537   0.056795  -0.027897   0.188167
     10      -0.031185   0.001628   0.097724   0.044944  -0.012729   0.073975
     11       0.081881   0.067583  -0.054483  -0.077148   0.077757  -0.175195
     12       0.102751   0.047558  -0.084737  -0.129146   0.043957   0.012062
     13       0.026939   0.025669  -0.024001   0.001785   0.011138  -0.144217
     14       0.009166   0.008842  -0.012418  -0.000456  -0.035385   0.297416
     15      -0.060452  -0.012119   0.034384   0.067054  -0.008517  -0.202211
     16       0.028811   0.012638  -0.028101  -0.030723   0.017811   0.081866
     17      -0.066840  -0.059154   0.062464   0.111264   0.007461  -0.141753
     18       0.010071   0.016113   0.084117   0.028656   0.218369   0.029730
     19       0.011750   0.047730  -0.018662   0.016484   0.111835   0.020323
     20       0.018612   0.048214   0.035209  -0.011671   0.032829  -0.006202
     21       0.137866  -0.020264   0.144079  -0.071453  -0.364337  -0.057563
     22      -0.233195   0.170752   0.153265  -0.240153  -0.435840  -0.115632
     23      -0.149880   0.041140  -0.027908  -0.072478  -0.108951  -0.039543
     24       0.056040  -0.214983  -0.216145   0.132474   0.009663   0.024746
     25      -0.291636   0.042628  -0.143150  -0.062437  -0.051126   0.015222
     26      -0.178020  -0.008611  -0.139464   0.013887   0.073549   0.026207
     27      -0.351359   0.165780  -0.072804  -0.016829  -0.077608  -0.094685
     28       0.072443  -0.169047  -0.147555   0.140654  -0.006315  -0.013138
     29       0.107721  -0.060879  -0.002925   0.045592   0.001922   0.000519
     30      -0.343126   0.288637  -0.000215   0.008244   0.168375   0.104028
     31       0.210483   0.017611   0.152752   0.030236  -0.101144   0.010741
     32       0.171414   0.010244   0.135026   0.003545  -0.114095  -0.007876
     33      -0.052943   0.180038  -0.131788   0.397466  -0.199663   0.410128
     34      -0.041797  -0.018484   0.055216   0.054862  -0.029517   0.093243
     35      -0.002291  -0.143016  -0.272192  -0.184841   0.060943  -0.121268
     36      -0.144373  -0.037470   0.157906   0.010157   0.103697   0.037545
     37      -0.103377  -0.206126  -0.070248  -0.042198  -0.023202   0.012310
     38       0.123457   0.188127   0.041454  -0.022832   0.079890  -0.118279
     39      -0.357010  -0.559335   0.210031  -0.501031   0.201287   0.030268
     40      -0.231665  -0.324089   0.102482  -0.159857   0.105250  -0.229231
     41      -0.080689  -0.068433   0.127085  -0.099330  -0.037854   0.478016
     42      -0.187921  -0.099835   0.149988  -0.030871   0.061005   0.018937
     43       0.019550   0.004064  -0.015362  -0.052298   0.017445   0.078998
     44      -0.079498  -0.095042   0.110248  -0.066072  -0.026960  -0.053619
     45      -0.061133   0.209262  -0.052887   0.422482  -0.192441  -0.421924
     46       0.009621   0.015618  -0.013565  -0.149697   0.002543   0.033926
     47      -0.051808  -0.057774   0.054341   0.183264   0.012478  -0.112937
     48      -0.110650  -0.027444  -0.005694   0.091331   0.415205   0.077252
     49      -0.124254  -0.188506  -0.453383   0.201283   0.274388   0.082865
     50      -0.158480  -0.280641  -0.555591   0.229750   0.203777   0.070176
                 24         25         26         27         28         29    
      0      -0.010455   0.020592  -0.031652   0.017377   0.075193  -0.002559
      1      -0.011664   0.048645   0.060953   0.015844   0.008265  -0.029843
      2       0.015054  -0.069447  -0.037661  -0.094440   0.010275  -0.007656
      3      -0.003054   0.012061   0.046034  -0.032276  -0.153587  -0.020351
      4      -0.003003   0.015836  -0.021600  -0.041475   0.049161  -0.017719
      5       0.000280  -0.005574   0.055789   0.112467   0.020501   0.007423
      6       0.002434   0.006784   0.104991  -0.050425  -0.084327  -0.005231
      7       0.008806  -0.040382  -0.081500   0.087972  -0.084159   0.021034
      8      -0.025273   0.047100  -0.167605  -0.093328  -0.016799   0.116304
      9       0.025165  -0.008502   0.029324  -0.005435  -0.015273   0.005775
     10      -0.004396   0.015656   0.069748  -0.037164   0.030179   0.013003
     11      -0.020887  -0.012396   0.053209   0.017457   0.041449  -0.005051
     12       0.003274   0.001810  -0.022501   0.009683   0.034614   0.009190
     13      -0.030752  -0.003142  -0.086193   0.029805  -0.032798  -0.043031
     14       0.051821   0.004755  -0.030674   0.025952  -0.020562  -0.028394
     15      -0.029324   0.003022   0.013809  -0.011909  -0.010663   0.003450
     16       0.024686   0.006983   0.058800  -0.037293   0.053840   0.022487
     17      -0.002064  -0.016082   0.068352   0.007560  -0.006065  -0.020137
     18       0.019671  -0.053515  -0.034255   0.020522  -0.007087   0.011972
     19       0.009238  -0.033773   0.037338  -0.026781  -0.009294   0.018907
     20      -0.004910   0.049111   0.058948   0.016237  -0.007225  -0.052794
     21       0.040583  -0.190795  -0.203806  -0.112026   0.124018   0.064917
     22       0.066482  -0.196262  -0.016801   0.445537  -0.170158   0.403951
     23       0.009383  -0.002684   0.079505   0.283553  -0.131373   0.178895
     24      -0.077525   0.289344   0.086516   0.173163   0.084255  -0.085375
     25      -0.071376   0.263795  -0.056320  -0.290173  -0.041077  -0.342233
     26      -0.048156   0.171449  -0.018629  -0.142776  -0.012144  -0.185878
     27       0.140702  -0.517663  -0.044876  -0.026472   0.617854  -0.265317
     28      -0.000083   0.000221   0.144015   0.300402   0.030296  -0.005329
     29      -0.015023   0.055141   0.045379   0.081739  -0.056016   0.035627
     30      -0.106669   0.450352  -0.096129   0.291565   0.588666   0.281005
     31      -0.008958   0.024589  -0.129440  -0.193694   0.089698  -0.026587
     32       0.000513  -0.026095  -0.117497  -0.188666   0.019138  -0.028802
     33      -0.428130  -0.216674   0.031227   0.152118   0.034610   0.083597
     34      -0.019395  -0.001389   0.024745  -0.011833   0.010648   0.011987
     35       0.113981  -0.013247  -0.265047   0.145250  -0.070107  -0.060183
     36       0.462948   0.132851  -0.304878   0.312365   0.068920  -0.447652
     37       0.105025   0.006460  -0.170153   0.031486  -0.102182  -0.032044
     38      -0.106212  -0.015158   0.213257  -0.035686   0.120730   0.046044
     39       0.015244   0.006835   0.307891  -0.121883   0.228452   0.181315
     40       0.087056   0.008730   0.110122  -0.020929   0.062943   0.037220
     41      -0.155733  -0.012157   0.024496  -0.049303   0.028075   0.039261
     42      -0.505798  -0.095920  -0.437807   0.120336   0.078454  -0.268374
     43       0.006502   0.008245   0.024874  -0.026841   0.038908   0.019579
     44      -0.133042  -0.032729  -0.156571   0.108895  -0.165426  -0.103413
     45       0.428522   0.180519  -0.251108  -0.125226   0.043216   0.288349
     46      -0.058007   0.012223  -0.213079   0.031569  -0.031846   0.009908
     47       0.052201  -0.014624   0.219018  -0.032179   0.033912  -0.007361
     48      -0.107197   0.275025  -0.234707  -0.098600  -0.002984   0.098858
     49       0.019778  -0.170564  -0.068617  -0.163183   0.015087   0.151973
     50       0.022134  -0.186384  -0.084156  -0.157888   0.031164   0.131040
                 30         31         32         33         34         35    
      0      -0.015081  -0.002147   0.000332  -0.009178  -0.013875  -0.009990
      1       0.060182   0.028603  -0.012371   0.158733   0.024211   0.023496
      2       0.036782   0.032645   0.003761   0.054211  -0.022699  -0.038705
      3       0.036651   0.093417  -0.094030  -0.025079  -0.041548   0.031354
      4       0.006134   0.017335  -0.011935  -0.040203  -0.007203  -0.004489
      5       0.009521  -0.006058  -0.015608  -0.005778  -0.007637  -0.011269
      6       0.038356  -0.112418   0.125665  -0.006977   0.176889  -0.108230
      7      -0.159871  -0.053450  -0.002741   0.120719   0.001053  -0.034917
      8      -0.005662   0.016632   0.067909   0.017759   0.058704   0.059742
      9       0.018900  -0.141797  -0.044540   0.029000  -0.139888   0.038303
     10       0.017981   0.020279  -0.005246  -0.020663   0.007847  -0.025478
     11      -0.016695   0.013965  -0.051717  -0.002670  -0.029420  -0.009508
     12      -0.016880   0.040649  -0.048539  -0.002620   0.013481  -0.002340
     13       0.038032  -0.029737   0.028250  -0.001780  -0.011617   0.026520
     14       0.009290  -0.001439   0.029316   0.000542  -0.017446  -0.038633
     15      -0.013019   0.059249   0.159177   0.003062  -0.101322   0.053576
     16       0.012240   0.035130  -0.018161  -0.025360   0.003408   0.034503
     17       0.007726  -0.026951  -0.022796  -0.004643   0.015291  -0.016449
     18      -0.021382   0.001236  -0.015511   0.026651   0.036031   0.086285
     19       0.048546  -0.006864   0.020531  -0.055035   0.009744  -0.015438
     20      -0.025912  -0.015903  -0.007844   0.004633  -0.000245  -0.008824
     21      -0.013065   0.045740   0.008886  -0.065007  -0.160663  -0.091663
     22      -0.018891  -0.068868   0.022564  -0.576943  -0.101981  -0.070564
     23      -0.010968  -0.067086   0.012530  -0.314604   0.036607  -0.017462
     24      -0.106408  -0.036325  -0.044080   0.073611  -0.036163   0.097123
     25      -0.555744  -0.231288   0.000491  -0.525169   0.061443   0.079534
     26      -0.273898  -0.098667  -0.013490  -0.199154  -0.015154   0.042396
     27      -0.204878  -0.226175   0.129532   0.029128  -0.043327  -0.120584
     28       0.000251   0.071206  -0.154292  -0.121979  -0.193043   0.174825
     29       0.037029   0.029211  -0.033906  -0.011450   0.005801  -0.006027
     30       0.139515  -0.192786   0.284964  -0.005607   0.102849   0.049510
     31      -0.004565   0.074566  -0.039226  -0.122620  -0.088993   0.095592
     32      -0.010329   0.106350  -0.079701  -0.141903  -0.152681   0.156001
     33      -0.412200   0.544271   0.010789   0.037827   0.395395  -0.165856
     34      -0.015079   0.059332   0.009511  -0.009159   0.047762  -0.026900
     35      -0.019368  -0.047615  -0.001696   0.057751  -0.088239   0.145914
     36       0.180512   0.529514   0.165879  -0.198402   0.276502  -0.043136
     37       0.043392  -0.074887   0.091111   0.003296   0.040676  -0.046807
     38      -0.048939   0.041130  -0.127583  -0.000940  -0.074629   0.008330
     39      -0.140222   0.187346  -0.249712  -0.020612   0.131624  -0.014928
     40      -0.037667   0.040293  -0.083139  -0.005381   0.003861  -0.220744
     41      -0.003357   0.035155   0.006189  -0.010337   0.089780   0.411379
     42       0.442217  -0.243804  -0.521787  -0.157519   0.245660  -0.120414
     43       0.005137   0.031285  -0.004493  -0.015304   0.005928   0.034643
     44      -0.004570  -0.109875   0.127098   0.046803   0.096691   0.006014
     45      -0.138572  -0.142622  -0.613412   0.079431   0.369650  -0.076593
     46      -0.042411   0.011699  -0.000592   0.042576  -0.112495  -0.056489
     47       0.036059  -0.019560  -0.041613  -0.038439   0.098731   0.032376
     48       0.000659   0.188416  -0.027918   0.002501  -0.542712  -0.739676
     49       0.177183   0.024543   0.081422  -0.182247   0.013538  -0.035038
     50       0.151914   0.011695   0.073640  -0.161222   0.079253   0.073430
                 36         37         38         39         40         41    
      0      -0.004138   0.037762   0.003890  -0.017904   0.093316  -0.064819
      1       0.013329   0.011676   0.003226   0.001482  -0.001939   0.010112
      2      -0.018531   0.007412  -0.003682   0.004491  -0.012115  -0.005435
      3       0.010101  -0.026742  -0.002121  -0.000323   0.014865   0.001855
      4      -0.005043  -0.085161  -0.002659  -0.014327   0.054369   0.008292
      5      -0.010214  -0.043532   0.001080  -0.005672   0.025361   0.006608
      6      -0.034533   0.052313   0.012377  -0.018499  -0.073956   0.001664
      7      -0.021482   0.026889   0.003348   0.008164  -0.005712  -0.000378
      8       0.044552  -0.004161  -0.006647  -0.003361   0.001136  -0.000033
      9       0.002269  -0.010145   0.001832   0.009017   0.019597  -0.000028
     10       0.033857  -0.000098  -0.030093  -0.041000  -0.009933  -0.000733
     11       0.019754  -0.010054   0.035400   0.075925   0.023917   0.000972
     12       0.004531  -0.002788  -0.001004   0.004062   0.004533  -0.000061
     13      -0.033303   0.000940   0.005723   0.000401   0.000060  -0.000095
     14       0.072723  -0.001679  -0.007770  -0.003339   0.000160  -0.000066
     15       0.022840  -0.012778  -0.008467   0.000099   0.016711  -0.000308
     16      -0.031510  -0.006764  -0.027765   0.029216   0.012559  -0.000722
     17      -0.028999   0.005463   0.074529  -0.051282  -0.022674   0.004095
     18       0.040569  -0.008386   0.001722  -0.003614   0.009761  -0.000452
     19      -0.004822   0.001095   0.000036  -0.002475  -0.008595  -0.002001
     20      -0.006500   0.004848   0.001995   0.000776  -0.004136   0.000121
     21      -0.058297  -0.280821  -0.040350   0.104042  -0.431413   0.511988
     22      -0.048739  -0.179648  -0.017717   0.039336  -0.195804  -0.305846
     23      -0.004267   0.197576   0.025762  -0.088738   0.379455   0.535403
     24       0.030599  -0.344530  -0.028599   0.115119  -0.502077   0.248704
     25       0.045398   0.035376   0.010876  -0.050347   0.175512   0.203389
     26       0.014049  -0.189026  -0.017865   0.054275  -0.264480  -0.462030
     27      -0.072816   0.038284  -0.000199   0.009225   0.009444  -0.016510
     28       0.072989   0.559338   0.008601   0.109013  -0.318065  -0.009399
     29      -0.006079  -0.103275   0.001766  -0.018313   0.058216  -0.136314
     30       0.048957   0.078149   0.003688   0.012254  -0.037522   0.003446
     31       0.056972   0.242199  -0.006341   0.041059  -0.128074  -0.096619
     32       0.092943   0.516111  -0.003157   0.093451  -0.292837   0.057053
     33       0.038002   0.025980   0.004708   0.009847  -0.029475  -0.000664
     34       0.012578   0.008125  -0.075817  -0.120942  -0.031328   0.015637
     35      -0.200319   0.034655  -0.348944  -0.550559  -0.111848  -0.001366
     36      -0.124266   0.002675   0.035889  -0.006527  -0.025451  -0.000064
     37       0.075526  -0.022300   0.342285   0.510915   0.103862  -0.007027
     38       0.001459   0.002381  -0.195627  -0.255780  -0.041119  -0.010178
     39      -0.053357   0.000792   0.012537  -0.000075  -0.002840  -0.000656
     40       0.363101  -0.005411  -0.106694  -0.034781  -0.005086   0.000971
     41      -0.743596   0.015191   0.218922   0.058293   0.000654   0.000844
     42       0.090685  -0.007383  -0.016165  -0.017551  -0.025664   0.000006
     43      -0.034518  -0.003308  -0.095472   0.076190   0.027284   0.035382
     44      -0.051055   0.034400  -0.560209   0.350761   0.095745  -0.004154
     45      -0.115123   0.034207  -0.030697   0.044531  -0.019775   0.001062
     46       0.133276  -0.016419   0.509895  -0.341364  -0.096810  -0.025749
     47      -0.133960   0.012462  -0.239882   0.163277   0.039667  -0.045622
     48      -0.369847   0.126411  -0.040297   0.051910   0.025694  -0.005731
     49      -0.017531  -0.009231  -0.006893  -0.004058  -0.000853   0.020942
     50       0.032391  -0.029834  -0.000187  -0.010580   0.005610  -0.008349
                 42         43         44         45         46         47    
      0       0.003964  -0.000008  -0.013787  -0.000897   0.000586   0.000292
      1      -0.000424  -0.000062   0.002986  -0.040483   0.001521  -0.001356
      2      -0.000070  -0.000436  -0.000345   0.084907  -0.003432   0.002564
      3      -0.000230   0.000286  -0.004314  -0.001882  -0.000352   0.000373
      4       0.000110   0.007896  -0.056366   0.011234   0.002082  -0.001924
      5      -0.001831   0.003991  -0.030358  -0.021305  -0.001451   0.005198
      6       0.000148  -0.003836   0.002457   0.000373  -0.000763  -0.000494
      7       0.000480   0.000130   0.001053  -0.000437   0.001442   0.001364
      8      -0.001459  -0.000105   0.000214  -0.000077   0.001174   0.000183
      9       0.005602   0.007374   0.001408   0.000014  -0.000257   0.000556
     10      -0.027864  -0.037386  -0.003375  -0.000807   0.010696   0.078101
     11       0.030079   0.037521   0.005575  -0.000396   0.009345   0.054103
     12       0.000418  -0.002616  -0.000328   0.000013   0.001492   0.001313
     13      -0.000280   0.001315   0.000223  -0.000155  -0.003805  -0.003665
     14       0.000587   0.000635   0.000126   0.000068  -0.003067  -0.000702
     15      -0.002258   0.002103   0.000687  -0.000047  -0.000152  -0.000387
     16      -0.012738   0.008733   0.002829   0.003081   0.089789  -0.011962
     17       0.049161  -0.041557  -0.004611   0.001030   0.033360  -0.006098
     18       0.000106  -0.000021  -0.000255  -0.001284   0.000250   0.000084
     19       0.000095  -0.000383  -0.000084   0.002754  -0.000835   0.000066
     20       0.000035  -0.000131   0.000215  -0.003121  -0.000018  -0.000274
     21      -0.031173   0.002563   0.092566  -0.351635   0.011414  -0.013311
     22       0.018608  -0.000704  -0.056160   0.208065  -0.007042   0.006797
     23      -0.032147   0.001700   0.097354  -0.353880   0.010892  -0.013726
     24      -0.015524  -0.000437   0.044123   0.367603  -0.016694   0.010712
     25      -0.012939  -0.000434   0.034684   0.279093  -0.013752   0.007774
     26       0.029402   0.001987  -0.081423  -0.650354   0.028713  -0.018088
     27       0.000236  -0.007120   0.075085   0.019539  -0.002212  -0.004810
     28       0.000812  -0.004462   0.054227   0.015021  -0.000977  -0.004797
     29       0.021088  -0.090865   0.689253   0.168271   0.001399  -0.048968
     30       0.001515   0.007195  -0.028410   0.004707   0.001208  -0.003313
     31      -0.002963  -0.078995   0.587715  -0.149829  -0.028484   0.025806
     32       0.001852   0.048748  -0.342993   0.086099   0.015461  -0.015242
     33      -0.037145  -0.046353  -0.007536  -0.000488   0.005424   0.041432
     34       0.514963   0.651091   0.074448   0.007075  -0.056141  -0.507812
     35      -0.065091  -0.085815  -0.011334  -0.000539   0.007587   0.072304
     36      -0.011521  -0.013829  -0.003559   0.000187  -0.005035  -0.036160
     37      -0.183844  -0.212963  -0.033390   0.004184  -0.066033  -0.425573
     38      -0.291705  -0.339022  -0.056718   0.007603  -0.111924  -0.718913
     39      -0.001846   0.024458   0.002002  -0.000376  -0.023745  -0.017833
     40      -0.001963  -0.024947  -0.002299   0.000845   0.046266   0.037491
     41       0.005704  -0.013072  -0.001200   0.000699   0.027628   0.014115
     42      -0.002822   0.002030  -0.000891   0.000182  -0.000830   0.000685
     43       0.462940  -0.348578  -0.061361  -0.029998  -0.796078   0.104163
     44      -0.045412   0.034724   0.008121   0.003937   0.099467  -0.013122
     45       0.007509  -0.005383  -0.003350  -0.000040   0.012121  -0.001233
     46      -0.312770   0.254815   0.026500  -0.008777  -0.274484   0.046840
     47      -0.536149   0.441848   0.049590  -0.014750  -0.495077   0.084884
     48      -0.002618   0.002997  -0.000478   0.007057   0.005329   0.000372
     49       0.001531  -0.001243   0.003722  -0.035170   0.003724  -0.005934
     50      -0.000358  -0.000259  -0.003576   0.030854  -0.005948   0.003640
                 48         49         50    
      0      -0.000733  -0.000027   0.002975
      1       0.010251   0.000100  -0.001027
      2      -0.021093  -0.000013   0.005935
      3      -0.008362  -0.000004   0.000197
      4       0.045144   0.000052   0.000206
      5      -0.083752   0.000017   0.000678
      6      -0.000499   0.000631  -0.001046
      7       0.000655   0.000254   0.000514
      8      -0.000771   0.000060   0.002529
      9       0.000258   0.001606  -0.000471
     10       0.005286   0.006897   0.000202
     11       0.002556   0.000744   0.000151
     12       0.000059  -0.039052  -0.000465
     13      -0.000225   0.053156   0.000612
     14       0.000271   0.028439   0.000206
     15      -0.000243   0.001937  -0.000159
     16      -0.003798   0.004649   0.000204
     17      -0.002192   0.004907  -0.000602
     18       0.000312   0.000035   0.004996
     19      -0.000727   0.000551  -0.060246
     20       0.000484  -0.000362   0.038665
     21       0.098281   0.000298  -0.026001
     22      -0.060083  -0.000240   0.020820
     23       0.096960   0.000328  -0.030325
     24      -0.087721  -0.000106   0.011713
     25      -0.063077  -0.000060   0.007537
     26       0.154397   0.000185  -0.022620
     27       0.071935  -0.000466  -0.000349
     28       0.061275  -0.000232  -0.000434
     29       0.663902  -0.000292  -0.001860
     30       0.028122  -0.000451  -0.000112
     31      -0.601702  -0.000559   0.001197
     32       0.337887   0.000130  -0.000400
     33       0.005513   0.007188   0.001493
     34      -0.040896  -0.047247  -0.003448
     35       0.007389   0.002999   0.001260
     36      -0.001620  -0.004426  -0.000369
     37      -0.020897  -0.014960  -0.001393
     38      -0.034171  -0.024083  -0.002924
     39      -0.000371   0.488088   0.004454
     40       0.001126  -0.764939  -0.006714
     41      -0.000120  -0.406387  -0.004319
     42      -0.000318  -0.003073   0.003782
     43       0.026136  -0.027139   0.002386
     44      -0.002655   0.003323  -0.003710
     45      -0.002753   0.004520   0.000044
     46       0.014694  -0.025931   0.003120
     47       0.029815  -0.039698   0.003528
     48      -0.002071   0.001243  -0.075437
     49       0.011052  -0.007396   0.804416
     50      -0.009736   0.005256  -0.582335
# -----------------------------------------------------------
$ THERMOCHEMISTRY_Energies
   description: The Thermochemistry energies
   geom. index: 1
   prop. index: 1
        Temperature (Kelvin)           :        298.1500000000
        Pressure (atm)                 :          1.0000000000
        Total Mass (AMU)               :         98.1490000000
        Spin Degeneracy                :          1.0000000000
        Electronic Energy (Hartree)    :       -306.1305532201
        Translational Energy (Hartree) :          0.0014162714
        Rotational Energy (Hartree)    :          0.0014162714
        Vibrational Energy (Hartree)   :          0.0026177550
        Number of frequencies          :     51      
        Scaling Factor for frequencies :          1.0000000000
        Vibrational frequencies        :     
                  0    
      0       0.000000
      1       0.000000
      2       0.000000
      3       0.000000
      4       0.000000
      5       0.000000
      6     -38.845069
      7      43.173394
      8     330.109383
      9     414.162660
     10     434.212212
     11     521.745764
     12     821.009761
     13     896.391725
     14     915.121872
     15     974.292916
     16     983.181004
     17     1023.348168
     18     1033.890411
     19     1052.636919
     20     1062.921222
     21     1083.478456
     22     1119.866424
     23     1128.927392
     24     1202.992746
     25     1236.048057
     26     1261.489582
     27     1275.810013
     28     1283.473365
     29     1307.337093
     30     1331.941272
     31     1356.466937
     32     1361.586406
     33     1413.574551
     34     1459.929318
     35     1479.472967
     36     1490.097797
     37     1510.000158
     38     1516.343095
     39     1536.511677
     40     1550.972856
     41     2909.747909
     42     2911.418717
     43     2918.901616
     44     2940.824582
     45     2978.842274
     46     2987.580823
     47     2993.645028
     48     3026.234790
     49     3210.484892
     50     3215.580395
        Zero Point Energy (Hartree)    :          0.1537894796
        Inner Energy (Hartree)         :       -305.9713134427
        Enthalpy (Hartree)             :       -305.9703692336
        Electronic entropy             :          0.0000000000
        Rotational entropy             :          0.0127802767
        Vibrational entropy            :          0.0042237927
        Translational entropy          :          0.0127802767
        Entropy                        :          0.0358488507
        Gibbs Energy (Hartree)         :       -306.0062180843
        Is Linear                      :                 false
# -----------------------------------------------------------
$ PAL_Flags
   description: The PAL Flags
   geom. index: 2
   prop. index: 1
        Diskflag:     2
# -----------------------------------------------------------
$ SCF_Energy
   description: The SCF energy
   geom. index: 2
   prop. index: 1
        SCF Energy:     -306.1174590193
# -----------------------------------------------------------
$ DFT_Energy
   description: The DFT energy
   geom. index: 2
   prop. index: 1
   Number of Alpha Electrons                 27.0000064804 
   Number of Beta  Electrons                 27.0000064804 
   Total number of  Electrons                54.0000129608 
   Exchange energy                          -28.4933379310 
   Correlation energy                        -2.2135064209 
   Correlation energy NL                      0.0000000000 
   Exchange-Correlation energy              -30.7068443520 
   Embedding correction                       0.0000000000 
   Total DFT Energy (No VdW correction)    -306.1174590193 
# -----------------------------------------------------------
$ VdW_Correction
   description: The Van der Waals Correction
   geom. index: 2
   prop. index: 1
        Van der Waals Correction:       -0.0263070776
# -----------------------------------------------------------
$ PAL_Flags
   description: The PAL Flags
   geom. index: 3
   prop. index: 1
        Diskflag:     2
# -----------------------------------------------------------
$ SCF_Energy
   description: The SCF energy
   geom. index: 3
   prop. index: 1
        SCF Energy:     -306.1197660095
# -----------------------------------------------------------
$ DFT_Energy
   description: The DFT energy
   geom. index: 3
   prop. index: 1
   Number of Alpha Electrons                 26.9999938284 
   Number of Beta  Electrons                 26.9999938284 
   Total number of  Electrons                53.9999876567 
   Exchange energy                          -28.4859118520 
   Correlation energy                        -2.2124978344 
   Correlation energy NL                      0.0000000000 
   Exchange-Correlation energy              -30.6984096863 
   Embedding correction                       0.0000000000 
   Total DFT Energy (No VdW correction)    -306.1197660095 
# -----------------------------------------------------------
$ VdW_Correction
   description: The Van der Waals Correction
   geom. index: 3
   prop. index: 1
        Van der Waals Correction:       -0.0261109612
# -----------------------------------------------------------
$ PAL_Flags
   description: The PAL Flags
   geom. index: 4
   prop. index: 1
        Diskflag:     2
# -----------------------------------------------------------
$ SCF_Energy
   description: The SCF energy
   geom. index: 4
   prop. index: 1
        SCF Energy:     -306.1204373007
# -----------------------------------------------------------
$ DFT_Energy
   description: The DFT energy
   geom. index: 4
   prop. index: 1
   Number of Alpha Electrons                 26.9999848378 
   Number of Beta  Electrons                 26.9999848378 
   Total number of  Electrons                53.9999696756 
   Exchange energy                          -28.4847172989 
   Correlation energy                        -2.2123798418 
   Correlation energy NL                      0.0000000000 
   Exchange-Correlation energy              -30.6970971407 
   Embedding correction                       0.0000000000 
   Total DFT Energy (No VdW correction)    -306.1204373007 
# -----------------------------------------------------------
$ VdW_Correction
   description: The Van der Waals Correction
   geom. index: 4
   prop. index: 1
        Van der Waals Correction:       -0.0260602887
# -----------------------------------------------------------
$ PAL_Flags
   description: The PAL Flags
   geom. index: 5
   prop. index: 1
        Diskflag:     2
# -----------------------------------------------------------
$ SCF_Energy
   description: The SCF energy
   geom. index: 5
   prop. index: 1
        SCF Energy:     -306.1209666192
# -----------------------------------------------------------
$ DFT_Energy
   description: The DFT energy
   geom. index: 5
   prop. index: 1
   Number of Alpha Electrons                 26.9999942053 
   Number of Beta  Electrons                 26.9999942053 
   Total number of  Electrons                53.9999884106 
   Exchange energy                          -28.4850404172 
   Correlation energy                        -2.2124448051 
   Correlation energy NL                      0.0000000000 
   Exchange-Correlation energy              -30.6974852223 
   Embedding correction                       0.0000000000 
   Total DFT Energy (No VdW correction)    -306.1209666192 
# -----------------------------------------------------------
$ VdW_Correction
   description: The Van der Waals Correction
   geom. index: 5
   prop. index: 1
        Van der Waals Correction:       -0.0260331744
# -----------------------------------------------------------
$ PAL_Flags
   description: The PAL Flags
   geom. index: 6
   prop. index: 1
        Diskflag:     2
# -----------------------------------------------------------
$ SCF_Energy
   description: The SCF energy
   geom. index: 6
   prop. index: 1
        SCF Energy:     -306.1213968123
# -----------------------------------------------------------
$ DFT_Energy
   description: The DFT energy
   geom. index: 6
   prop. index: 1
   Number of Alpha Electrons                 27.0000203947 
   Number of Beta  Electrons                 27.0000203947 
   Total number of  Electrons                54.0000407894 
   Exchange energy                          -28.4861471804 
   Correlation energy                        -2.2125876340 
   Correlation energy NL                      0.0000000000 
   Exchange-Correlation energy              -30.6987348143 
   Embedding correction                       0.0000000000 
   Total DFT Energy (No VdW correction)    -306.1213968123 
# -----------------------------------------------------------
$ VdW_Correction
   description: The Van der Waals Correction
   geom. index: 6
   prop. index: 1
        Van der Waals Correction:       -0.0260409762
# -----------------------------------------------------------
$ PAL_Flags
   description: The PAL Flags
   geom. index: 7
   prop. index: 1
        Diskflag:     2
# -----------------------------------------------------------
$ SCF_Energy
   description: The SCF energy
   geom. index: 7
   prop. index: 1
        SCF Energy:     -306.1217975232
# -----------------------------------------------------------
$ DFT_Energy
   description: The DFT energy
   geom. index: 7
   prop. index: 1
   Number of Alpha Electrons                 27.0000210189 
   Number of Beta  Electrons                 27.0000210189 
   Total number of  Electrons                54.0000420379 
   Exchange energy                          -28.4864083687 
   Correlation energy                        -2.2126423094 
   Correlation energy NL                      0.0000000000 
   Exchange-Correlation energy              -30.6990506781 
   Embedding correction                       0.0000000000 
   Total DFT Energy (No VdW correction)    -306.1217975232 
# -----------------------------------------------------------
$ VdW_Correction
   description: The Van der Waals Correction
   geom. index: 7
   prop. index: 1
        Van der Waals Correction:       -0.0260438293
# -----------------------------------------------------------
$ PAL_Flags
   description: The PAL Flags
   geom. index: 8
   prop. index: 1
        Diskflag:     2
# -----------------------------------------------------------
$ SCF_Energy
   description: The SCF energy
   geom. index: 8
   prop. index: 1
        SCF Energy:     -306.1221593206
# -----------------------------------------------------------
$ DFT_Energy
   description: The DFT energy
   geom. index: 8
   prop. index: 1
   Number of Alpha Electrons                 26.9999912560 
   Number of Beta  Electrons                 26.9999912560 
   Total number of  Electrons                53.9999825120 
   Exchange energy                          -28.4865156924 
   Correlation energy                        -2.2126991256 
   Correlation energy NL                      0.0000000000 
   Exchange-Correlation energy              -30.6992148180 
   Embedding correction                       0.0000000000 
   Total DFT Energy (No VdW correction)    -306.1221593206 
# -----------------------------------------------------------
$ VdW_Correction
   description: The Van der Waals Correction
   geom. index: 8
   prop. index: 1
        Van der Waals Correction:       -0.0260573915
# -----------------------------------------------------------
$ PAL_Flags
   description: The PAL Flags
   geom. index: 9
   prop. index: 1
        Diskflag:     2
# -----------------------------------------------------------
$ SCF_Energy
   description: The SCF energy
   geom. index: 9
   prop. index: 1
        SCF Energy:     -306.1224546630
# -----------------------------------------------------------
$ DFT_Energy
   description: The DFT energy
   geom. index: 9
   prop. index: 1
   Number of Alpha Electrons                 26.9999784287 
   Number of Beta  Electrons                 26.9999784287 
   Total number of  Electrons                53.9999568574 
   Exchange energy                          -28.4862454424 
   Correlation energy                        -2.2127265245 
   Correlation energy NL                      0.0000000000 
   Exchange-Correlation energy              -30.6989719669 
   Embedding correction                       0.0000000000 
   Total DFT Energy (No VdW correction)    -306.1224546630 
# -----------------------------------------------------------
$ VdW_Correction
   description: The Van der Waals Correction
   geom. index: 9
   prop. index: 1
        Van der Waals Correction:       -0.0260763650
# -----------------------------------------------------------
$ PAL_Flags
   description: The PAL Flags
   geom. index: 10
   prop. index: 1
        Diskflag:     2
# -----------------------------------------------------------
$ SCF_Energy
   description: The SCF energy
   geom. index: 10
   prop. index: 1
        SCF Energy:     -306.1226663871
# -----------------------------------------------------------
$ DFT_Energy
   description: The DFT energy
   geom. index: 10
   prop. index: 1
   Number of Alpha Electrons                 26.9999947152 
   Number of Beta  Electrons                 26.9999947152 
   Total number of  Electrons                53.9999894303 
   Exchange energy                          -28.4858284699 
   Correlation energy                        -2.2127623188 
   Correlation energy NL                      0.0000000000 
   Exchange-Correlation energy              -30.6985907887 
   Embedding correction                       0.0000000000 
   Total DFT Energy (No VdW correction)    -306.1226663871 
# -----------------------------------------------------------
$ VdW_Correction
   description: The Van der Waals Correction
   geom. index: 10
   prop. index: 1
        Van der Waals Correction:       -0.0261087277
# -----------------------------------------------------------
$ PAL_Flags
   description: The PAL Flags
   geom. index: 11
   prop. index: 1
        Diskflag:     2
# -----------------------------------------------------------
$ SCF_Energy
   description: The SCF energy
   geom. index: 11
   prop. index: 1
        SCF Energy:     -306.1227805736
# -----------------------------------------------------------
$ DFT_Energy
   description: The DFT energy
   geom. index: 11
   prop. index: 1
   Number of Alpha Electrons                 27.0000042155 
   Number of Beta  Electrons                 27.0000042155 
   Total number of  Electrons                54.0000084311 
   Exchange energy                          -28.4853616183 
   Correlation energy                        -2.2128146869 
   Correlation energy NL                      0.0000000000 
   Exchange-Correlation energy              -30.6981763052 
   Embedding correction                       0.0000000000 
   Total DFT Energy (No VdW correction)    -306.1227805736 
# -----------------------------------------------------------
$ VdW_Correction
   description: The Van der Waals Correction
   geom. index: 11
   prop. index: 1
        Van der Waals Correction:       -0.0261558330
# -----------------------------------------------------------
$ PAL_Flags
   description: The PAL Flags
   geom. index: 12
   prop. index: 1
        Diskflag:     2
# -----------------------------------------------------------
$ SCF_Energy
   description: The SCF energy
   geom. index: 12
   prop. index: 1
        SCF Energy:     -306.1228517584
# -----------------------------------------------------------
$ DFT_Energy
   description: The DFT energy
   geom. index: 12
   prop. index: 1
   Number of Alpha Electrons                 27.0000039799 
   Number of Beta  Electrons                 27.0000039799 
   Total number of  Electrons                54.0000079598 
   Exchange energy                          -28.4864635451 
   Correlation energy                        -2.2129736805 
   Correlation energy NL                      0.0000000000 
   Exchange-Correlation energy              -30.6994372256 
   Embedding correction                       0.0000000000 
   Total DFT Energy (No VdW correction)    -306.1228517584 
# -----------------------------------------------------------
$ VdW_Correction
   description: The Van der Waals Correction
   geom. index: 12
   prop. index: 1
        Van der Waals Correction:       -0.0261931324
# -----------------------------------------------------------
$ PAL_Flags
   description: The PAL Flags
   geom. index: 13
   prop. index: 1
        Diskflag:     2
# -----------------------------------------------------------
$ SCF_Energy
   description: The SCF energy
   geom. index: 13
   prop. index: 1
        SCF Energy:     -306.1229344337
# -----------------------------------------------------------
$ DFT_Energy
   description: The DFT energy
   geom. index: 13
   prop. index: 1
   Number of Alpha Electrons                 27.0000119942 
   Number of Beta  Electrons                 27.0000119942 
   Total number of  Electrons                54.0000239885 
   Exchange energy                          -28.4856615529 
   Correlation energy                        -2.2129279888 
   Correlation energy NL                      0.0000000000 
   Exchange-Correlation energy              -30.6985895417 
   Embedding correction                       0.0000000000 
   Total DFT Energy (No VdW correction)    -306.1229344337 
# -----------------------------------------------------------
$ VdW_Correction
   description: The Van der Waals Correction
   geom. index: 13
   prop. index: 1
        Van der Waals Correction:       -0.0262102989
# -----------------------------------------------------------
$ PAL_Flags
   description: The PAL Flags
   geom. index: 14
   prop. index: 1
        Diskflag:     2
# -----------------------------------------------------------
$ SCF_Energy
   description: The SCF energy
   geom. index: 14
   prop. index: 1
        SCF Energy:     -306.1219298611
# -----------------------------------------------------------
$ DFT_Energy
   description: The DFT energy
   geom. index: 14
   prop. index: 1
   Number of Alpha Electrons                 27.0000036460 
   Number of Beta  Electrons                 27.0000036460 
   Total number of  Electrons                54.0000072920 
   Exchange energy                          -28.5069545807 
   Correlation energy                        -2.2152624957 
   Correlation energy NL                      0.0000000000 
   Exchange-Correlation energy              -30.7222170765 
   Embedding correction                       0.0000000000 
   Total DFT Energy (No VdW correction)    -306.1219298611 
# -----------------------------------------------------------
$ VdW_Correction
   description: The Van der Waals Correction
   geom. index: 14
   prop. index: 1
        Van der Waals Correction:       -0.0263940751
# -----------------------------------------------------------
$ PAL_Flags
   description: The PAL Flags
   geom. index: 15
   prop. index: 1
        Diskflag:     2
# -----------------------------------------------------------
$ SCF_Energy
   description: The SCF energy
   geom. index: 15
   prop. index: 1
        SCF Energy:     -306.1230698480
# -----------------------------------------------------------
$ DFT_Energy
   description: The DFT energy
   geom. index: 15
   prop. index: 1
   Number of Alpha Electrons                 27.0000233798 
   Number of Beta  Electrons                 27.0000233798 
   Total number of  Electrons                54.0000467596 
   Exchange energy                          -28.4970746493 
   Correlation energy                        -2.2142526341 
   Correlation energy NL                      0.0000000000 
   Exchange-Correlation energy              -30.7113272834 
   Embedding correction                       0.0000000000 
   Total DFT Energy (No VdW correction)    -306.1230698480 
# -----------------------------------------------------------
$ VdW_Correction
   description: The Van der Waals Correction
   geom. index: 15
   prop. index: 1
        Van der Waals Correction:       -0.0263270668
# -----------------------------------------------------------
$ PAL_Flags
   description: The PAL Flags
   geom. index: 16
   prop. index: 1
        Diskflag:     2
# -----------------------------------------------------------
$ SCF_Energy
   description: The SCF energy
   geom. index: 16
   prop. index: 1
        SCF Energy:     -306.1233810121
# -----------------------------------------------------------
$ DFT_Energy
   description: The DFT energy
   geom. index: 16
   prop. index: 1
   Number of Alpha Electrons                 27.0000528310 
   Number of Beta  Electrons                 27.0000528310 
   Total number of  Electrons                54.0001056619 
   Exchange energy                          -28.4920083079 
   Correlation energy                        -2.2137888832 
   Correlation energy NL                      0.0000000000 
   Exchange-Correlation energy              -30.7057971911 
   Embedding correction                       0.0000000000 
   Total DFT Energy (No VdW correction)    -306.1233810121 
# -----------------------------------------------------------
$ VdW_Correction
   description: The Van der Waals Correction
   geom. index: 16
   prop. index: 1
        Van der Waals Correction:       -0.0263049937
# -----------------------------------------------------------
$ PAL_Flags
   description: The PAL Flags
   geom. index: 17
   prop. index: 1
        Diskflag:     2
# -----------------------------------------------------------
$ SCF_Energy
   description: The SCF energy
   geom. index: 17
   prop. index: 1
        SCF Energy:     -306.1235066255
# -----------------------------------------------------------
$ DFT_Energy
   description: The DFT energy
   geom. index: 17
   prop. index: 1
   Number of Alpha Electrons                 27.0000583660 
   Number of Beta  Electrons                 27.0000583660 
   Total number of  Electrons                54.0001167321 
   Exchange energy                          -28.4865979748 
   Correlation energy                        -2.2132035758 
   Correlation energy NL                      0.0000000000 
   Exchange-Correlation energy              -30.6998015506 
   Embedding correction                       0.0000000000 
   Total DFT Energy (No VdW correction)    -306.1235066255 
# -----------------------------------------------------------
$ VdW_Correction
   description: The Van der Waals Correction
   geom. index: 17
   prop. index: 1
        Van der Waals Correction:       -0.0262493609
# -----------------------------------------------------------
$ PAL_Flags
   description: The PAL Flags
   geom. index: 18
   prop. index: 1
        Diskflag:     2
# -----------------------------------------------------------
$ SCF_Energy
   description: The SCF energy
   geom. index: 18
   prop. index: 1
        SCF Energy:     -306.1235037157
# -----------------------------------------------------------
$ DFT_Energy
   description: The DFT energy
   geom. index: 18
   prop. index: 1
   Number of Alpha Electrons                 27.0000664551 
   Number of Beta  Electrons                 27.0000664551 
   Total number of  Electrons                54.0001329103 
   Exchange energy                          -28.4872266499 
   Correlation energy                        -2.2132942884 
   Correlation energy NL                      0.0000000000 
   Exchange-Correlation energy              -30.7005209383 
   Embedding correction                       0.0000000000 
   Total DFT Energy (No VdW correction)    -306.1235037157 
# -----------------------------------------------------------
$ VdW_Correction
   description: The Van der Waals Correction
   geom. index: 18
   prop. index: 1
        Van der Waals Correction:       -0.0262574777
# -----------------------------------------------------------
$ PAL_Flags
   description: The PAL Flags
   geom. index: 19
   prop. index: 1
        Diskflag:     2
# -----------------------------------------------------------
$ SCF_Energy
   description: The SCF energy
   geom. index: 19
   prop. index: 1
        SCF Energy:     -306.1235058388
# -----------------------------------------------------------
$ DFT_Energy
   description: The DFT energy
   geom. index: 19
   prop. index: 1
   Number of Alpha Electrons                 27.0000646644 
   Number of Beta  Electrons                 27.0000646644 
   Total number of  Electrons                54.0001293289 
   Exchange energy                          -28.4875894711 
   Correlation energy                        -2.2133236458 
   Correlation energy NL                      0.0000000000 
   Exchange-Correlation energy              -30.7009131169 
   Embedding correction                       0.0000000000 
   Total DFT Energy (No VdW correction)    -306.1235058388 
# -----------------------------------------------------------
$ VdW_Correction
   description: The Van der Waals Correction
   geom. index: 19
   prop. index: 1
        Van der Waals Correction:       -0.0262576502
# -----------------------------------------------------------
$ PAL_Flags
   description: The PAL Flags
   geom. index: 20
   prop. index: 1
        Diskflag:     2
# -----------------------------------------------------------
$ SCF_Energy
   description: The SCF energy
   geom. index: 20
   prop. index: 1
        SCF Energy:     -306.1235061032
# -----------------------------------------------------------
$ DFT_Energy
   description: The DFT energy
   geom. index: 20
   prop. index: 1
   Number of Alpha Electrons                 27.0000650326 
   Number of Beta  Electrons                 27.0000650326 
   Total number of  Electrons                54.0001300651 
   Exchange energy                          -28.4876419447 
   Correlation energy                        -2.2133296847 
   Correlation energy NL                      0.0000000000 
   Exchange-Correlation energy              -30.7009716294 
   Embedding correction                       0.0000000000 
   Total DFT Energy (No VdW correction)    -306.1235061032 
# -----------------------------------------------------------
$ Mayer_Pop
   description: The Mayer population analysis
   geom. index: 20
   prop. index: 1
     Number of atoms                     : 17
     Threshold for printing              : 0.1000000
     Number of bond orders printed       : 21
  NA   - Mulliken gross atomic population
  ZA   - Total nuclear charge
  QA   - Mulliken gross atomic charge
  VA   - Mayer's total valence
  BVA  - Mayer's bonded valence
  FA   - Mayer's free valence
  ATOM       NA         ZA         QA         VA         BVA        FA
  0   0     6.1935     6.0000    -0.1935     3.6976     3.6976     0.0000
  1   0     6.2778     6.0000    -0.2778     3.6688     3.6688    -0.0000
  2   0     6.3185     6.0000    -0.3185     4.1909     4.1909    -0.0000
  3   0     6.0895     6.0000    -0.0895     3.3293     3.3293    -0.0000
  4   0     7.3690     7.0000    -0.3690     2.6062     2.6062    -0.0000
  5   0     6.2673     6.0000    -0.2673     3.7211     3.7211    -0.0000
  6   0     7.3120     7.0000    -0.3120     2.6580     2.6580     0.0000
  7   0     0.8720     1.0000     0.1280     0.9528     0.9528     0.0000
  8   0     0.8353     1.0000     0.1647     0.9167     0.9167    -0.0000
  9   0     0.8377     1.0000     0.1623     0.9382     0.9382    -0.0000
 10   0     0.8374     1.0000     0.1626     0.9432     0.9432     0.0000
 11   0     0.8577     1.0000     0.1423     0.9293     0.9293     0.0000
 12   0     0.8316     1.0000     0.1684     0.9254     0.9254    -0.0000
 13   0     0.7049     1.0000     0.2951     0.8610     0.8610    -0.0000
 14   0     0.8449     1.0000     0.1551     0.9156     0.9156    -0.0000
 15   0     0.8610     1.0000     0.1390     0.9284     0.9284     0.0000
 16   0     0.6900     1.0000     0.3100     0.8433     0.8433     0.0000
      Bond orders larger than 0.1000000
           Atom A     A.N. of A          Atom B    A.N. of B              Bond order
                0             6               1            6                0.897949
                0             6               6            7                0.830799
                0             6               7            1                0.953969
                0             6               8            1                0.970004
                1             6               2            6                0.892993
                1             6               6            7               -0.158137
                1             6               9            1                0.973574
                1             6              10            1                0.940859
                2             6               3            6                0.807358
                2             6               4            7                0.446546
                2             6               5            6                0.904379
                2             6               6            7                1.229802
                3             6               4            7                0.616225
                3             6               6            7               -0.108144
                3             6              11            1                0.943387
                3             6              12            1                1.029135
                4             7               5            6                0.764435
                4             7              13            1                0.872364
                5             6              14            1                0.988046
                5             6              15            1                0.953890
                6             7              16            1                0.864266
# -----------------------------------------------------------
$ VdW_Correction
   description: The Van der Waals Correction
   geom. index: 20
   prop. index: 1
        Van der Waals Correction:       -0.0262577649
# -----------------------------------------------------------
$ SCF_Electric_Properties
   description: The SCF Calculated Electric Properties
   geom. index: 20
   prop. index: 1
       Filename                          : file.scfp 
       Do Dipole Moment Calculation      : true 
       Do Quadrupole Moment Calculation  : false 
       Do Polarizability Calculation     : false 
** Dipole moment part of electric properties **
        Magnitude of dipole moment (Debye) :        2.2648013871
        Electronic Contribution:
                  0    
      0      -1.092564
      1      -1.144234
      2      -1.085530
        Nuclear Contribution:
                  0    
      0       1.212998
      1       1.606210
      2       1.837857
        Total Dipole moment:
                  0    
      0       0.120434
      1       0.461977
      2       0.752327
# -------------------------------------------------------------
----------------------- !GEOMETRIES! ------------------------
# -------------------------------------------------------------
------------------------ !GEOMETRY! -------------------------
    Number of atoms:    17 
    Geometry Index:     1 
    Coordinates:
               0 C      1.952400000000   -0.096100000000   -0.280800000000
               1 C      0.988900000000    0.913600000000    0.342500000000
               2 C     -0.053600000000   -0.091900000000   -0.076100000000
               3 C     -1.203300000000    0.315600000000   -0.966400000000
               4 N     -2.194900000000   -0.192700000000   -0.006800000000
               5 C     -1.102900000000   -0.603800000000    0.887600000000
               6 N      0.890100000000   -1.045600000000   -0.647500000000
               7 H      2.667200000000   -0.520900000000    0.461400000000
               8 H      2.455900000000    0.304600000000   -1.187900000000
               9 H      1.108500000000    0.996600000000    1.444200000000
              10 H      0.944900000000    1.871600000000   -0.219100000000
              11 H     -1.283900000000    1.417100000000   -1.112200000000
              12 H     -1.242000000000   -0.259200000000   -1.917400000000
              13 H     -2.687300000000    0.625200000000    0.425500000000
              14 H     -1.094900000000   -1.708000000000    1.014200000000
              15 H     -1.118400000000   -0.049800000000    1.853800000000
              16 H      0.973300000000   -1.876200000000   -0.014900000000
------------------------ !GEOMETRY! -------------------------
    Number of atoms:    17 
    Geometry Index:     2 
    Coordinates:
               0 C      2.016803701363   -0.097450801525   -0.283067847470
               1 C      1.016830411409    0.907148927081    0.339162351872
               2 C     -0.070623072762   -0.095182419805   -0.072331448546
               3 C     -1.240169703761    0.326808851970   -0.979370071512
               4 N     -2.241149325273   -0.182480867152    0.001353587874
               5 C     -1.141195029880   -0.605598349157    0.909466583249
               6 N      0.915715553377   -1.040796284184   -0.633476396685
               7 H      2.742123170879   -0.512639900419    0.426883797656
               8 H      2.530305548076    0.281174767909   -1.174094377914
               9 H      1.127693123570    1.018403921000    1.422756385788
              10 H      0.966402087118    1.864874803560   -0.188551628619
              11 H     -1.313851813269    1.409396694009   -1.151534954914
              12 H     -1.271442890374   -0.229778590468   -1.922639454199
              13 H     -2.742639961896    0.597225020757    0.414950595020
              14 H     -1.128618909839   -1.694853442137    1.051311809639
              15 H     -1.148708730676   -0.084011665402    1.876339852445
              16 H      0.982525841938   -1.862140666038   -0.037058783685
------------------------ !GEOMETRY! -------------------------
    Number of atoms:    17 
    Geometry Index:     3 
    Coordinates:
               0 C      2.037441377708   -0.101248272466   -0.263421005483
               1 C      1.020979925239    0.904562479575    0.322538427094
               2 C     -0.079142590593   -0.097343063691   -0.089016597842
               3 C     -1.262689508131    0.327079854133   -0.985019301350
               4 N     -2.246305115901   -0.171820254879    0.019855833491
               5 C     -1.138531475411   -0.600763929153    0.915147185487
               6 N      0.932155435972   -1.027810297197   -0.642740529291
               7 H      2.752594990390   -0.516178852547    0.456217302929
               8 H      2.587890693517    0.260024516260   -1.137801590740
               9 H      1.104902497240    1.049984054142    1.403869330686
              10 H      0.971851067801    1.875383254141   -0.178892628134
              11 H     -1.324795280993    1.404990120296   -1.181994527088
              12 H     -1.307254172762   -0.223265881151   -1.930219562322
              13 H     -2.777277060706    0.589150941657    0.429504604640
              14 H     -1.126277275540   -1.687523996494    1.070556581059
              15 H     -1.116702133286   -0.100046339999    1.891449331855
              16 H      0.971158625457   -1.885074332630   -0.099932854991
------------------------ !GEOMETRY! -------------------------
    Number of atoms:    17 
    Geometry Index:     4 
    Coordinates:
               0 C      2.044895037160   -0.109669536860   -0.237021744177
               1 C      1.020999408595    0.912644410362    0.304628702483
               2 C     -0.079943514700   -0.091283629333   -0.105101239750
               3 C     -1.279492181171    0.328989599183   -0.982401801233
               4 N     -2.242182554142   -0.177894566443    0.036460985677
               5 C     -1.122057412465   -0.595347345613    0.919052164228
               6 N      0.937911475746   -1.008710089781   -0.666396423982
               7 H      2.719490284805   -0.534561033810    0.516293132601
               8 H      2.644765762330    0.236204878052   -1.084876888286
               9 H      1.081479831719    1.086938930265    1.383494808551
              10 H      0.986962477354    1.878756472963   -0.208792124171
              11 H     -1.343121724596    1.406889350619   -1.181896266773
              12 H     -1.336890852879   -0.218043283774   -1.929216051867
              13 H     -2.798788750009    0.563331962893    0.445377433502
              14 H     -1.103910613802   -1.681261321265    1.082472694267
              15 H     -1.081691676981   -0.094094334160    1.895245580434
              16 H      0.951575003035   -1.902790463299   -0.187222961503
------------------------ !GEOMETRY! -------------------------
    Number of atoms:    17 
    Geometry Index:     5 
    Coordinates:
               0 C      2.048747234748   -0.117519629066   -0.217139612909
               1 C      1.022878525800    0.920939092963    0.290628132322
               2 C     -0.079161823851   -0.084817487879   -0.112268858990
               3 C     -1.289005561081    0.332053518661   -0.976778917158
               4 N     -2.236128184451   -0.189537287545    0.046684105386
               5 C     -1.109033128931   -0.590236403067    0.925765559417
               6 N      0.939758356245   -0.989067186829   -0.684588120596
               7 H      2.680397950079   -0.552244297756    0.567077241181
               8 H      2.692997229250    0.213317008283   -1.038921488593
               9 H      1.068006499148    1.124320947843    1.365372766512
              10 H      1.003144230103    1.875888155345   -0.243987234937
              11 H     -1.357987991240    1.410854376453   -1.170710317369
              12 H     -1.352264549866   -0.209037447748   -1.926822072687
              13 H     -2.823375878941    0.528759151383    0.453450314668
              14 H     -1.081551515704   -1.674446003669    1.100161004852
              15 H     -1.060428726560   -0.081445337022    1.898142831669
              16 H      0.933007335253   -1.917681170350   -0.275965332769
------------------------ !GEOMETRY! -------------------------
    Number of atoms:    17 
    Geometry Index:     6 
    Coordinates:
               0 C      2.049436283473   -0.129200134438   -0.189326273211
               1 C      1.024200475882    0.931120067633    0.273513121662
               2 C     -0.078227795536   -0.074240253228   -0.127337620534
               3 C     -1.303727117024    0.335591287728   -0.972130757826
               4 N     -2.229850468872   -0.204557278891    0.059634178561
               5 C     -1.089082644342   -0.587639931945    0.927095039589
               6 N      0.940519531504   -0.967830850748   -0.709399406509
               7 H      2.628938168645   -0.578286932489    0.627480957009
               8 H      2.742140203649    0.186039800302   -0.976831616640
               9 H      1.051683208735    1.164556990067    1.342284780385
              10 H      1.023311707346    1.868782791272   -0.291200048317
              11 H     -1.385341849504    1.415638649291   -1.155140122766
              12 H     -1.374099548669   -0.197981529283   -1.926135205041
              13 H     -2.833608912476    0.497183627846    0.471034676664
              14 H     -1.047206247599   -1.670364399997    1.108044388808
              15 H     -1.034564423057   -0.070435495126    1.894751660172
              16 H      0.915479427844   -1.918276407995   -0.356237752005
------------------------ !GEOMETRY! -------------------------
    Number of atoms:    17 
    Geometry Index:     7 
    Coordinates:
               0 C      2.048852367781   -0.143203733484   -0.166073117420
               1 C      1.030081695186    0.940112785716    0.256934862111
               2 C     -0.077271900689   -0.061463236953   -0.138229853061
               3 C     -1.316230969091    0.342401516630   -0.965491804894
               4 N     -2.223173761907   -0.231946466131    0.064378054702
               5 C     -1.071261460157   -0.582112632081    0.930272252590
               6 N      0.938819189251   -0.948291009661   -0.731117638917
               7 H      2.578804339166   -0.605329518035    0.677423555850
               8 H      2.784608940501    0.153191163445   -0.921009960324
               9 H      1.044217620775    1.204710357678    1.318360817612
              10 H      1.048308482064    1.860962055249   -0.334630351821
              11 H     -1.413597730347    1.424890516709   -1.127246283842
              12 H     -1.386919456981   -0.173232297156   -1.929227383748
              13 H     -2.854022065803    0.444461516049    0.476974260117
              14 H     -1.008213964350   -1.660754834913    1.127954396253
              15 H     -1.018620821596   -0.049029004325    1.889693221588
              16 H      0.895619496195   -1.915267178737   -0.428865026796
------------------------ !GEOMETRY! -------------------------
    Number of atoms:    17 
    Geometry Index:     8 
    Coordinates:
               0 C      2.046053432970   -0.156776963735   -0.141149317094
               1 C      1.035088873222    0.949353221710    0.239951208367
               2 C     -0.076019173167   -0.049277837525   -0.150462731795
               3 C     -1.328846380823    0.348288397299   -0.958899915465
               4 N     -2.215002478643   -0.256102242192    0.071041635945
               5 C     -1.052091725286   -0.578267284920    0.932116428930
               6 N      0.938676222092   -0.927956452288   -0.754313203841
               7 H      2.521948176874   -0.631825216508    0.727765348271
               8 H      2.824988810611    0.119237179391   -0.859435506104
               9 H      1.035472916632    1.247645044676    1.292197234003
              10 H      1.073800583326    1.850410893011   -0.380510114901
              11 H     -1.441467327301    1.432347169512   -1.100308902416
              12 H     -1.402187786685   -0.150430379077   -1.931402558717
              13 H     -2.868677201347    0.396229042087    0.486797195561
              14 H     -0.969022077092   -1.652985062783    1.143337820195
              15 H     -1.000844297165   -0.031823122527    1.884221469428
              16 H      0.878129431783   -1.907966386131   -0.500846090365
------------------------ !GEOMETRY! -------------------------
    Number of atoms:    17 
    Geometry Index:     9 
    Coordinates:
               0 C      2.041584686839   -0.171486727008   -0.118238204095
               1 C      1.042220685508    0.957796964061    0.223074776063
               2 C     -0.074776092633   -0.035643338898   -0.161733195910
               3 C     -1.340591333843    0.356123293570   -0.951499850353
               4 N     -2.205252319456   -0.286404971643    0.073224264227
               5 C     -1.033088483226   -0.572850495765    0.934043414836
               6 N      0.937613122800   -0.909079866060   -0.775961043732
               7 H      2.464353077659   -0.658050169833    0.772147440336
               8 H      2.859467234119    0.081990633908   -0.800382038594
               9 H      1.031122873693    1.289849907006    1.264905755937
              10 H      1.101982576694    1.838727596748   -0.424249538374
              11 H     -1.469770336434    1.441761771807   -1.066561567566
              12 H     -1.414772487007   -0.119491072194   -1.935391092099
              13 H     -2.885907666317    0.336334343123    0.490688850346
              14 H     -0.926736458221   -1.641725812679    1.163153109309
              15 H     -0.987288873614   -0.009957149101    1.877096571678
              16 H      0.859839793436   -1.897794907041   -0.564217652008
------------------------ !GEOMETRY! -------------------------
    Number of atoms:    17 
    Geometry Index:     10 
    Coordinates:
               0 C      2.034711450817   -0.186202077877   -0.095074264068
               1 C      1.049527016256    0.966240500742    0.205617182057
               2 C     -0.073292984573   -0.021461274793   -0.174215172921
               3 C     -1.352308678618    0.364575570742   -0.943827796133
               4 N     -2.193364191091   -0.317279092043    0.074528957607
               5 C     -1.012556580163   -0.567978724747    0.934462416778
               6 N      0.937109318489   -0.890796600799   -0.798176900155
               7 H      2.401435983060   -0.683582712026    0.814502014478
               8 H      2.890152629704    0.042552905940   -0.738515176094
               9 H      1.027273160109    1.333894306787    1.235126744985
              10 H      1.131874262132    1.825074878024   -0.468627416334
              11 H     -1.498255846865    1.451038086339   -1.029688850731
              12 H     -1.428784987461   -0.085065608942   -1.939696306569
              13 H     -2.900068786873    0.273893410765    0.494591179606
              14 H     -0.881986776174   -1.630339957723    1.180575144496
              15 H     -0.973308203661    0.010410788147    1.868612418737
              16 H      0.841843214913   -1.884874398536   -0.620094175738
------------------------ !GEOMETRY! -------------------------
    Number of atoms:    17 
    Geometry Index:     11 
    Coordinates:
               0 C      2.025970343116   -0.201060275745   -0.075262970001
               1 C      1.058570270312    0.973812310690    0.188616495843
               2 C     -0.071671950093   -0.005634657090   -0.186201098967
               3 C     -1.362789091424    0.375527325132   -0.935498903491
               4 N     -2.178552010656   -0.353571572394    0.070114317943
               5 C     -0.992003299085   -0.562150773782    0.933640709857
               6 N      0.935130390051   -0.875619841849   -0.818640027247
               7 H      2.339410768366   -0.707912506526    0.849193354565
               8 H      2.913948339604    0.001432376439   -0.682240245731
               9 H      1.027485285193    1.377195568856    1.204523073062
              10 H      1.164002080209    1.810074446374   -0.510581528589
              11 H     -1.526858565755    1.461985118091   -0.984139783243
              12 H     -1.440740334014   -0.040078820841   -1.945902935663
              13 H     -2.914603198635    0.199709919394    0.491472516782
              14 H     -0.834051461283   -1.615926191867    1.199670888405
              15 H     -0.964195152703    0.033284630251    1.857716313188
              16 H      0.820947586796   -1.870967055134   -0.656380176715
------------------------ !GEOMETRY! -------------------------
    Number of atoms:    17 
    Geometry Index:     12 
    Coordinates:
               0 C      2.022499836083   -0.203607619524   -0.074833311829
               1 C      1.061075165860    0.975414407789    0.185895901458
               2 C     -0.070141917740   -0.000937802698   -0.188247286220
               3 C     -1.362542737969    0.380477056627   -0.933061807252
               4 N     -2.171913733935   -0.365304453356    0.064049735321
               5 C     -0.986798075813   -0.561849710478    0.931672139412
               6 N      0.932165199652   -0.875311370249   -0.822774281140
               7 H      2.325410240582   -0.714558694807    0.850582549525
               8 H      2.915662455849   -0.006279968596   -0.676473829265
               9 H      1.029510299260    1.389221207746    1.197962386456
              10 H      1.172369513050    1.802725764957   -0.522486204602
              11 H     -1.533272573927    1.466496060432   -0.962995324882
              12 H     -1.439369620195   -0.019473661226   -1.950109284850
              13 H     -2.918677211016    0.174305103498    0.485497955836
              14 H     -0.819786475947   -1.612988583821    1.203352449181
              15 H     -0.967425338438    0.039114331594    1.852276321758
              16 H      0.811234974643   -1.867342067888   -0.640208108906
------------------------ !GEOMETRY! -------------------------
    Number of atoms:    17 
    Geometry Index:     13 
    Coordinates:
               0 C      2.022154292943   -0.212760345626   -0.083238927713
               1 C      1.074120376727    0.974485131342    0.181119269348
               2 C     -0.068666087280    0.010322201320   -0.183028321363
               3 C     -1.360891153678    0.394939903234   -0.925143022163
               4 N     -2.158244763930   -0.407136593520    0.037862398956
               5 C     -0.986657583055   -0.551018486807    0.934620362746
               6 N      0.921301218351   -0.880629840688   -0.822460453919
               7 H      2.324973155248   -0.725820472316    0.840485787032
               8 H      2.914630458313   -0.026275060307   -0.689667288206
               9 H      1.050860920733    1.399006860399    1.189356477208
              10 H      1.189443511134    1.796832232662   -0.532528464737
              11 H     -1.548558223910    1.478878423794   -0.906561210146
              12 H     -1.425477750209    0.041511713997   -1.959690796533
              13 H     -2.944188906330    0.084989892974    0.445664016166
              14 H     -0.795566632091   -1.588264095279    1.241022230950
              15 H     -0.997310802616    0.075605032990    1.838830694024
              16 H      0.788077969651   -1.864566498168   -0.606542751651
------------------------ !GEOMETRY! -------------------------
    Number of atoms:    17 
    Geometry Index:     14 
    Coordinates:
               0 C      2.012929841554   -0.206469041827   -0.097257479664
               1 C      1.070438954163    0.978164368637    0.203441027164
               2 C     -0.060533249705    0.011967040962   -0.159508759883
               3 C     -1.333892949251    0.392594220516   -0.923002867316
               4 N     -2.140520457755   -0.401129800546    0.029706470662
               5 C     -0.991825408616   -0.551085039069    0.945281642777
               6 N      0.900404149626   -0.867301863627   -0.790535494850
               7 H      2.322343815908   -0.723225650026    0.821466363192
               8 H      2.885157476087    0.005254168269   -0.731319982802
               9 H      1.067694679789    1.386962623087    1.219107063808
              10 H      1.179902835659    1.750452911369   -0.557650123679
              11 H     -1.538815252783    1.472055415583   -0.888346424618
              12 H     -1.382538150242    0.027117407798   -1.956540967434
              13 H     -2.937585729137    0.085418540058    0.429290240132
              14 H     -0.796904025668   -1.588906129545    1.248928638439
              15 H     -1.039172487687    0.095511103807    1.832301780592
              16 H      0.782915958058   -1.867280275445   -0.625261126520
------------------------ !GEOMETRY! -------------------------
    Number of atoms:    17 
    Geometry Index:     15 
    Coordinates:
               0 C      2.016461065000   -0.220523985156   -0.095509746948
               1 C      1.086430722245    0.977720740702    0.189925632293
               2 C     -0.061912948491    0.023924622141   -0.162063484329
               3 C     -1.344580710178    0.405919785450   -0.914181214407
               4 N     -2.129997618248   -0.444652180108    0.010582395181
               5 C     -0.989325638483   -0.536622635551    0.947493689424
               6 N      0.897995523948   -0.871253573355   -0.803316729950
               7 H      2.316258922237   -0.736964830508    0.826836744256
               8 H      2.899464956935   -0.032693867469   -0.719220250632
               9 H      1.086303593881    1.400591130015    1.199483789262
              10 H      1.202851492122    1.762717504987   -0.560077858310
              11 H     -1.564544590940    1.481162676474   -0.838868222134
              12 H     -1.387262991041    0.088382475275   -1.962496038028
              13 H     -2.962206118643   -0.009600149183    0.395242025633
              14 H     -0.772580331674   -1.556806912132    1.292001429777
              15 H     -1.056859587875    0.133249221567    1.817146438230
              16 H      0.763504259204   -1.864450023150   -0.622878599318
------------------------ !GEOMETRY! -------------------------
    Number of atoms:    17 
    Geometry Index:     16 
    Coordinates:
               0 C      2.017416565539   -0.233573090850   -0.096618543279
               1 C      1.102352315627    0.978413091755    0.181831317863
               2 C     -0.061452029762    0.037438992066   -0.159504779253
               3 C     -1.350075409448    0.418134373493   -0.904504233306
               4 N     -2.112361381646   -0.486302907083   -0.010023812353
               5 C     -0.987833414961   -0.521139574620    0.951492194181
               6 N      0.890071944384   -0.871451566665   -0.808869771891
               7 H      2.309548134306   -0.750377836115    0.828334047971
               8 H      2.906017918089   -0.065138761754   -0.716049003057
               9 H      1.110764084543    1.409787592823    1.187307312276
              10 H      1.224293673806    1.766047610634   -0.566225533202
              11 H     -1.591109963876    1.485604439032   -0.785837850624
              12 H     -1.384578842512    0.145467139651   -1.964922662265
              13 H     -2.979096400583   -0.106835719760    0.355902945601
              14 H     -0.750145532675   -1.521440655460    1.336981103014
              15 H     -1.085656430013    0.176426036975    1.797177768632
              16 H      0.741844769181   -1.860959164121   -0.626370500309
------------------------ !GEOMETRY! -------------------------
    Number of atoms:    17 
    Geometry Index:     17 
    Coordinates:
               0 C      2.020813808368   -0.236668178831   -0.094713822170
               1 C      1.108012570455    0.980558649798    0.179369580809
               2 C     -0.062017847288    0.041527739862   -0.158741284652
               3 C     -1.355214488733    0.417941211714   -0.903444775236
               4 N     -2.113431332173   -0.492032652264   -0.009269766907
               5 C     -0.988218742673   -0.517567162215    0.952532541513
               6 N      0.891225464610   -0.871101317406   -0.813485715036
               7 H      2.309183175378   -0.751833909266    0.833101539596
               8 H      2.913226505012   -0.077764206349   -0.708762317038
               9 H      1.121153507637    1.409376763751    1.185019205814
              10 H      1.229594362821    1.776316753794   -0.562259147610
              11 H     -1.603079400256    1.483850296200   -0.782480089213
              12 H     -1.386911521113    0.147658699654   -1.963928192897
              13 H     -2.985442252064   -0.122550294957    0.352993287606
              14 H     -0.747409405528   -1.513718774781    1.346018768127
              15 H     -1.091421739131    0.186671196768    1.792548951490
              16 H      0.739937334677   -1.860564815471   -0.644398764192
------------------------ !GEOMETRY! -------------------------
    Number of atoms:    17 
    Geometry Index:     18 
    Coordinates:
               0 C      2.020966853217   -0.238759500090   -0.098690182287
               1 C      1.111138578228    0.979006996145    0.180572337774
               2 C     -0.062124146451    0.043899339683   -0.156313584013
               3 C     -1.354084069033    0.420681139895   -0.901964196733
               4 N     -2.107595447907   -0.501089659459   -0.016190343356
               5 C     -0.989768504686   -0.512362926626    0.954234958734
               6 N      0.887439030839   -0.872580525947   -0.809934549070
               7 H      2.315466579647   -0.753996319691    0.826947666939
               8 H      2.909266383503   -0.079210184299   -0.719252977218
               9 H      1.127412224715    1.404111910790    1.187999644762
              10 H      1.232668290981    1.776080437219   -0.559090700189
              11 H     -1.607155308766    1.484183903515   -0.770812456797
              12 H     -1.382420332502    0.160375894091   -1.965146627792
              13 H     -2.988218302566   -0.145410934462    0.339390535468
              14 H     -0.745150587220   -1.502946436655    1.359343424902
              15 H     -1.102283612328    0.199811317122    1.786358816015
              16 H      0.734442370330   -1.861694451232   -0.637351767140
------------------------ !GEOMETRY! -------------------------
    Number of atoms:    17 
    Geometry Index:     19 
    Coordinates:
               0 C      2.020932452971   -0.237690422030   -0.098569705583
               1 C      1.109895705034    0.979189225656    0.181277858512
               2 C     -0.061976686832    0.042674655714   -0.156424960082
               3 C     -1.353627917158    0.419354288017   -0.902861523712
               4 N     -2.109398020606   -0.497118749061   -0.013971075948
               5 C     -0.989824867397   -0.513549386550    0.953946673967
               6 N      0.888187586033   -0.872521108938   -0.809906795984
               7 H      2.315954419000   -0.752977144867    0.826882334173
               8 H      2.908898775897   -0.076684310312   -0.719255534240
               9 H      1.125790138538    1.402891515260    1.189258614033
              10 H      1.230856990391    1.776577152407   -0.558070635763
              11 H     -1.605206479223    1.483615126175   -0.775581211821
              12 H     -1.382272174431    0.154654487269   -1.965018801588
              13 H     -2.987832151294   -0.137257161244    0.342933330766
              14 H     -0.746863511022   -1.505924531689    1.355817095081
              15 H     -1.099847008552    0.196812012632    1.787868251266
              16 H      0.736332748650   -1.861945648439   -0.638223913077
------------------------ !GEOMETRY! -------------------------
    Number of atoms:    17 
    Geometry Index:     20 
    Coordinates:
               0 C      2.020883446938   -0.237862072923   -0.098560988167
               1 C      1.110061430613    0.979315256342    0.181367413997
               2 C     -0.061875929083    0.042867940191   -0.156444177075
               3 C     -1.353691197489    0.419266063096   -0.902874496962
               4 N     -2.109144526019   -0.497100722464   -0.013782922570
               5 C     -0.989672971960   -0.513152882848    0.954043610983
               6 N      0.888014853104   -0.872375034859   -0.809970586399
               7 H      2.315893866228   -0.753155115891    0.826941544968
               8 H      2.908776572904   -0.077011797286   -0.719293523582
               9 H      1.126141527003    1.402194461422    1.189637978991
              10 H      1.231179905767    1.777109610215   -0.557576884057
              11 H     -1.605620204121    1.483470425223   -0.775616577195
              12 H     -1.382219626025    0.154298991660   -1.964962975191
              13 H     -2.988274557020   -0.138384379158    0.342581996462
              14 H     -0.746602872983   -1.505328793311    1.356340754433
              15 H     -1.099936890154    0.197806786081    1.787446462799
              16 H      0.736087172298   -1.861858735489   -0.639176631437
