    49
     1   -4.424228   -2.899133    0.811885      1
     2    0.117295   -2.418600    3.089399      1
     3    4.722032   -2.902264    2.198197      1
     4   -0.701932   -2.989625   -1.736545      1
     5    3.491232   -2.144091    1.027614      1
     6   -4.119796   -1.167601   -0.205538      1
     7    1.345531   -0.987935    2.329276      1
     8   -5.631867   -0.994655   -1.549764      1
     9   -4.067972    0.483091    3.567294      1
    10   -1.514401   -1.144721   -1.515728      1
    11    1.870037    0.294288    3.835487      1
    12   -4.029692    1.124109    1.638311      1
    13    5.324574   -1.014276   -2.302641      1
    14   -1.650086   -0.295906   -3.361472      1
    15    0.118199    0.558973    0.198050      1
    16    4.625854   -0.177684   -0.587474      1
    17   -5.591905    2.397353    1.400739      1
    18    6.189890    0.773533    0.317468      1
    19   -1.632949    2.467676    1.192272      1
    20    2.452515    1.714572   -1.086166      1
    21    2.145529    2.043272   -3.066534      1
    22   -1.895821    3.762807   -0.128463      1
    23    2.851094    3.501529   -0.206125      1
    24   -4.307206   -2.255064    0.438883      2
    25    4.429179   -2.712230    1.921586      2
    26    0.568949   -1.893237    2.807493      2
    27   -1.000567   -2.318460   -1.652721      2
    28    2.216621   -1.436641    1.826565      2
    29   -5.068754   -1.053111   -1.052114      2
    30   -2.812397   -1.162017   -0.863964      2
    31    1.685386   -0.175024    3.280381      2
    32   -4.082378   -0.025316    0.709644      2
    33   -4.050191    0.712018    2.858331      2
    34    4.173666   -0.963269    0.089711      2
    35    0.708297   -0.211214    1.268428      2
    36   -0.689611   -0.304057   -0.669561      2
    37   -1.601318   -0.605669   -2.668924      2
    38    2.432319   -0.182920    0.389784      3
    39   -2.262055    0.354733    0.236271      3
    40    5.066793   -0.708085   -1.675343      2
    41   -3.060292    1.659784    1.431295      2
    42   -5.015607    1.931250    1.481201      2
    43    5.609219    0.421315   -0.011070      2
    44   -0.597461    1.326175    0.581572      2
    45    3.532254    0.773886   -0.845215      2
    46    1.281670    1.146503   -0.456913      2
    47    2.257305    1.916672   -2.333085      2
    48   -1.835456    3.440323    0.185264      2
    49    2.706073    2.842138   -0.525560      2
