    33
     1   -1.864247   -3.568333   -0.919040      1
     2    1.828204   -1.786714    1.996400      1
     3   -1.737796   -1.570036   -1.257985      1
     4    5.001139   -1.913819    0.093691      1
     5   -3.792091   -0.123229   -0.003743      1
     6   -1.528097   -1.238351   -3.256366      1
     7   -2.174289    0.765187    3.606043      1
     8    4.138077   -0.566859    1.072582      1
     9    0.255879   -0.246215    0.399968      1
    10   -1.937555    1.204380    1.638771      1
    11   -4.703078    1.015947   -1.159403      1
    12    2.612621    1.039140   -0.660693      1
    13    2.949262    0.729370   -2.639842      1
    14   -1.850784    3.224759    1.405277      1
    15    2.796321    3.012087   -0.230428      1
    16   -1.818038   -2.847298   -1.038697      2
    17    3.076018   -1.131469    1.490257      2
    18    4.788933   -1.596957    0.315987      2
    19   -2.604618   -0.964623   -0.774864      2
    20    0.807042   -0.782840    0.952423      2
    21   -0.696947   -0.954712   -0.465750      2
    22   -1.605805   -1.352439   -2.519013      2
    23   -1.764694   -0.166339    0.179054      3
    24    2.198871   -0.389239    0.671498      3
    25   -2.089073    0.920263    2.897955      2
    26   -2.721477    0.691228    0.954372      2
    27   -0.806580    0.517616    1.070217      2
    28   -4.474610    0.747358   -0.886107      2
    29    1.391743    0.437402   -0.173505      2
    30    3.259351    0.377101    0.018155      2
    31    2.827998    0.835378   -1.915192      2
    32   -1.883063    2.480964    1.482514      2
    33    2.727602    2.297831   -0.383588      2
