-------------------------------------------------------------
----------------------- !PROPERTIES! ------------------------
-------------------------------------------------------------
# -----------------------------------------------------------
$ PAL_Flags
   description: The PAL Flags
   geom. index: 1
   prop. index: 1
        Diskflag:     2
# -----------------------------------------------------------
$ SCF_Energy
   description: The SCF energy
   geom. index: 1
   prop. index: 1
        SCF Energy:     -341.9452967461
# -----------------------------------------------------------
$ DFT_Energy
   description: The DFT energy
   geom. index: 1
   prop. index: 1
   Number of Alpha Electrons                 27.0000362662 
   Number of Beta  Electrons                 27.0000362662 
   Total number of  Electrons                54.0000725325 
   Exchange energy                          -30.4347870662 
   Correlation energy                        -2.2631018889 
   Correlation energy NL                      0.0000000000 
   Exchange-Correlation energy              -32.6978889551 
   Embedding correction                       0.0000000000 
   Total DFT Energy (No VdW correction)    -341.9452967461 
# -----------------------------------------------------------
$ Mayer_Pop
   description: The Mayer population analysis
   geom. index: 1
   prop. index: 1
     Number of atoms                     : 15
     Threshold for printing              : 0.1000000
     Number of bond orders printed       : 20
  NA   - Mulliken gross atomic population
  ZA   - Total nuclear charge
  QA   - Mulliken gross atomic charge
  VA   - Mayer's total valence
  BVA  - Mayer's bonded valence
  FA   - Mayer's free valence
  ATOM       NA         ZA         QA         VA         BVA        FA
  0   0     6.2791     6.0000    -0.2791     3.7252     3.7252    -0.0000
  1   0     7.3785     7.0000    -0.3785     2.6073     2.6073    -0.0000
  2   0     6.2818     6.0000    -0.2818     3.7197     3.7197    -0.0000
  3   0     5.9237     6.0000     0.0763     3.9927     3.9927     0.0000
  4   0     6.1945     6.0000    -0.1945     3.5432     3.5432    -0.0000
  5   0     7.2537     7.0000    -0.2537     2.6581     2.6581     0.0000
  6   0     8.2396     8.0000    -0.2396     1.7272     1.7272     0.0000
  7   0     0.8690     1.0000     0.1310     0.9626     0.9626    -0.0000
  8   0     0.8027     1.0000     0.1973     0.8881     0.8881    -0.0000
  9   0     0.7142     1.0000     0.2858     0.8635     0.8635    -0.0000
 10   0     0.8120     1.0000     0.1880     0.8936     0.8936    -0.0000
 11   0     0.8666     1.0000     0.1334     0.9481     0.9481    -0.0000
 12   0     0.8214     1.0000     0.1786     0.8839     0.8839    -0.0000
 13   0     0.8550     1.0000     0.1450     0.9402     0.9402     0.0000
 14   0     0.7084     1.0000     0.2916     0.8502     0.8502     0.0000
      Bond orders larger than 0.1000000
           Atom A     A.N. of A          Atom B    A.N. of B              Bond order
                0             6               1            7                0.872248
                0             6               3            6                0.913737
                0             6               6            8               -0.126921
                0             6               7            1                0.928033
                0             6               8            1                0.988271
                1             7               2            6                0.887683
                1             7               9            1                0.885103
                2             6               3            6                0.892956
                2             6               6            8               -0.113717
                2             6              10            1                0.985243
                2             6              11            1                0.925802
                3             6               4            6                0.836637
                3             6               5            7                0.247834
                3             6               6            8                1.254950
                4             6               5            7                0.767791
                4             6               6            8               -0.125799
                4             6              12            1                0.973727
                4             6              13            1                0.964049
                5             7               6            8                0.821065
                5             7              14            1                0.885598
# -----------------------------------------------------------
$ VdW_Correction
   description: The Van der Waals Correction
   geom. index: 1
   prop. index: 1
        Van der Waals Correction:       -0.0226276771
# -----------------------------------------------------------
$ Hessian
   description: Details about the Hessian
   geom. index: 1
   prop. index: 1
Normal modes:
Number of Rows: 45 Number of Columns: 45
                  0          1          2          3          4          5    
      0       0.000000   0.000000   0.000000   0.000000   0.000000   0.000000
      1       0.000000   0.000000   0.000000   0.000000   0.000000   0.000000
      2       0.000000   0.000000   0.000000   0.000000   0.000000   0.000000
      3       0.000000   0.000000   0.000000   0.000000   0.000000   0.000000
      4       0.000000   0.000000   0.000000   0.000000   0.000000   0.000000
      5       0.000000   0.000000   0.000000   0.000000   0.000000   0.000000
      6       0.000000   0.000000   0.000000   0.000000   0.000000   0.000000
      7       0.000000   0.000000   0.000000   0.000000   0.000000   0.000000
      8       0.000000   0.000000   0.000000   0.000000   0.000000   0.000000
      9       0.000000   0.000000   0.000000   0.000000   0.000000   0.000000
     10       0.000000   0.000000   0.000000   0.000000   0.000000   0.000000
     11       0.000000   0.000000   0.000000   0.000000   0.000000   0.000000
     12       0.000000   0.000000   0.000000   0.000000   0.000000   0.000000
     13       0.000000   0.000000   0.000000   0.000000   0.000000   0.000000
     14       0.000000   0.000000   0.000000   0.000000   0.000000   0.000000
     15       0.000000   0.000000   0.000000   0.000000   0.000000   0.000000
     16       0.000000   0.000000   0.000000   0.000000   0.000000   0.000000
     17       0.000000   0.000000   0.000000   0.000000   0.000000   0.000000
     18       0.000000   0.000000   0.000000   0.000000   0.000000   0.000000
     19       0.000000   0.000000   0.000000   0.000000   0.000000   0.000000
     20       0.000000   0.000000   0.000000   0.000000   0.000000   0.000000
     21       0.000000   0.000000   0.000000   0.000000   0.000000   0.000000
     22       0.000000   0.000000   0.000000   0.000000   0.000000   0.000000
     23       0.000000   0.000000   0.000000   0.000000   0.000000   0.000000
     24       0.000000   0.000000   0.000000   0.000000   0.000000   0.000000
     25       0.000000   0.000000   0.000000   0.000000   0.000000   0.000000
     26       0.000000   0.000000   0.000000   0.000000   0.000000   0.000000
     27       0.000000   0.000000   0.000000   0.000000   0.000000   0.000000
     28       0.000000   0.000000   0.000000   0.000000   0.000000   0.000000
     29       0.000000   0.000000   0.000000   0.000000   0.000000   0.000000
     30       0.000000   0.000000   0.000000   0.000000   0.000000   0.000000
     31       0.000000   0.000000   0.000000   0.000000   0.000000   0.000000
     32       0.000000   0.000000   0.000000   0.000000   0.000000   0.000000
     33       0.000000   0.000000   0.000000   0.000000   0.000000   0.000000
     34       0.000000   0.000000   0.000000   0.000000   0.000000   0.000000
     35       0.000000   0.000000   0.000000   0.000000   0.000000   0.000000
     36       0.000000   0.000000   0.000000   0.000000   0.000000   0.000000
     37       0.000000   0.000000   0.000000   0.000000   0.000000   0.000000
     38       0.000000   0.000000   0.000000   0.000000   0.000000   0.000000
     39       0.000000   0.000000   0.000000   0.000000   0.000000   0.000000
     40       0.000000   0.000000   0.000000   0.000000   0.000000   0.000000
     41       0.000000   0.000000   0.000000   0.000000   0.000000   0.000000
     42       0.000000   0.000000   0.000000   0.000000   0.000000   0.000000
     43       0.000000   0.000000   0.000000   0.000000   0.000000   0.000000
     44       0.000000   0.000000   0.000000   0.000000   0.000000   0.000000
                  6          7          8          9         10         11    
      0       0.088082  -0.018947   0.017154   0.002112  -0.172907  -0.238482
      1       0.012575  -0.084816   0.112436  -0.096130   0.084178  -0.023793
      2      -0.004114   0.082773  -0.106697   0.061731   0.072687  -0.081088
      3      -0.007645   0.019529  -0.001074  -0.025323   0.009006  -0.310257
      4       0.064910   0.202338   0.006872   0.013969  -0.052662   0.007141
      5       0.061231  -0.195262   0.003750  -0.003553  -0.053825  -0.037320
      6      -0.092254  -0.015684  -0.019141  -0.035621   0.171130  -0.219644
      7      -0.009102  -0.086648  -0.114773  -0.075170   0.061041   0.077400
      8       0.006369   0.081031   0.109981   0.065908   0.124689   0.026004
      9       0.005273  -0.017241   0.000406   0.018835  -0.005267   0.022357
     10      -0.077855  -0.088187  -0.006491   0.109050   0.170843  -0.005027
     11      -0.074973   0.086809  -0.008931  -0.137497   0.138121   0.025077
     12      -0.001476  -0.111584  -0.006052   0.149130   0.022899   0.202236
     13      -0.061198   0.000308   0.137015   0.044281  -0.049054  -0.067509
     14      -0.068393  -0.012792   0.148263  -0.021467  -0.073431   0.067039
     15      -0.022250   0.017666   0.003785  -0.006004  -0.013462   0.277906
     16       0.236027   0.064729  -0.032776  -0.041370  -0.021992  -0.014008
     17       0.241636  -0.066459  -0.027113   0.048503  -0.014137   0.025765
     18       0.005134   0.099911   0.006081  -0.100036  -0.020316   0.242130
     19      -0.171607  -0.019951  -0.101786   0.087834  -0.121392   0.015720
     20      -0.170114   0.033632  -0.106066  -0.067704  -0.137613  -0.008777
     21       0.146613   0.096348   0.075648  -0.162495  -0.298046  -0.269628
     22       0.007152  -0.045636   0.075920  -0.043033   0.083232  -0.026612
     23      -0.031946   0.329983  -0.324245   0.383666   0.058502  -0.118997
     24       0.126942  -0.183731  -0.016783   0.150079  -0.293640  -0.315705
     25       0.041824  -0.308712   0.333618  -0.435814   0.086504   0.041590
     26       0.006519   0.013561  -0.059521   0.001001   0.059147  -0.072554
     27      -0.005686   0.318952   0.008426   0.140394   0.038129  -0.246154
     28       0.080954   0.305468  -0.070162   0.081260  -0.105520   0.029416
     29       0.075865  -0.271874  -0.078128  -0.039580  -0.123975  -0.062037
     30      -0.135148  -0.200361  -0.006499   0.049956   0.331652  -0.268154
     31      -0.002198  -0.039018  -0.071234  -0.018627   0.075126   0.065093
     32       0.032920   0.293474   0.347357   0.397549   0.246797  -0.043638
     33      -0.139131   0.123303  -0.059397  -0.190241   0.249399  -0.232739
     34      -0.041645  -0.321770  -0.346681  -0.388149  -0.044194   0.112452
     35      -0.004290   0.043222   0.058798  -0.008654   0.109446   0.029344
     36      -0.135867  -0.165111  -0.074226   0.205466   0.254516   0.232100
     37       0.016178   0.008430   0.074010   0.027904  -0.003916  -0.063000
     38      -0.330047  -0.025870   0.413735   0.021626  -0.334227   0.048063
     39       0.113331  -0.174514   0.056797   0.262264  -0.191189   0.228144
     40      -0.311203   0.005178   0.406947   0.059658  -0.322564  -0.066149
     41      -0.003201  -0.024433   0.107237  -0.004458  -0.062100   0.067428
     42       0.367343   0.030157  -0.027203  -0.034468   0.104633   0.261281
     43       0.366451   0.091839   0.045656  -0.082427   0.013874  -0.021320
     44       0.427096  -0.088830  -0.156483   0.072092   0.052304   0.011005
                 12         13         14         15         16         17    
      0      -0.140344   0.033859  -0.056801  -0.010632   0.049968   0.061022
      1       0.158850   0.084526   0.084304   0.074804  -0.005127   0.147053
      2       0.187804  -0.054432  -0.013522  -0.068147  -0.088317   0.117285
      3       0.268621  -0.045072   0.053964   0.052939   0.006422  -0.189808
      4       0.014558  -0.003222   0.007320  -0.003500   0.005456  -0.029945
      5       0.005142   0.001241   0.000962   0.007904   0.004478   0.020911
      6      -0.101596   0.049231  -0.053660  -0.014660  -0.052820   0.074673
      7      -0.182623  -0.015947  -0.072862   0.060731  -0.089420  -0.126651
      8      -0.163070   0.104720   0.067251  -0.068925   0.000206  -0.154430
      9      -0.120181  -0.033802   0.045720   0.005127   0.003327  -0.075182
     10      -0.012154  -0.014867  -0.030944   0.051472   0.065132   0.047547
     11       0.000142  -0.039695   0.001318  -0.046351   0.071112  -0.032249
     12       0.001255  -0.083632   0.116566  -0.046483  -0.005556   0.041167
     13      -0.075351  -0.102660   0.072407  -0.044121   0.084262  -0.053920
     14       0.059989   0.026231  -0.108286   0.041649   0.084423   0.069493
     15       0.115329   0.078084  -0.115258   0.012350   0.018744  -0.050656
     16      -0.025870  -0.017118   0.036713   0.017023  -0.016852   0.053382
     17       0.041216   0.034806  -0.050728  -0.019646   0.012414  -0.072309
     18       0.008227  -0.013873   0.017575   0.041403  -0.005894   0.048593
     19       0.111332   0.059955  -0.098635  -0.080323  -0.003368  -0.047007
     20      -0.114854  -0.075813   0.086645   0.084363  -0.018153   0.053138
     21      -0.224048  -0.140371  -0.281517  -0.253235   0.012953  -0.054117
     22       0.163197   0.150912   0.137030   0.148379   0.027165   0.151853
     23       0.143950   0.351144   0.286144   0.351822   0.129608   0.151423
     24      -0.376900   0.211861  -0.099544   0.164452   0.161756   0.283000
     25       0.237573  -0.357644  -0.206504  -0.366856  -0.235493   0.127452
     26       0.188492  -0.133662  -0.078777  -0.144803  -0.128111   0.132857
     27      -0.147027   0.061137  -0.037935  -0.383295   0.021411   0.579593
     28      -0.150652  -0.091685  -0.145914  -0.167398  -0.047423   0.263896
     29       0.124622  -0.158838  -0.084789   0.122174  -0.055587  -0.206016
     30      -0.319303   0.094460  -0.224262   0.107044  -0.164108   0.270424
     31      -0.201090  -0.076873  -0.148524   0.126647  -0.134965  -0.129541
     32      -0.272293  -0.250031  -0.396545   0.345949  -0.276538  -0.148186
     33      -0.171354   0.270607   0.056749  -0.204756  -0.055137  -0.044166
     34      -0.133507   0.354930   0.338298  -0.333841   0.159662  -0.140426
     35      -0.168431   0.198930   0.157726  -0.166888   0.046676  -0.164772
     36      -0.018795  -0.358969   0.130181  -0.113290   0.327228   0.152917
     37      -0.082211  -0.138776   0.028718  -0.033944   0.177708  -0.048560
     38       0.074469   0.240595   0.086582   0.019495  -0.403436   0.023967
     39       0.037904   0.006710   0.381200  -0.126066  -0.381353   0.073111
     40      -0.056153   0.124111   0.268128  -0.048093  -0.417681  -0.090281
     41       0.067008   0.003031  -0.105809   0.030440   0.113718   0.080811
     42       0.053612   0.025267   0.030358   0.038918  -0.118356   0.097832
     43      -0.061077  -0.050679   0.052034   0.059495   0.029310   0.118872
     44       0.009729   0.012472   0.086150  -0.044703  -0.176337  -0.000458
                 18         19         20         21         22         23    
      0       0.040901  -0.007330   0.006103   0.176903  -0.018270   0.016160
      1       0.018364  -0.068159   0.030702   0.107155   0.001099   0.069380
      2       0.026665  -0.070067   0.004983   0.146133  -0.026179  -0.038049
      3      -0.061527   0.051629  -0.079887   0.004874  -0.003321  -0.012835
      4       0.015995   0.021427   0.028565  -0.215127   0.040087  -0.046096
      5      -0.019432   0.021604   0.030939  -0.222503   0.041773   0.057983
      6       0.039011  -0.018996   0.043390  -0.188160   0.020584   0.022048
      7      -0.031409  -0.005429  -0.078358   0.115293  -0.023725   0.079867
      8      -0.018655   0.014156  -0.087558   0.079107   0.001371  -0.026536
      9      -0.043594  -0.027145   0.041132   0.004446   0.001161   0.040410
     10      -0.026783   0.052622   0.021972   0.019334  -0.012593  -0.137926
     11       0.032605   0.039640   0.048050   0.023249  -0.012129  -0.015962
     12       0.051303   0.025644  -0.060606  -0.009440  -0.000595  -0.032831
     13      -0.013568  -0.098484   0.112968   0.017172  -0.000216   0.084301
     14       0.027515   0.063912  -0.157561  -0.018363  -0.001218   0.032343
     15      -0.048962  -0.068512   0.088358   0.006412  -0.001790  -0.233399
     16       0.020807   0.045580  -0.082603  -0.012660  -0.001917  -0.164053
     17      -0.031324  -0.084039   0.091359   0.005772   0.000027   0.060196
     18       0.005204   0.001774  -0.016755  -0.002323   0.001117   0.203268
     19       0.032845   0.034269  -0.023816   0.006349   0.004363   0.124298
     20      -0.032350  -0.022546   0.021374   0.006846   0.002784  -0.093520
     21       0.433511  -0.019305   0.051433   0.399880   0.430904  -0.274808
     22       0.034709  -0.077557   0.049571   0.098121   0.027421   0.115381
     23       0.147636  -0.106991   0.107381   0.125235   0.142759   0.208947
     24      -0.068369   0.085913  -0.001062   0.024183  -0.497085  -0.315663
     25      -0.095641  -0.049183  -0.024360   0.031372  -0.113194  -0.124849
     26      -0.011345  -0.054749  -0.007185   0.098819  -0.112734  -0.124554
     27      -0.648974   0.077364  -0.148526   0.012996   0.009682   0.299116
     28      -0.190253   0.050053   0.040800  -0.335594  -0.124315   0.041454
     29       0.132611   0.044294   0.070671  -0.348567  -0.128704  -0.063496
     30      -0.089806  -0.033996  -0.087019  -0.034773   0.512101  -0.180287
     31      -0.009636  -0.012807  -0.062609   0.085107  -0.068311   0.135417
     32       0.068113  -0.031863  -0.046375   0.027581  -0.075198   0.182705
     33       0.438122  -0.080256   0.093356  -0.396824  -0.445945   0.052477
     34      -0.103519   0.060544  -0.149139   0.052723   0.104811  -0.161234
     35      -0.004597   0.023345  -0.103173   0.045824  -0.003602  -0.073710
     36       0.179593   0.352122   0.102750   0.143148   0.002070  -0.081111
     37      -0.014513  -0.202467   0.019489  -0.022655   0.000955   0.144575
     38       0.001401   0.363687   0.136035   0.091855  -0.003332  -0.189326
     39       0.150199  -0.338265  -0.502767  -0.248803  -0.004677  -0.040765
     40      -0.048165   0.139920   0.408353   0.111706  -0.004168  -0.235673
     41       0.048948  -0.046463  -0.295315  -0.077200  -0.000234   0.094753
     42       0.014407   0.494457   0.282362   0.173883   0.011916   0.190815
     43       0.030567   0.039783  -0.193239  -0.041861  -0.000629  -0.107121
     44       0.024165   0.466495   0.388113   0.197347   0.010666   0.381229
                 24         25         26         27         28         29    
      0       0.031094  -0.020343  -0.005790  -0.026126   0.054979  -0.154389
      1       0.027016  -0.038017   0.016984   0.010761   0.013476   0.035634
      2      -0.069833  -0.036223  -0.001204  -0.039979   0.014240   0.012905
      3      -0.014945   0.020233   0.014245   0.037659  -0.046967   0.001822
      4      -0.075866   0.013655   0.003016  -0.019419   0.049634  -0.006642
      5       0.057847  -0.037786   0.010800   0.024116  -0.049830  -0.008336
      6       0.029359  -0.014545  -0.018611  -0.051409   0.039748   0.148179
      7       0.038811  -0.037149   0.030209   0.034691  -0.010193   0.028842
      8      -0.054326  -0.022933   0.005713  -0.017104  -0.014289   0.044673
      9       0.040366  -0.070207  -0.038346  -0.103874   0.110078   0.000854
     10       0.001616   0.145427  -0.096021  -0.053661  -0.149685  -0.092041
     11       0.143305   0.142139  -0.047826   0.052823   0.156278  -0.067857
     12       0.005216  -0.054810  -0.039321  -0.087769   0.006220  -0.004718
     13      -0.053957  -0.037491  -0.006410   0.079821   0.007091   0.022513
     14      -0.029348  -0.088246  -0.028871  -0.011008   0.008094   0.015566
     15       0.028723  -0.084630   0.001978   0.087036   0.000634   0.007373
     16       0.066227  -0.045591   0.041340  -0.025160   0.030299   0.001075
     17      -0.007891   0.097365   0.061786  -0.051925  -0.039584  -0.006779
     18      -0.062596   0.139560   0.028931  -0.041931  -0.073603  -0.009815
     19       0.008111   0.010088   0.005143  -0.009171   0.047979   0.005336
     20      -0.033252  -0.042353  -0.007192   0.014839  -0.054905   0.003140
     21       0.150840   0.225815  -0.143465   0.114378  -0.574897   0.425651
     22       0.067852  -0.055101   0.015214   0.016585   0.018481   0.043955
     23       0.185778  -0.098108   0.005921   0.033233   0.009398   0.086210
     24      -0.342363   0.531332   0.004554   0.187245   0.230618   0.510726
     25      -0.197662  -0.044986  -0.015299  -0.118878   0.087075  -0.002816
     26      -0.172941   0.027507  -0.006684  -0.046849   0.065984   0.092620
     27       0.350618  -0.092155   0.061899   0.204476  -0.328274   0.004298
     28       0.094998   0.027879  -0.012856   0.036644  -0.052251  -0.058780
     29      -0.019525   0.056936  -0.031462  -0.019411   0.027545  -0.060685
     30      -0.545489   0.134171   0.231438   0.228151   0.298532  -0.454026
     31       0.102521  -0.060671   0.032976   0.049734  -0.049399   0.057759
     32       0.097958  -0.079837   0.092182   0.139766  -0.066052  -0.022604
     33      -0.100021  -0.335368   0.150808   0.184366  -0.503844  -0.463102
     34      -0.217994   0.020706   0.006583  -0.012839  -0.053163   0.042890
     35      -0.118376  -0.032657   0.015380  -0.002775  -0.062438   0.005312
     36       0.062987  -0.021461   0.756606   0.259371   0.053282   0.167537
     37      -0.110648  -0.104400  -0.149510   0.107389  -0.005011   0.019046
     38       0.164093   0.168028   0.196320  -0.199312   0.025535  -0.038391
     39       0.194701   0.454108  -0.161755   0.604182   0.146979  -0.084846
     40       0.108454   0.179239   0.099688  -0.071739  -0.073619  -0.052995
     41      -0.022532  -0.035330  -0.076918   0.135966   0.055788   0.014329
     42      -0.232682  -0.311316  -0.368500   0.358080  -0.024821   0.041800
     43      -0.003006  -0.069484  -0.016579  -0.095180  -0.084372   0.003801
     44      -0.159314  -0.099519  -0.229067   0.292201   0.100146   0.020415
                 30         31         32         33         34         35    
      0       0.098204   0.001949   0.076014  -0.009487  -0.006337   0.021632
      1      -0.031296  -0.028963   0.006759   0.052851  -0.014588  -0.050087
      2       0.031340   0.033884   0.007009   0.034943  -0.020755  -0.046088
      3      -0.032023  -0.004710   0.000176   0.000866  -0.000448   0.004388
      4       0.019215   0.061156   0.007504  -0.009890   0.001629  -0.000201
      5      -0.020220   0.063677  -0.005373  -0.010272   0.001865  -0.000490
      6       0.096628  -0.004024   0.074074   0.006120  -0.012411   0.015122
      7      -0.023802   0.035113  -0.002305   0.037461   0.016574   0.044255
      8       0.038874  -0.027341  -0.003831   0.058289   0.011980   0.050599
      9       0.009387   0.000246  -0.179238  -0.003959   0.029425  -0.052026
     10       0.094905   0.012924  -0.036614  -0.011270  -0.008178   0.009925
     11      -0.095496   0.011717   0.024083  -0.010086   0.018348  -0.018163
     12      -0.166672   0.000441   0.073397   0.000533  -0.019634   0.000173
     13       0.002342  -0.002314  -0.021393   0.001689  -0.027959  -0.025588
     14       0.005620  -0.001089   0.012685   0.001835  -0.014078   0.039572
     15       0.019522   0.000156   0.010813   0.000433  -0.017507   0.008167
     16      -0.020162   0.001553  -0.015752  -0.002679  -0.062182   0.023116
     17      -0.000620  -0.001601   0.016797  -0.000394   0.033427  -0.009845
     18       0.021373   0.000851   0.006560  -0.000763  -0.023595   0.015649
     19      -0.018326  -0.003029   0.000703   0.001581   0.030708  -0.013377
     20       0.023063  -0.002602   0.007159   0.001782   0.008269  -0.002312
     21      -0.263782  -0.065220  -0.230218   0.036807   0.001430  -0.046585
     22      -0.054618  -0.082225  -0.050102  -0.037008   0.022638   0.031148
     23      -0.108655  -0.227540  -0.265212  -0.440746   0.188974   0.403846
     24      -0.393248   0.094851  -0.110134  -0.044441   0.039142  -0.032221
     25       0.076715  -0.106223  -0.241539  -0.467795   0.186197   0.406733
     26      -0.008994   0.027833  -0.078383  -0.095799   0.034028   0.052075
     27      -0.203695   0.050678  -0.048606  -0.017106   0.003739  -0.014012
     28      -0.046325  -0.625069  -0.023342   0.207589  -0.018134  -0.003962
     29       0.016119  -0.647849  -0.005128   0.215478  -0.020096   0.007341
     30      -0.390323  -0.088822  -0.135642   0.084852   0.046748   0.001523
     31      -0.015779   0.023590   0.062702  -0.074573  -0.018603  -0.035140
     32      -0.102416  -0.117720   0.250947  -0.489039  -0.152257  -0.385468
     33      -0.270243   0.097217  -0.247318  -0.007864   0.026882  -0.013955
     34       0.090893  -0.223800   0.253553  -0.466081  -0.178639  -0.374211
     35       0.038827  -0.084541   0.040143  -0.058098  -0.029705  -0.043149
     36       0.370575  -0.026837  -0.011381   0.013575   0.107486   0.036231
     37      -0.084470  -0.002841   0.120233   0.007340  -0.021984   0.070181
     38       0.115615   0.011970  -0.455958  -0.018487  -0.083844  -0.329697
     39       0.396052   0.018877  -0.076242  -0.008354   0.059782   0.008698
     40      -0.177732   0.011669   0.504604   0.004110   0.163564   0.316846
     41       0.149667  -0.000024  -0.132492   0.000782  -0.042207  -0.028582
     42       0.141755  -0.014423   0.075489   0.017538   0.445497  -0.182621
     43       0.013120  -0.018101   0.115489   0.014020   0.625935  -0.261577
     44       0.057644   0.011974  -0.102276  -0.006779  -0.462866   0.195092
                 36         37         38         39         40         41    
      0       0.059496   0.004254   0.005276   0.003065  -0.002600   0.008939
      1      -0.034889  -0.034564  -0.043907  -0.020659  -0.016538   0.053961
      2      -0.042918  -0.019492  -0.022476  -0.011223   0.023680  -0.069418
      3       0.010693   0.000363  -0.002126  -0.001185  -0.001343   0.000819
      4       0.000918  -0.000430   0.000934   0.000627   0.003358  -0.002719
      5       0.000382  -0.000160  -0.001073  -0.000714  -0.004201   0.001252
      6       0.050168  -0.000053   0.000091   0.000574  -0.007533  -0.002455
      7       0.043407  -0.024119   0.014490   0.010957  -0.074789  -0.019413
      8       0.037298  -0.047006   0.032329   0.020445   0.052441   0.015320
      9      -0.211182   0.000666  -0.004920   0.000805   0.000683  -0.000252
     10      -0.031920   0.001120   0.000042   0.000894  -0.001205   0.000816
     11       0.023595   0.001162   0.000004  -0.000931   0.001484  -0.000559
     12       0.103685  -0.001332   0.008932  -0.016693   0.000205   0.000353
     13       0.095216  -0.001376   0.017696  -0.030624  -0.006946  -0.021409
     14      -0.090674   0.004710  -0.025419   0.046803  -0.004461  -0.018425
     15       0.026474   0.000144  -0.000857   0.001557  -0.000090  -0.000684
     16      -0.010746  -0.000003   0.000712  -0.001583   0.000369   0.001142
     17       0.009494   0.000121   0.000194  -0.000469  -0.000020   0.001230
     18       0.003209  -0.000042   0.000168   0.000052  -0.000366   0.000226
     19      -0.011047   0.000180  -0.000667   0.000720   0.000231  -0.000451
     20       0.016497  -0.000035   0.000713  -0.000647  -0.000458  -0.000219
     21      -0.141393   0.004684   0.007200   0.000736  -0.000990  -0.000778
     22       0.001791   0.492820   0.599304   0.285362   0.138375  -0.475035
     23       0.179480  -0.090941  -0.108180  -0.049901  -0.023807   0.081016
     24      -0.040843  -0.039414  -0.043758  -0.023084   0.031700  -0.097297
     25       0.169590  -0.082520  -0.091929  -0.043825   0.056802  -0.170584
     26      -0.012025   0.324031   0.360466   0.179247  -0.250388   0.752458
     27      -0.009912  -0.002711   0.019466   0.009891   0.019849  -0.011050
     28      -0.012919  -0.001246  -0.019180  -0.010145  -0.039984   0.025900
     29       0.000837  -0.006909   0.018840   0.010479   0.043981  -0.018564
     30      -0.030110   0.025362  -0.014721  -0.012358   0.051160   0.014280
     31       0.016048   0.427106  -0.249826  -0.186186   0.789536   0.210202
     32      -0.157525  -0.089020   0.052420   0.036499  -0.142357  -0.037805
     33      -0.123470  -0.047031   0.032490   0.017339   0.030453   0.010481
     34      -0.180552  -0.144802   0.093718   0.058793   0.102205   0.031068
     35      -0.019981   0.641643  -0.421495  -0.274528  -0.484606  -0.147630
     36      -0.193718   0.003796  -0.021419   0.045401   0.008109   0.020651
     37      -0.049710   0.026002  -0.275094   0.488459   0.077037   0.225653
     38       0.572799   0.007547  -0.078926   0.136183   0.019570   0.059270
     39      -0.132163   0.008985  -0.062740   0.121863  -0.004840  -0.029975
     40      -0.586446  -0.013910   0.078429  -0.140090   0.007397   0.031494
     41       0.000529  -0.064049   0.370573  -0.683163   0.033946   0.163410
     42       0.078399  -0.002167   0.010506  -0.019845   0.000454   0.009760
     43       0.098382   0.002017  -0.008537   0.019365  -0.001470  -0.015908
     44      -0.096925   0.001202  -0.007387   0.015416  -0.001974  -0.012341
                 42         43         44    
      0      -0.002741   0.000015   0.002228
      1      -0.016169   0.000100   0.006122
      2       0.018827  -0.000065  -0.002515
      3      -0.000195   0.000060  -0.033443
      4       0.000771   0.000054   0.044484
      5       0.000186   0.000055  -0.045483
      6       0.001863   0.000118   0.002494
      7       0.012665   0.000188   0.002843
      8      -0.009943  -0.000196  -0.005794
      9       0.000436  -0.001368   0.000689
     10      -0.000966  -0.000205   0.000190
     11      -0.001145  -0.000754  -0.000132
     12       0.001641  -0.001683  -0.000013
     13      -0.070900  -0.004078   0.000061
     14      -0.060304  -0.009152  -0.000052
     15      -0.002418   0.037750   0.000012
     16       0.004057  -0.051794   0.000052
     17       0.003970  -0.033607  -0.000046
     18       0.000042   0.000341   0.000102
     19      -0.000307   0.001251  -0.000004
     20      -0.000515  -0.000788   0.000004
     21      -0.002661  -0.000200   0.002954
     22       0.148188  -0.000689  -0.045246
     23      -0.023559   0.000289   0.011306
     24       0.025291  -0.000376  -0.006473
     25       0.045654   0.000421  -0.006297
     26      -0.198108   0.000202   0.026839
     27       0.001670  -0.000098   0.407386
     28      -0.004703   0.000162  -0.636883
     29       0.001850  -0.000149   0.645944
     30      -0.008502  -0.000315  -0.004659
     31      -0.129931  -0.002205  -0.026964
     32       0.023885   0.000406   0.004779
     33      -0.004370   0.000009   0.000338
     34      -0.018968  -0.000547  -0.012736
     35       0.096721   0.003238   0.044595
     36       0.074585   0.007820  -0.000487
     37       0.743560   0.037854  -0.000430
     38       0.193541   0.012756  -0.000003
     39      -0.098909  -0.015109  -0.000441
     40       0.102016   0.016293  -0.000071
     41       0.526257   0.066973   0.000365
     42       0.034251  -0.487803   0.000005
     43      -0.049944   0.695426   0.000005
     44      -0.043815   0.516171  -0.000022
# -----------------------------------------------------------
$ THERMOCHEMISTRY_Energies
   description: The Thermochemistry energies
   geom. index: 1
   prop. index: 1
        Temperature (Kelvin)           :        298.1500000000
        Pressure (atm)                 :          1.0000000000
        Total Mass (AMU)               :        100.1210000000
        Spin Degeneracy                :          1.0000000000
        Electronic Energy (Hartree)    :       -341.9679244232
        Translational Energy (Hartree) :          0.0014162714
        Rotational Energy (Hartree)    :          0.0014162714
        Vibrational Energy (Hartree)   :          0.0026165359
        Number of frequencies          :     45      
        Scaling Factor for frequencies :          1.0000000000
        Vibrational frequencies        :     
                  0    
      0       0.000000
      1       0.000000
      2       0.000000
      3       0.000000
      4       0.000000
      5       0.000000
      6     -203.942245
      7      18.367165
      8     294.068906
      9     387.597465
     10     416.087725
     11     540.752229
     12     857.371414
     13     958.983435
     14     962.509668
     15     992.261039
     16     1031.553713
     17     1053.307097
     18     1081.768762
     19     1107.922883
     20     1110.245527
     21     1122.318833
     22     1199.456633
     23     1259.397420
     24     1272.681988
     25     1282.043463
     26     1306.121587
     27     1338.503835
     28     1350.885613
     29     1362.282457
     30     1411.682489
     31     1484.166702
     32     1504.200085
     33     1513.066824
     34     1522.960565
     35     1535.936486
     36     1561.085333
     37     2914.702622
     38     2921.152231
     39     2926.725933
     40     2998.377167
     41     3001.040337
     42     3008.275951
     43     3170.785827
     44     3213.429601
        Zero Point Energy (Hartree)    :          0.1298420613
        Inner Energy (Hartree)         :       -341.8326332831
        Enthalpy (Hartree)             :       -341.8316890740
        Electronic entropy             :          0.0000000000
        Rotational entropy             :          0.0127234152
        Vibrational entropy            :          0.0045956337
        Translational entropy          :          0.0127234152
        Entropy                        :          0.0361920037
        Gibbs Energy (Hartree)         :       -341.8678810777
        Is Linear                      :                 false
# -----------------------------------------------------------
$ PAL_Flags
   description: The PAL Flags
   geom. index: 2
   prop. index: 1
        Diskflag:     2
# -----------------------------------------------------------
$ SCF_Energy
   description: The SCF energy
   geom. index: 2
   prop. index: 1
        SCF Energy:     -341.9612826423
# -----------------------------------------------------------
$ DFT_Energy
   description: The DFT energy
   geom. index: 2
   prop. index: 1
   Number of Alpha Electrons                 27.0000442545 
   Number of Beta  Electrons                 27.0000442545 
   Total number of  Electrons                54.0000885090 
   Exchange energy                          -30.3894344921 
   Correlation energy                        -2.2568145054 
   Correlation energy NL                      0.0000000000 
   Exchange-Correlation energy              -32.6462489975 
   Embedding correction                       0.0000000000 
   Total DFT Energy (No VdW correction)    -341.9612826423 
# -----------------------------------------------------------
$ VdW_Correction
   description: The Van der Waals Correction
   geom. index: 2
   prop. index: 1
        Van der Waals Correction:       -0.0221221487
# -----------------------------------------------------------
$ PAL_Flags
   description: The PAL Flags
   geom. index: 3
   prop. index: 1
        Diskflag:     2
# -----------------------------------------------------------
$ SCF_Energy
   description: The SCF energy
   geom. index: 3
   prop. index: 1
        SCF Energy:     -341.9627032305
# -----------------------------------------------------------
$ DFT_Energy
   description: The DFT energy
   geom. index: 3
   prop. index: 1
   Number of Alpha Electrons                 27.0000511815 
   Number of Beta  Electrons                 27.0000511815 
   Total number of  Electrons                54.0001023630 
   Exchange energy                          -30.3728359652 
   Correlation energy                        -2.2550390681 
   Correlation energy NL                      0.0000000000 
   Exchange-Correlation energy              -32.6278750333 
   Embedding correction                       0.0000000000 
   Total DFT Energy (No VdW correction)    -341.9627032305 
# -----------------------------------------------------------
$ VdW_Correction
   description: The Van der Waals Correction
   geom. index: 3
   prop. index: 1
        Van der Waals Correction:       -0.0219855030
# -----------------------------------------------------------
$ PAL_Flags
   description: The PAL Flags
   geom. index: 4
   prop. index: 1
        Diskflag:     2
# -----------------------------------------------------------
$ SCF_Energy
   description: The SCF energy
   geom. index: 4
   prop. index: 1
        SCF Energy:     -341.9628069643
# -----------------------------------------------------------
$ DFT_Energy
   description: The DFT energy
   geom. index: 4
   prop. index: 1
   Number of Alpha Electrons                 27.0000501619 
   Number of Beta  Electrons                 27.0000501619 
   Total number of  Electrons                54.0001003238 
   Exchange energy                          -30.3702219938 
   Correlation energy                        -2.2547717281 
   Correlation energy NL                      0.0000000000 
   Exchange-Correlation energy              -32.6249937219 
   Embedding correction                       0.0000000000 
   Total DFT Energy (No VdW correction)    -341.9628069643 
# -----------------------------------------------------------
$ VdW_Correction
   description: The Van der Waals Correction
   geom. index: 4
   prop. index: 1
        Van der Waals Correction:       -0.0219673236
# -----------------------------------------------------------
$ PAL_Flags
   description: The PAL Flags
   geom. index: 5
   prop. index: 1
        Diskflag:     2
# -----------------------------------------------------------
$ SCF_Energy
   description: The SCF energy
   geom. index: 5
   prop. index: 1
        SCF Energy:     -341.9628140748
# -----------------------------------------------------------
$ DFT_Energy
   description: The DFT energy
   geom. index: 5
   prop. index: 1
   Number of Alpha Electrons                 27.0000487995 
   Number of Beta  Electrons                 27.0000487995 
   Total number of  Electrons                54.0000975990 
   Exchange energy                          -30.3703917865 
   Correlation energy                        -2.2547942425 
   Correlation energy NL                      0.0000000000 
   Exchange-Correlation energy              -32.6251860290 
   Embedding correction                       0.0000000000 
   Total DFT Energy (No VdW correction)    -341.9628140748 
# -----------------------------------------------------------
$ VdW_Correction
   description: The Van der Waals Correction
   geom. index: 5
   prop. index: 1
        Van der Waals Correction:       -0.0219693773
# -----------------------------------------------------------
$ PAL_Flags
   description: The PAL Flags
   geom. index: 6
   prop. index: 1
        Diskflag:     2
# -----------------------------------------------------------
$ SCF_Energy
   description: The SCF energy
   geom. index: 6
   prop. index: 1
        SCF Energy:     -341.9628131925
# -----------------------------------------------------------
$ DFT_Energy
   description: The DFT energy
   geom. index: 6
   prop. index: 1
   Number of Alpha Electrons                 27.0000484905 
   Number of Beta  Electrons                 27.0000484905 
   Total number of  Electrons                54.0000969811 
   Exchange energy                          -30.3707401045 
   Correlation energy                        -2.2548311149 
   Correlation energy NL                      0.0000000000 
   Exchange-Correlation energy              -32.6255712194 
   Embedding correction                       0.0000000000 
   Total DFT Energy (No VdW correction)    -341.9628131925 
# -----------------------------------------------------------
$ Mayer_Pop
   description: The Mayer population analysis
   geom. index: 6
   prop. index: 1
     Number of atoms                     : 15
     Threshold for printing              : 0.1000000
     Number of bond orders printed       : 20
  NA   - Mulliken gross atomic population
  ZA   - Total nuclear charge
  QA   - Mulliken gross atomic charge
  VA   - Mayer's total valence
  BVA  - Mayer's bonded valence
  FA   - Mayer's free valence
  ATOM       NA         ZA         QA         VA         BVA        FA
  0   0     6.2810     6.0000    -0.2810     3.7589     3.7589    -0.0000
  1   0     7.3788     7.0000    -0.3788     2.6253     2.6253    -0.0000
  2   0     6.2820     6.0000    -0.2820     3.7578     3.7578    -0.0000
  3   0     5.9390     6.0000     0.0610     4.0290     4.0290     0.0000
  4   0     6.1861     6.0000    -0.1861     3.5201     3.5201    -0.0000
  5   0     7.2650     7.0000    -0.2650     2.6885     2.6885     0.0000
  6   0     8.2473     8.0000    -0.2473     1.7435     1.7435    -0.0000
  7   0     0.8698     1.0000     0.1302     0.9608     0.9608    -0.0000
  8   0     0.8041     1.0000     0.1959     0.8860     0.8860    -0.0000
  9   0     0.6997     1.0000     0.3003     0.8554     0.8554     0.0000
 10   0     0.8138     1.0000     0.1862     0.8919     0.8919     0.0000
 11   0     0.8670     1.0000     0.1330     0.9452     0.9452    -0.0000
 12   0     0.8164     1.0000     0.1836     0.8797     0.8797     0.0000
 13   0     0.8600     1.0000     0.1400     0.9438     0.9438    -0.0000
 14   0     0.6901     1.0000     0.3099     0.8352     0.8352    -0.0000
      Bond orders larger than 0.1000000
           Atom A     A.N. of A          Atom B    A.N. of B              Bond order
                0             6               1            7                0.885075
                0             6               3            6                0.931306
                0             6               6            8               -0.114224
                0             6               7            1                0.926037
                0             6               8            1                0.984645
                1             7               2            6                0.895639
                1             7               9            1                0.876186
                2             6               3            6                0.915477
                2             6               6            8               -0.102367
                2             6              10            1                0.981457
                2             6              11            1                0.924817
                3             6               4            6                0.819531
                3             6               5            7                0.225847
                3             6               6            8                1.268256
                4             6               5            7                0.807967
                4             6               6            8               -0.166538
                4             6              12            1                0.974833
                4             6              13            1                0.962906
                5             7               6            8                0.843482
                5             7              14            1                0.869457
# -----------------------------------------------------------
$ VdW_Correction
   description: The Van der Waals Correction
   geom. index: 6
   prop. index: 1
        Van der Waals Correction:       -0.0219708950
# -----------------------------------------------------------
$ SCF_Electric_Properties
   description: The SCF Calculated Electric Properties
   geom. index: 6
   prop. index: 1
       Filename                          : file.scfp 
       Do Dipole Moment Calculation      : true 
       Do Quadrupole Moment Calculation  : false 
       Do Polarizability Calculation     : false 
** Dipole moment part of electric properties **
        Magnitude of dipole moment (Debye) :        3.8771419685
        Electronic Contribution:
                  0    
      0       1.677451
      1      -1.590850
      2       1.981495
        Nuclear Contribution:
                  0    
      0      -1.579997
      1       2.237804
      2      -3.359413
        Total Dipole moment:
                  0    
      0       0.097454
      1       0.646954
      2      -1.377918
# -------------------------------------------------------------
----------------------- !GEOMETRIES! ------------------------
# -------------------------------------------------------------
------------------------ !GEOMETRY! -------------------------
    Number of atoms:    15 
    Geometry Index:     1 
    Coordinates:
               0 C     -0.997100000000    0.617500000000    0.857400000000
               1 N     -1.979900000000   -0.094200000000    0.022900000000
               2 C     -0.881500000000   -0.821800000000   -0.635000000000
               3 C      0.142900000000   -0.116500000000    0.208900000000
               4 C      1.338500000000    0.552100000000   -0.344600000000
               5 N      2.098500000000   -0.311800000000    0.556000000000
               6 O      0.950600000000   -0.904900000000    1.030700000000
               7 H     -0.985600000000    1.713100000000    0.656400000000
               8 H     -1.122900000000    0.358600000000    1.931200000000
               9 H     -2.385600000000    0.585400000000   -0.663900000000
              10 H     -0.940500000000   -1.911400000000   -0.422600000000
              11 H     -0.801700000000   -0.577800000000   -1.718900000000
              12 H      1.430100000000    1.619200000000   -0.050300000000
              13 H      1.527300000000    0.325500000000   -1.418000000000
              14 H      2.607000000000   -1.032800000000   -0.010000000000
------------------------ !GEOMETRY! -------------------------
    Number of atoms:    15 
    Geometry Index:     2 
    Coordinates:
               0 C     -1.021931898379    0.632297876782    0.868318881484
               1 N     -2.013565237084   -0.079616909669    0.010645910980
               2 C     -0.913696843217   -0.832769743065   -0.657862394155
               3 C      0.135414718474   -0.122531156861    0.206815897684
               4 C      1.375108717257    0.555394015574   -0.352307346709
               5 N      2.164367852995   -0.308822953164    0.562814331865
               6 O      0.961276246599   -0.935445679117    1.045684143044
               7 H     -1.000757419938    1.718226438000    0.710464266785
               8 H     -1.140059065037    0.388745969983    1.929414501520
               9 H     -2.436091301499    0.569473840849   -0.643578583103
              10 H     -0.970321843843   -1.909427449766   -0.463069652293
              11 H     -0.828439969165   -0.628039413617   -1.733105116726
              12 H      1.477909554279    1.613308079158   -0.093616473406
              13 H      1.557820665553    0.364328168273   -1.415694591075
              14 H      2.653065823002   -1.024921083361    0.025276224104
------------------------ !GEOMETRY! -------------------------
    Number of atoms:    15 
    Geometry Index:     3 
    Coordinates:
               0 C     -1.026501324198    0.634891279673    0.868260243277
               1 N     -2.013045703382   -0.071701245545    0.003596895081
               2 C     -0.920469238083   -0.832711912053   -0.662939090601
               3 C      0.134572019163   -0.129969379307    0.211465632577
               4 C      1.381336387359    0.550404350308   -0.349827166069
               5 N      2.184845911213   -0.302254457866    0.567252480393
               6 O      0.967970522456   -0.944012462296    1.055350523578
               7 H     -0.987104337986    1.723413236068    0.734662249652
               8 H     -1.148700597912    0.403869939983    1.931354493958
               9 H     -2.478833169334    0.561824976940   -0.636695433873
              10 H     -0.982518950805   -1.911536083563   -0.484548091002
              11 H     -0.816043702759   -0.647465580529   -1.739934671011
              12 H      1.482299939822    1.613885840216   -0.114929442587
              13 H      1.561854716402    0.383470412061   -1.417291456494
              14 H      2.660437528043   -1.031908914089    0.034422833121
------------------------ !GEOMETRY! -------------------------
    Number of atoms:    15 
    Geometry Index:     4 
    Coordinates:
               0 C     -1.026208671512    0.636462142654    0.867436634365
               1 N     -2.009577196202   -0.067531373454    0.000005456523
               2 C     -0.920600768302   -0.831417732142   -0.664816412707
               3 C      0.134968310033   -0.130320215617    0.211536020161
               4 C      1.382783271305    0.549906375668   -0.349511255231
               5 N      2.189590257285   -0.300491855436    0.567629486665
               6 O      0.967809313394   -0.945711789172    1.056255390828
               7 H     -0.981142873420    1.725892347555    0.739841907242
               8 H     -1.151982438925    0.402258225233    1.929889485116
               9 H     -2.495902203083    0.556723400836   -0.632466744180
              10 H     -0.986692282720   -1.910131895138   -0.484011786664
              11 H     -0.809667855700   -0.651424020866   -1.742433283973
              12 H      1.482262037255    1.614604494383   -0.117367117616
              13 H      1.564014876644    0.384640415117   -1.417676198218
              14 H      2.660446223949   -1.033258519622    0.035888417690
------------------------ !GEOMETRY! -------------------------
    Number of atoms:    15 
    Geometry Index:     5 
    Coordinates:
               0 C     -1.025471894675    0.637155693075    0.867234404965
               1 N     -2.007253784865   -0.065668350439   -0.001559030116
               2 C     -0.919865071885   -0.830919735169   -0.665566811485
               3 C      0.135298188405   -0.130455826746    0.211700955723
               4 C      1.382574875894    0.549814560876   -0.349582630719
               5 N      2.190110921824   -0.299819007665    0.567630561645
               6 O      0.967582964704   -0.945691922563    1.056604669112
               7 H     -0.978759552640    1.726701069773    0.741225389177
               8 H     -1.152943238929    0.400713800202    1.928961167647
               9 H     -2.502461133559    0.554942295103   -0.631039043195
              10 H     -0.987894377496   -1.909198328151   -0.483130607209
              11 H     -0.806967332498   -0.652007825280   -1.743195413782
              12 H      1.481677450253    1.614471695575   -0.117500024519
              13 H      1.564086388493    0.383376533541   -1.417401779310
              14 H      2.660385596974   -1.033214652132    0.035818192067
------------------------ !GEOMETRY! -------------------------
    Number of atoms:    15 
    Geometry Index:     6 
    Coordinates:
               0 C     -1.025308700231    0.637330850006    0.867200892504
               1 N     -2.006691737128   -0.065212919970   -0.001977841273
               2 C     -0.919600994230   -0.830828135191   -0.665697339448
               3 C      0.135403804710   -0.130289939196    0.211652589141
               4 C      1.382538366572    0.549890026390   -0.349623920356
               5 N      2.189780403054   -0.299965287086    0.567589891993
               6 O      0.967442987614   -0.945492128246    1.056453113560
               7 H     -0.978500988260    1.726935506949    0.741571728506
               8 H     -1.153047834684    0.400185639029    1.928756091652
               9 H     -2.503650066597    0.554530219448   -0.630766060973
              10 H     -0.987905837450   -1.909004356939   -0.482639619585
              11 H     -0.806532524738   -0.652213579307   -1.743370248890
              12 H      1.481821114223    1.614480239514   -0.117322026879
              13 H      1.564059908280    0.382968983955   -1.417361500087
              14 H      2.660292098865   -1.033115119357    0.035734250135
