-------------------------------------------------------------
----------------------- !PROPERTIES! ------------------------
-------------------------------------------------------------
# -----------------------------------------------------------
$ PAL_Flags
   description: The PAL Flags
   geom. index: 1
   prop. index: 1
        Diskflag:     2
# -----------------------------------------------------------
$ SCF_Energy
   description: The SCF energy
   geom. index: 1
   prop. index: 1
        SCF Energy:     -250.7380675050
# -----------------------------------------------------------
$ DFT_Energy
   description: The DFT energy
   geom. index: 1
   prop. index: 1
   Number of Alpha Electrons                 22.9999875162 
   Number of Beta  Electrons                 22.9999875162 
   Total number of  Electrons                45.9999750323 
   Exchange energy                          -23.7151957692 
   Correlation energy                        -1.8693935361 
   Correlation energy NL                      0.0000000000 
   Exchange-Correlation energy              -25.5845893053 
   Embedding correction                       0.0000000000 
   Total DFT Energy (No VdW correction)    -250.7380675050 
# -----------------------------------------------------------
$ Mayer_Pop
   description: The Mayer population analysis
   geom. index: 1
   prop. index: 1
     Number of atoms                     : 15
     Threshold for printing              : 0.1000000
     Number of bond orders printed       : 20
  NA   - Mulliken gross atomic population
  ZA   - Total nuclear charge
  QA   - Mulliken gross atomic charge
  VA   - Mayer's total valence
  BVA  - Mayer's bonded valence
  FA   - Mayer's free valence
  ATOM       NA         ZA         QA         VA         BVA        FA
  0   0     6.3039     6.0000    -0.3039     3.7157     3.7157    -0.0000
  1   0     6.3968     6.0000    -0.3968     3.6906     3.6906     0.0000
  2   0     5.8388     6.0000     0.1612     3.6189     3.6189     0.0000
  3   0     6.4417     6.0000    -0.4417     3.7828     3.7828    -0.0000
  4   0     6.1782     6.0000    -0.1782     3.6083     3.6083    -0.0000
  5   0     7.3993     7.0000    -0.3993     2.6903     2.6903     0.0000
  6   0     0.8494     1.0000     0.1506     0.9555     0.9555    -0.0000
  7   0     0.8496     1.0000     0.1504     0.9621     0.9621    -0.0000
  8   0     0.8541     1.0000     0.1459     0.9673     0.9673     0.0000
  9   0     0.8064     1.0000     0.1936     0.9292     0.9292    -0.0000
 10   0     0.8453     1.0000     0.1547     0.9511     0.9511    -0.0000
 11   0     0.8426     1.0000     0.1574     0.9471     0.9471    -0.0000
 12   0     0.8307     1.0000     0.1693     0.9184     0.9184    -0.0000
 13   0     0.8470     1.0000     0.1530     0.9388     0.9388    -0.0000
 14   0     0.7164     1.0000     0.2836     0.8604     0.8604    -0.0000
      Bond orders larger than 0.1000000
           Atom A     A.N. of A          Atom B    A.N. of B              Bond order
                0             6               1            6                0.939854
                0             6               2            6               -0.144718
                0             6               3            6                0.956770
                0             6               6            1                0.970718
                0             6               7            1                0.973661
                1             6               2            6                0.932871
                1             6               3            6                0.128351
                1             6               5            7               -0.185029
                1             6               8            1                0.981215
                1             6               9            1                0.959750
                2             6               3            6                0.930838
                2             6               4            6                0.882468
                2             6               5            7                1.158187
                3             6               5            7               -0.121115
                3             6              10            1                0.980063
                3             6              11            1                0.961108
                4             6               5            7                0.961085
                4             6              12            1                0.969688
                4             6              13            1                1.005644
                5             7              14            1                0.870416
# -----------------------------------------------------------
$ VdW_Correction
   description: The Van der Waals Correction
   geom. index: 1
   prop. index: 1
        Van der Waals Correction:       -0.0219289665
# -----------------------------------------------------------
$ Hessian
   description: Details about the Hessian
   geom. index: 1
   prop. index: 1
Normal modes:
Number of Rows: 45 Number of Columns: 45
                  0          1          2          3          4          5    
      0       0.000000   0.000000   0.000000   0.000000   0.000000   0.000000
      1       0.000000   0.000000   0.000000   0.000000   0.000000   0.000000
      2       0.000000   0.000000   0.000000   0.000000   0.000000   0.000000
      3       0.000000   0.000000   0.000000   0.000000   0.000000   0.000000
      4       0.000000   0.000000   0.000000   0.000000   0.000000   0.000000
      5       0.000000   0.000000   0.000000   0.000000   0.000000   0.000000
      6       0.000000   0.000000   0.000000   0.000000   0.000000   0.000000
      7       0.000000   0.000000   0.000000   0.000000   0.000000   0.000000
      8       0.000000   0.000000   0.000000   0.000000   0.000000   0.000000
      9       0.000000   0.000000   0.000000   0.000000   0.000000   0.000000
     10       0.000000   0.000000   0.000000   0.000000   0.000000   0.000000
     11       0.000000   0.000000   0.000000   0.000000   0.000000   0.000000
     12       0.000000   0.000000   0.000000   0.000000   0.000000   0.000000
     13       0.000000   0.000000   0.000000   0.000000   0.000000   0.000000
     14       0.000000   0.000000   0.000000   0.000000   0.000000   0.000000
     15       0.000000   0.000000   0.000000   0.000000   0.000000   0.000000
     16       0.000000   0.000000   0.000000   0.000000   0.000000   0.000000
     17       0.000000   0.000000   0.000000   0.000000   0.000000   0.000000
     18       0.000000   0.000000   0.000000   0.000000   0.000000   0.000000
     19       0.000000   0.000000   0.000000   0.000000   0.000000   0.000000
     20       0.000000   0.000000   0.000000   0.000000   0.000000   0.000000
     21       0.000000   0.000000   0.000000   0.000000   0.000000   0.000000
     22       0.000000   0.000000   0.000000   0.000000   0.000000   0.000000
     23       0.000000   0.000000   0.000000   0.000000   0.000000   0.000000
     24       0.000000   0.000000   0.000000   0.000000   0.000000   0.000000
     25       0.000000   0.000000   0.000000   0.000000   0.000000   0.000000
     26       0.000000   0.000000   0.000000   0.000000   0.000000   0.000000
     27       0.000000   0.000000   0.000000   0.000000   0.000000   0.000000
     28       0.000000   0.000000   0.000000   0.000000   0.000000   0.000000
     29       0.000000   0.000000   0.000000   0.000000   0.000000   0.000000
     30       0.000000   0.000000   0.000000   0.000000   0.000000   0.000000
     31       0.000000   0.000000   0.000000   0.000000   0.000000   0.000000
     32       0.000000   0.000000   0.000000   0.000000   0.000000   0.000000
     33       0.000000   0.000000   0.000000   0.000000   0.000000   0.000000
     34       0.000000   0.000000   0.000000   0.000000   0.000000   0.000000
     35       0.000000   0.000000   0.000000   0.000000   0.000000   0.000000
     36       0.000000   0.000000   0.000000   0.000000   0.000000   0.000000
     37       0.000000   0.000000   0.000000   0.000000   0.000000   0.000000
     38       0.000000   0.000000   0.000000   0.000000   0.000000   0.000000
     39       0.000000   0.000000   0.000000   0.000000   0.000000   0.000000
     40       0.000000   0.000000   0.000000   0.000000   0.000000   0.000000
     41       0.000000   0.000000   0.000000   0.000000   0.000000   0.000000
     42       0.000000   0.000000   0.000000   0.000000   0.000000   0.000000
     43       0.000000   0.000000   0.000000   0.000000   0.000000   0.000000
     44       0.000000   0.000000   0.000000   0.000000   0.000000   0.000000
                  6          7          8          9         10         11    
      0      -0.032648   0.002157   0.033636   0.007599   0.246480  -0.107824
      1       0.047309   0.060779   0.012831  -0.042271  -0.027076   0.006614
      2      -0.202330   0.020034   0.015475  -0.010643  -0.008553   0.040244
      3      -0.023073  -0.107271  -0.024634   0.135148   0.144494   0.072102
      4      -0.022716  -0.046152  -0.052415   0.039052  -0.128134   0.146864
      5       0.115470   0.047587   0.083803   0.140451  -0.010677   0.089758
      6      -0.018623  -0.017476   0.011616   0.019355  -0.098144   0.121214
      7      -0.024887  -0.117778   0.004089   0.162556  -0.011296  -0.046085
      8       0.099286   0.019837  -0.239598  -0.006614   0.075312   0.188176
      9      -0.013427   0.089385   0.047212  -0.096467   0.191155   0.026800
     10      -0.026035  -0.043082  -0.027387   0.123664   0.061464  -0.181125
     11       0.109913  -0.110158   0.091856  -0.074209   0.040208   0.017290
     12      -0.041462   0.020954   0.093189  -0.002040  -0.276021   0.135003
     13       0.031728   0.226498   0.018383   0.005773   0.059983   0.005492
     14      -0.080211   0.034178   0.054402  -0.007259  -0.113623  -0.181949
     15       0.120556   0.017020  -0.146159  -0.070876  -0.216493  -0.242244
     16      -0.010218  -0.117681   0.042097  -0.228028   0.034467   0.051538
     17      -0.021052  -0.016688  -0.078430  -0.056023   0.040522  -0.077979
     18       0.234820  -0.037787   0.202948   0.027412   0.281969   0.145549
     19       0.055397   0.059338   0.038082  -0.194726  -0.014479   0.006154
     20      -0.398017   0.049411  -0.102924  -0.070629  -0.027962  -0.148317
     21      -0.313360   0.056764  -0.137759  -0.031680   0.222677  -0.359381
     22       0.121327   0.162547   0.077125  -0.012252  -0.016022   0.075149
     23      -0.367538   0.067542  -0.083818  -0.031174  -0.024885  -0.108935
     24       0.089631  -0.173259  -0.246077   0.129743   0.232189   0.198648
     25      -0.211709  -0.080504  -0.313070  -0.182881  -0.082626   0.414197
     26       0.177600   0.067383   0.202977   0.224859  -0.032723  -0.020093
     27      -0.124095  -0.167802   0.130261   0.298834   0.173326   0.070459
     28       0.116885  -0.011742   0.139280   0.189908  -0.126642  -0.053437
     29       0.251617   0.078003   0.285970   0.297749  -0.013040  -0.113475
     30       0.143529   0.176773  -0.056380  -0.184553   0.278942   0.099822
     31       0.090663  -0.174710   0.208521   0.037585   0.030713  -0.383287
     32       0.232801  -0.233267   0.314291  -0.162315   0.019631  -0.169375
     33      -0.144452   0.131301   0.157525  -0.137105   0.213066   0.101707
     34      -0.189135   0.111993  -0.313762   0.246196   0.035472   0.058327
     35       0.187971  -0.176376   0.200781  -0.120335   0.045089  -0.085021
     36      -0.067107   0.311541   0.215961  -0.106839  -0.342167   0.206853
     37       0.050276   0.378674   0.019759   0.082177   0.063528  -0.035198
     38      -0.131489  -0.073112   0.128072  -0.218932  -0.144585  -0.044656
     39      -0.096531  -0.245095   0.100540   0.122183  -0.354447   0.164244
     40       0.058200   0.415466   0.026839  -0.038469   0.096588   0.003843
     41      -0.137522   0.166011   0.136859   0.231727  -0.142750  -0.014077
     42       0.142235  -0.142954  -0.254676   0.109120  -0.175256  -0.208397
     43      -0.014247  -0.182199   0.062473  -0.399843   0.071439   0.011215
     44      -0.024864   0.149521  -0.063115   0.130334  -0.035328  -0.041753
                 12         13         14         15         16         17    
      0       0.059642   0.106327  -0.002155  -0.197378   0.050884   0.037470
      1      -0.019475  -0.005767  -0.003938   0.007180  -0.062587   0.217212
      2       0.057412  -0.060023   0.006129   0.012858  -0.014635   0.043075
      3      -0.039501  -0.076637   0.016392   0.111149  -0.003900   0.130902
      4      -0.063772  -0.124519   0.000004  -0.027504   0.140123  -0.090968
      5       0.000861   0.009141   0.085477  -0.003544   0.007537  -0.027407
      6      -0.025009  -0.027187  -0.001937  -0.111952   0.015618  -0.001357
      7       0.000444  -0.033358  -0.009004  -0.022104  -0.078941  -0.059169
      8      -0.000675   0.168104  -0.011822   0.012893  -0.025804  -0.011679
      9      -0.027131  -0.060057  -0.008442   0.105011  -0.016097  -0.159834
     10       0.067952   0.160349   0.031730   0.071956   0.064760  -0.067362
     11       0.035775   0.044320  -0.085805   0.032210   0.024783  -0.010406
     12       0.016760   0.152710  -0.008645  -0.035151  -0.010241  -0.003111
     13      -0.007749  -0.031610  -0.016444  -0.049965  -0.055754  -0.034396
     14       0.022700  -0.012780   0.003290   0.148730  -0.027198  -0.011420
     15       0.029132  -0.071965   0.000043   0.047490  -0.002646  -0.000119
     16       0.003575   0.043852  -0.008410   0.027367  -0.022836  -0.015363
     17      -0.029195  -0.171802   0.003198  -0.182318   0.028238   0.005937
     18       0.491956  -0.239708  -0.010401  -0.169759   0.048335   0.059931
     19       0.000486  -0.049134  -0.318511   0.008781  -0.090387   0.450068
     20      -0.259385   0.184802  -0.080750  -0.012699  -0.018807   0.095852
     21      -0.402353   0.433368   0.000180  -0.226596   0.026280   0.061614
     22       0.086049  -0.077327   0.274304  -0.064212  -0.297337   0.380149
     23      -0.220792   0.138075   0.043297  -0.008632  -0.062341   0.078695
     24      -0.197339   0.085711  -0.028012   0.450900   0.016462   0.287104
     25       0.215758  -0.098459   0.450897  -0.025692   0.042449  -0.113852
     26      -0.092573  -0.011492  -0.085911  -0.037785   0.047288  -0.035430
     27       0.000595  -0.410485   0.031006   0.325334  -0.075373   0.222946
     28      -0.262061  -0.117012  -0.328059  -0.074352   0.223548  -0.072414
     29      -0.196903   0.004593  -0.249380  -0.036855   0.080980  -0.000360
     30      -0.257013   0.087670   0.095444   0.339717  -0.221142  -0.357797
     31      -0.127100   0.166511   0.356444  -0.020329   0.064561  -0.034165
     32      -0.168404   0.065858   0.238742  -0.049243   0.010800   0.014167
     33       0.084619  -0.378046  -0.083334   0.318999   0.002795  -0.238726
     34       0.346136   0.142145  -0.399615   0.157317   0.097699  -0.049645
     35      -0.087028   0.087516   0.098308  -0.016240   0.011878  -0.012441
     36       0.028746   0.251542   0.121389   0.166438   0.456071   0.236264
     37      -0.013381  -0.061489   0.032653  -0.060880  -0.027673  -0.022333
     38       0.038120   0.103934  -0.010326   0.283130   0.215917   0.113736
     39       0.020872   0.155609  -0.136763  -0.249554  -0.533630  -0.259595
     40      -0.011535  -0.025233   0.065885   0.059870   0.234461   0.106832
     41       0.006556   0.043844   0.004612  -0.070575  -0.329806  -0.156999
     42       0.006704  -0.119505   0.066942  -0.086346  -0.115149  -0.058592
     43      -0.014736  -0.073432  -0.045106  -0.117257  -0.020580  -0.017874
     44       0.003022  -0.002413   0.029507   0.061735   0.072528   0.032834
                 18         19         20         21         22         23    
      0       0.210860   0.011523  -0.006704  -0.005082   0.035830   0.006821
      1      -0.011483  -0.004389  -0.016318  -0.015453  -0.021447  -0.011956
      2      -0.029311  -0.007252   0.014190   0.036875   0.068358  -0.060985
      3      -0.001346  -0.008881  -0.020106  -0.018343  -0.023275  -0.028278
      4       0.178496  -0.003351  -0.029203  -0.009127   0.037187  -0.038324
      5       0.076685   0.020178   0.006693  -0.082280  -0.093591   0.022579
      6      -0.072240  -0.011450   0.019441   0.030948  -0.042463   0.004311
      7       0.031215   0.021716   0.044695   0.027213  -0.011210   0.106431
      8       0.004804   0.000044   0.028811   0.070686   0.115218  -0.043973
      9      -0.047426   0.003345   0.016533   0.004732  -0.013630  -0.001412
     10      -0.222885  -0.022400  -0.010534  -0.007963  -0.001871  -0.050888
     11      -0.015281  -0.012078  -0.063219  -0.026595  -0.085232   0.061910
     12      -0.096310  -0.013724   0.022632   0.071091  -0.065982  -0.030248
     13       0.002340  -0.063718   0.040370  -0.052722   0.006435   0.002083
     14       0.213507   0.031107   0.003962   0.068655  -0.049728  -0.044004
     15       0.052008  -0.024066  -0.011839  -0.042040   0.024932  -0.025823
     16       0.035724   0.040431   0.005318   0.044023   0.016387   0.022739
     17      -0.222732  -0.014814  -0.010086  -0.022143  -0.034539   0.018318
     18       0.186248   0.026676   0.057383   0.076464   0.215778  -0.111319
     19      -0.035098   0.173931   0.201084  -0.055364  -0.019347   0.042210
     20      -0.004970   0.034957   0.030187  -0.036380  -0.060996   0.042194
     21       0.306104   0.010027  -0.065736  -0.091026  -0.131036   0.156944
     22       0.037536  -0.144203  -0.111150   0.143862   0.047328   0.122553
     23       0.024981  -0.027569  -0.034179   0.005032  -0.029210   0.048949
     24      -0.052883   0.236915   0.226498  -0.372645  -0.139883  -0.185515
     25       0.335114   0.018828  -0.048736  -0.213417  -0.234389   0.081879
     26       0.029244  -0.010628  -0.010920   0.028745   0.027016  -0.008842
     27      -0.149582  -0.263116  -0.315687   0.261108   0.272668   0.082259
     28       0.142971  -0.007275  -0.015090   0.124940   0.253892  -0.123233
     29       0.019461   0.000412   0.005474   0.073116   0.138768  -0.056365
     30      -0.039764  -0.203571  -0.342117   0.140488  -0.006757   0.207222
     31      -0.330617  -0.007657   0.176783   0.036950   0.175541  -0.238031
     32      -0.107815  -0.008269   0.099285   0.024270   0.093733  -0.107815
     33      -0.285699   0.244526   0.377119  -0.127009   0.070574   0.020635
     34      -0.144752  -0.060945  -0.218543  -0.083533  -0.300472   0.116983
     35      -0.036119  -0.020176  -0.011544   0.015128   0.025307  -0.017382
     36      -0.402402   0.217085  -0.220840  -0.177772   0.337606   0.317989
     37      -0.060793   0.209337  -0.117250   0.112504  -0.087949  -0.111424
     38       0.136902  -0.354261   0.154664  -0.405855   0.383528   0.393955
     39      -0.046765  -0.182408   0.055043  -0.375558   0.209693  -0.055067
     40      -0.061642   0.097502  -0.028150   0.175609  -0.105979   0.020228
     41      -0.010160   0.418197  -0.354257  -0.339752   0.406813  -0.073240
     42      -0.160949   0.476898   0.013973   0.256998   0.129909   0.507244
     43      -0.113208   0.018280  -0.258521  -0.161554  -0.064687  -0.314682
     44       0.059792  -0.208091   0.375397   0.140970   0.030893   0.292246
                 24         25         26         27         28         29    
      0       0.003947   0.000438   0.000767  -0.073377   0.021464   0.003842
      1      -0.019750   0.050742   0.017304  -0.079618  -0.141172   0.004841
      2       0.098115  -0.051295  -0.007993  -0.020698  -0.042988   0.008887
      3       0.062639   0.113556   0.018474   0.097074  -0.064761  -0.005024
      4      -0.008284  -0.021659   0.008281  -0.020822   0.026039  -0.002089
      5      -0.029636   0.016161  -0.059133  -0.008826   0.010366  -0.001081
      6       0.008570   0.001358   0.001017   0.050054  -0.019352   0.010639
      7       0.048437  -0.013260  -0.001143   0.060620   0.052483   0.003631
      8      -0.042554   0.043700   0.011273   0.033019   0.020456  -0.033893
      9      -0.069618  -0.102753  -0.014725   0.123647  -0.068905  -0.010365
     10       0.000857   0.006794  -0.014566  -0.003393   0.012354  -0.006237
     11      -0.021686  -0.001951   0.058501  -0.003692   0.003571   0.011698
     12      -0.004498  -0.005959  -0.000528  -0.053980   0.028196  -0.028093
     13      -0.001451  -0.011515   0.003848  -0.022770  -0.023015  -0.074586
     14      -0.003154   0.005116   0.006013  -0.002588  -0.000445  -0.053402
     15      -0.001700   0.010546  -0.002840   0.014093   0.019977   0.046157
     16      -0.019436  -0.000740  -0.005724  -0.006789  -0.027234   0.076786
     17       0.007166  -0.011513  -0.004446  -0.027878   0.015069   0.009325
     18       0.206339  -0.114855  -0.101152  -0.069484   0.082571   0.002665
     19       0.016074   0.048715  -0.625758   0.308110   0.472982  -0.072475
     20      -0.038598   0.032178  -0.123150   0.084258   0.096595  -0.012804
     21      -0.200176   0.089575   0.087442  -0.037367   0.139653  -0.007378
     22       0.041945  -0.279989   0.516724   0.350007   0.521359   0.032364
     23      -0.019573  -0.039874   0.110212   0.063778   0.112572   0.006030
     24       0.108396  -0.665775   0.088782  -0.434960   0.160717   0.066634
     25      -0.098300   0.115384  -0.133816   0.002341   0.035295  -0.027379
     26      -0.001621   0.039982  -0.012638   0.032187  -0.011438  -0.001454
     27      -0.639061  -0.093717  -0.230552  -0.372116   0.219590  -0.052493
     28       0.108723  -0.023598   0.128091   0.019047   0.002177   0.012564
     29       0.045804   0.002717   0.044727   0.004270   0.000716   0.008401
     30       0.629367   0.134433  -0.224315  -0.390472   0.203290   0.089932
     31      -0.033925   0.015309  -0.073050   0.058665   0.009507  -0.024547
     32      -0.019573   0.020033  -0.007869   0.026213   0.014167  -0.001239
     33      -0.114574   0.590330   0.352143  -0.340312   0.388467  -0.015228
     34      -0.044309  -0.047085   0.079321   0.050282  -0.012145   0.068624
     35      -0.000317  -0.037060  -0.009527   0.017236  -0.020815  -0.017087
     36       0.070881  -0.008263  -0.001878   0.078175   0.089488   0.080967
     37      -0.020958   0.002738  -0.003193  -0.029296   0.044277   0.091222
     38       0.084336  -0.021788   0.019850   0.106906  -0.096107  -0.330895
     39      -0.062390  -0.017392  -0.009540  -0.143925  -0.045108  -0.025500
     40       0.026750  -0.001109   0.006442   0.047474   0.017005  -0.026443
     41      -0.085069   0.044492  -0.010055   0.151174  -0.075260   0.348344
     42       0.012455  -0.140001   0.018905  -0.194294  -0.284680  -0.435434
     43       0.038037   0.047643   0.021247   0.073958   0.161530  -0.233937
     44      -0.077884  -0.020476  -0.052968  -0.065441  -0.122115   0.678913
                 30         31         32         33         34         35    
      0       0.016237   0.009115   0.066401   0.009306   0.063723   0.059027
      1       0.093263  -0.001780  -0.005361   0.004431  -0.005916  -0.006025
      2       0.014737  -0.001453  -0.003372   0.002948  -0.002971  -0.003039
      3      -0.094839   0.048026  -0.021796  -0.017788   0.001725   0.068513
      4      -0.064262  -0.015917  -0.032377  -0.074127   0.044685   0.072295
      5      -0.002283  -0.007924  -0.005342  -0.017143   0.009880   0.010740
      6       0.020005  -0.150630   0.051237   0.001297   0.029121  -0.316871
      7       0.251723   0.017309  -0.001665   0.022150  -0.009074   0.041947
      8       0.064685   0.002002  -0.005030   0.004621   0.007296  -0.007336
      9       0.045838   0.043349  -0.012688   0.004622  -0.007406   0.047053
     10      -0.079154   0.015451   0.047965  -0.069436  -0.039924  -0.082457
     11      -0.027476   0.001494   0.010680  -0.014903  -0.008478  -0.020017
     12      -0.000177   0.024394   0.002854   0.000271  -0.061767   0.210858
     13      -0.063374  -0.006238  -0.000826  -0.002414   0.005772  -0.017374
     14      -0.006247   0.012534  -0.009071   0.000662   0.035822  -0.094816
     15       0.034101   0.001621   0.003897   0.000482  -0.008305   0.018456
     16      -0.055257  -0.004967  -0.000213  -0.004652   0.003354  -0.013048
     17       0.002353   0.034564  -0.008316   0.000406  -0.012092   0.066171
     18      -0.016649  -0.052840  -0.417314  -0.056445  -0.330155  -0.184344
     19      -0.301129  -0.005736  -0.026000  -0.039717  -0.016716  -0.014257
     20      -0.075657   0.042779   0.337160   0.037203   0.278674   0.177066
     21      -0.006209  -0.057361  -0.436018  -0.067116  -0.345961  -0.201727
     22      -0.357987   0.024039   0.107259  -0.024871   0.083346   0.056135
     23      -0.059338  -0.039053  -0.292999  -0.047298  -0.241807  -0.160944
     24       0.070853  -0.069317   0.057451   0.043151  -0.019628  -0.078640
     25      -0.155801   0.243715   0.180990   0.466275  -0.285590  -0.203543
     26       0.009855  -0.085956  -0.092665  -0.218117   0.134087   0.133362
     27       0.094768  -0.062168   0.050714   0.048520  -0.014342  -0.070973
     28      -0.178348   0.197237   0.125429   0.342990  -0.208202  -0.124169
     29      -0.094697   0.190693   0.158484   0.400882  -0.243809  -0.208947
     30      -0.050440  -0.111420   0.002440   0.047676   0.037398  -0.025182
     31      -0.097492  -0.211938  -0.212816   0.309548   0.196437   0.142876
     32      -0.043264  -0.213994  -0.235733   0.342143   0.218696   0.196818
     33       0.033795  -0.074589   0.030840  -0.002072   0.013656  -0.032355
     34      -0.159581  -0.278778  -0.282996   0.410939   0.259546   0.195804
     35       0.002792   0.121514   0.138627  -0.202245  -0.128846  -0.136337
     36       0.301260   0.395153  -0.180504   0.023767   0.245816  -0.294930
     37       0.015662   0.247522  -0.114913   0.001533   0.186494  -0.309039
     38       0.039654  -0.266021   0.101367   0.008635  -0.115490   0.114883
     39      -0.250873   0.339858  -0.159163  -0.016247   0.206684  -0.222629
     40       0.086268  -0.244460   0.120897   0.006437  -0.199382   0.326099
     41      -0.100759  -0.374173   0.162010  -0.014367  -0.217242   0.279434
     42      -0.496227  -0.023064  -0.027445  -0.000618   0.019328   0.037145
     43       0.269552  -0.007746   0.012923   0.014198  -0.009421   0.011483
     44      -0.228605   0.064644  -0.016108  -0.028700  -0.011326   0.049115
                 36         37         38         39         40         41    
      0       0.052827  -0.001138  -0.018640  -0.035965   0.000308  -0.000232
      1      -0.006414   0.000185   0.000922   0.004394  -0.015801   0.002831
      2      -0.000876  -0.000021  -0.000725   0.001488   0.076384  -0.014246
      3      -0.002714   0.000022   0.005480  -0.006063  -0.000665   0.001479
      4      -0.014314   0.001668   0.040513  -0.047652   0.008642  -0.014567
      5      -0.003877   0.000703   0.009420  -0.009565  -0.035750   0.061798
      6       0.000504  -0.004971   0.000262   0.003680  -0.000280  -0.000152
      7      -0.000249   0.000877  -0.001527   0.000031   0.000310   0.000510
      8      -0.000391  -0.000954  -0.000134  -0.000463  -0.000879  -0.000058
      9       0.002706  -0.000476   0.005151   0.003451  -0.000687  -0.001430
     10       0.032887  -0.003638   0.045036   0.029967   0.010446   0.015157
     11       0.008053  -0.000371   0.011946   0.008679  -0.046668  -0.070696
     12       0.002519   0.051655   0.000818   0.001425   0.000026   0.000165
     13       0.000250   0.008158  -0.000440   0.000319   0.000046  -0.000073
     14      -0.001386  -0.030544  -0.000577  -0.000634  -0.000055  -0.000278
     15       0.000269   0.000720  -0.000069   0.000389   0.000154   0.000173
     16      -0.000194  -0.001062  -0.000491   0.000041  -0.000073   0.000364
     17      -0.000166  -0.000283  -0.000420  -0.000325   0.000608   0.000662
     18      -0.332333   0.008369   0.117041   0.207964  -0.310597   0.058639
     19       0.135848  -0.003403  -0.046367  -0.084930   0.124131  -0.020015
     20      -0.463038   0.011494   0.162907   0.290429  -0.419911   0.079513
     21      -0.287481   0.006052   0.094217   0.183213   0.304419  -0.056935
     22      -0.062624   0.001438   0.021590   0.039687   0.062829  -0.015098
     23       0.475388  -0.010221  -0.155504  -0.302928  -0.488147   0.089311
     24       0.016736   0.000236  -0.041160   0.045417   0.024026  -0.040568
     25       0.060495  -0.005870  -0.158026   0.175391   0.089097  -0.159717
     26       0.163298  -0.017705  -0.433615   0.476773   0.237190  -0.422150
     27       0.007519   0.000292  -0.018502   0.020690  -0.012648   0.020327
     28       0.113205  -0.009835  -0.312292   0.359580  -0.189252   0.331990
     29      -0.115484   0.011010   0.320801  -0.366329   0.187127  -0.326124
     30      -0.012047   0.003532  -0.017658  -0.011135  -0.012249  -0.021302
     31      -0.248879   0.026876  -0.327983  -0.207928  -0.249157  -0.378112
     32       0.264915  -0.030325   0.350979   0.220507   0.257563   0.389486
     33      -0.028647   0.003717  -0.040280  -0.027019   0.023748   0.039854
     34      -0.139181   0.011076  -0.187844  -0.123948   0.121182   0.190523
     35      -0.358086   0.030839  -0.485786  -0.316828   0.295858   0.461949
     36      -0.010119  -0.170865  -0.003891  -0.007727  -0.001907  -0.002209
     37       0.027368   0.541809   0.014297   0.015894   0.003355   0.006315
     38       0.013478   0.277643   0.006337   0.007489   0.002379   0.004164
     39      -0.020813  -0.406245  -0.004887  -0.015485  -0.002965   0.000485
     40      -0.030362  -0.647860  -0.006571  -0.020727  -0.003049   0.001289
     41       0.004337   0.086640   0.001431   0.002397   0.000924  -0.000545
     42      -0.001954   0.007604  -0.001350  -0.002487   0.001503   0.001329
     43       0.001928   0.014143   0.003093   0.000607  -0.001538  -0.008203
     44      -0.000649   0.016171   0.000818  -0.001087   0.001604  -0.005013
                 42         43         44    
      0       0.001705   0.000031  -0.000086
      1      -0.011719   0.000122  -0.000061
      2       0.056276   0.000113  -0.000113
      3       0.001539  -0.000461  -0.000305
      4      -0.014091   0.000087   0.000239
      5       0.063263   0.001089  -0.000359
      6       0.000402   0.000618  -0.001638
      7      -0.000383   0.000590   0.002582
      8       0.001393   0.000318  -0.001682
      9       0.000773   0.000546  -0.000194
     10      -0.009574   0.000426  -0.000522
     11       0.044551  -0.000775   0.000213
     12       0.000177   0.009776   0.003048
     13      -0.000269   0.099702   0.006472
     14       0.000188   0.022901  -0.001720
     15      -0.000330  -0.001771   0.017390
     16       0.000165  -0.004269   0.055691
     17      -0.000583  -0.002177   0.042992
     18      -0.241346  -0.000326   0.000088
     19       0.096778   0.000388  -0.001047
     20      -0.323371  -0.000390  -0.000195
     21       0.221758   0.000354   0.000173
     22       0.044419   0.000179  -0.000174
     23      -0.351112  -0.000466  -0.000232
     24      -0.040658  -0.002464   0.001567
     25      -0.165515  -0.003216   0.000715
     26      -0.434878  -0.006868   0.002189
     27       0.018928  -0.000595  -0.000948
     28       0.330274   0.000142  -0.005206
     29      -0.322741   0.000520   0.004536
     30       0.014295   0.000751   0.000169
     31       0.236784  -0.004826   0.001094
     32      -0.243241   0.004232  -0.003138
     33      -0.025895   0.000292   0.001778
     34      -0.118373  -0.000030  -0.004793
     35      -0.286119  -0.001294  -0.004378
     36       0.001557   0.216328   0.008318
     37      -0.000604  -0.660102  -0.024521
     38      -0.000571  -0.338233  -0.013498
     39       0.003812  -0.332690  -0.024623
     40       0.003486  -0.523529  -0.042697
     41      -0.001106   0.066395   0.002216
     42      -0.002629   0.017719  -0.237993
     43      -0.000150   0.047719  -0.801034
     44      -0.002826   0.024579  -0.541280
# -----------------------------------------------------------
$ THERMOCHEMISTRY_Energies
   description: The Thermochemistry energies
   geom. index: 1
   prop. index: 1
        Temperature (Kelvin)           :        298.1500000000
        Pressure (atm)                 :          1.0000000000
        Total Mass (AMU)               :         83.1340000000
        Spin Degeneracy                :          1.0000000000
        Electronic Energy (Hartree)    :       -250.7599964715
        Translational Energy (Hartree) :          0.0014162714
        Rotational Energy (Hartree)    :          0.0014162714
        Vibrational Energy (Hartree)   :          0.0024269778
        Number of frequencies          :     45      
        Scaling Factor for frequencies :          1.0000000000
        Vibrational frequencies        :     
                  0    
      0       0.000000
      1       0.000000
      2       0.000000
      3       0.000000
      4       0.000000
      5       0.000000
      6      98.933965
      7     325.540551
      8     410.372011
      9     449.605613
     10     580.461694
     11     844.610244
     12     870.766298
     13     881.222126
     14     921.729829
     15     995.151046
     16     1010.025141
     17     1022.510930
     18     1051.268533
     19     1094.944390
     20     1141.775667
     21     1171.159902
     22     1177.236451
     23     1212.792969
     24     1281.796957
     25     1290.152837
     26     1298.854671
     27     1311.974720
     28     1323.723590
     29     1354.049654
     30     1399.463635
     31     1475.365168
     32     1493.857860
     33     1501.026558
     34     1529.725061
     35     1588.513539
     36     2929.327547
     37     2932.261753
     38     2935.908713
     39     2945.454967
     40     2997.285334
     41     3016.534600
     42     3028.245703
     43     3052.986174
     44     3225.380511
        Zero Point Energy (Hartree)    :          0.1348037279
        Inner Energy (Hartree)         :       -250.6199332229
        Enthalpy (Hartree)             :       -250.6189890138
        Electronic entropy             :          0.0000000000
        Rotational entropy             :          0.0123365989
        Vibrational entropy            :          0.0038465831
        Translational entropy          :          0.0123365989
        Entropy                        :          0.0347928156
        Gibbs Energy (Hartree)         :       -250.6537818294
        Is Linear                      :                 false
# -----------------------------------------------------------
$ PAL_Flags
   description: The PAL Flags
   geom. index: 2
   prop. index: 1
        Diskflag:     2
# -----------------------------------------------------------
$ SCF_Energy
   description: The SCF energy
   geom. index: 2
   prop. index: 1
        SCF Energy:     -250.7502063073
# -----------------------------------------------------------
$ DFT_Energy
   description: The DFT energy
   geom. index: 2
   prop. index: 1
   Number of Alpha Electrons                 22.9999861034 
   Number of Beta  Electrons                 22.9999861034 
   Total number of  Electrons                45.9999722068 
   Exchange energy                          -23.7289176404 
   Correlation energy                        -1.8688882207 
   Correlation energy NL                      0.0000000000 
   Exchange-Correlation energy              -25.5978058611 
   Embedding correction                       0.0000000000 
   Total DFT Energy (No VdW correction)    -250.7502063073 
# -----------------------------------------------------------
$ VdW_Correction
   description: The Van der Waals Correction
   geom. index: 2
   prop. index: 1
        Van der Waals Correction:       -0.0216252570
# -----------------------------------------------------------
$ PAL_Flags
   description: The PAL Flags
   geom. index: 3
   prop. index: 1
        Diskflag:     2
# -----------------------------------------------------------
$ SCF_Energy
   description: The SCF energy
   geom. index: 3
   prop. index: 1
        SCF Energy:     -250.7544925136
# -----------------------------------------------------------
$ DFT_Energy
   description: The DFT energy
   geom. index: 3
   prop. index: 1
   Number of Alpha Electrons                 22.9999932353 
   Number of Beta  Electrons                 22.9999932353 
   Total number of  Electrons                45.9999864705 
   Exchange energy                          -23.7289167186 
   Correlation energy                        -1.8685047198 
   Correlation energy NL                      0.0000000000 
   Exchange-Correlation energy              -25.5974214385 
   Embedding correction                       0.0000000000 
   Total DFT Energy (No VdW correction)    -250.7544925136 
# -----------------------------------------------------------
$ VdW_Correction
   description: The Van der Waals Correction
   geom. index: 3
   prop. index: 1
        Van der Waals Correction:       -0.0214914994
# -----------------------------------------------------------
$ PAL_Flags
   description: The PAL Flags
   geom. index: 4
   prop. index: 1
        Diskflag:     2
# -----------------------------------------------------------
$ SCF_Energy
   description: The SCF energy
   geom. index: 4
   prop. index: 1
        SCF Energy:     -250.7565240668
# -----------------------------------------------------------
$ DFT_Energy
   description: The DFT energy
   geom. index: 4
   prop. index: 1
   Number of Alpha Electrons                 23.0000094055 
   Number of Beta  Electrons                 23.0000094055 
   Total number of  Electrons                46.0000188110 
   Exchange energy                          -23.7289928380 
   Correlation energy                        -1.8684097802 
   Correlation energy NL                      0.0000000000 
   Exchange-Correlation energy              -25.5974026182 
   Embedding correction                       0.0000000000 
   Total DFT Energy (No VdW correction)    -250.7565240668 
# -----------------------------------------------------------
$ VdW_Correction
   description: The Van der Waals Correction
   geom. index: 4
   prop. index: 1
        Van der Waals Correction:       -0.0214416467
# -----------------------------------------------------------
$ PAL_Flags
   description: The PAL Flags
   geom. index: 5
   prop. index: 1
        Diskflag:     2
# -----------------------------------------------------------
$ SCF_Energy
   description: The SCF energy
   geom. index: 5
   prop. index: 1
        SCF Energy:     -250.7576209476
# -----------------------------------------------------------
$ DFT_Energy
   description: The DFT energy
   geom. index: 5
   prop. index: 1
   Number of Alpha Electrons                 23.0000245224 
   Number of Beta  Electrons                 23.0000245224 
   Total number of  Electrons                46.0000490449 
   Exchange energy                          -23.7298757726 
   Correlation energy                        -1.8684146886 
   Correlation energy NL                      0.0000000000 
   Exchange-Correlation energy              -25.5982904612 
   Embedding correction                       0.0000000000 
   Total DFT Energy (No VdW correction)    -250.7576209476 
# -----------------------------------------------------------
$ VdW_Correction
   description: The Van der Waals Correction
   geom. index: 5
   prop. index: 1
        Van der Waals Correction:       -0.0214189927
# -----------------------------------------------------------
$ PAL_Flags
   description: The PAL Flags
   geom. index: 6
   prop. index: 1
        Diskflag:     2
# -----------------------------------------------------------
$ SCF_Energy
   description: The SCF energy
   geom. index: 6
   prop. index: 1
        SCF Energy:     -250.7580984220
# -----------------------------------------------------------
$ DFT_Energy
   description: The DFT energy
   geom. index: 6
   prop. index: 1
   Number of Alpha Electrons                 23.0000325088 
   Number of Beta  Electrons                 23.0000325088 
   Total number of  Electrons                46.0000650177 
   Exchange energy                          -23.7300538295 
   Correlation energy                        -1.8683863497 
   Correlation energy NL                      0.0000000000 
   Exchange-Correlation energy              -25.5984401792 
   Embedding correction                       0.0000000000 
   Total DFT Energy (No VdW correction)    -250.7580984220 
# -----------------------------------------------------------
$ VdW_Correction
   description: The Van der Waals Correction
   geom. index: 6
   prop. index: 1
        Van der Waals Correction:       -0.0214049494
# -----------------------------------------------------------
$ PAL_Flags
   description: The PAL Flags
   geom. index: 7
   prop. index: 1
        Diskflag:     2
# -----------------------------------------------------------
$ SCF_Energy
   description: The SCF energy
   geom. index: 7
   prop. index: 1
        SCF Energy:     -250.7581379999
# -----------------------------------------------------------
$ DFT_Energy
   description: The DFT energy
   geom. index: 7
   prop. index: 1
   Number of Alpha Electrons                 23.0000324252 
   Number of Beta  Electrons                 23.0000324252 
   Total number of  Electrons                46.0000648504 
   Exchange energy                          -23.7295478143 
   Correlation energy                        -1.8683393995 
   Correlation energy NL                      0.0000000000 
   Exchange-Correlation energy              -25.5978872138 
   Embedding correction                       0.0000000000 
   Total DFT Energy (No VdW correction)    -250.7581379999 
# -----------------------------------------------------------
$ VdW_Correction
   description: The Van der Waals Correction
   geom. index: 7
   prop. index: 1
        Van der Waals Correction:       -0.0213999634
# -----------------------------------------------------------
$ PAL_Flags
   description: The PAL Flags
   geom. index: 8
   prop. index: 1
        Diskflag:     2
# -----------------------------------------------------------
$ SCF_Energy
   description: The SCF energy
   geom. index: 8
   prop. index: 1
        SCF Energy:     -250.7581382217
# -----------------------------------------------------------
$ DFT_Energy
   description: The DFT energy
   geom. index: 8
   prop. index: 1
   Number of Alpha Electrons                 23.0000323271 
   Number of Beta  Electrons                 23.0000323271 
   Total number of  Electrons                46.0000646542 
   Exchange energy                          -23.7297534884 
   Correlation energy                        -1.8683644751 
   Correlation energy NL                      0.0000000000 
   Exchange-Correlation energy              -25.5981179636 
   Embedding correction                       0.0000000000 
   Total DFT Energy (No VdW correction)    -250.7581382217 
# -----------------------------------------------------------
$ VdW_Correction
   description: The Van der Waals Correction
   geom. index: 8
   prop. index: 1
        Van der Waals Correction:       -0.0214025340
# -----------------------------------------------------------
$ PAL_Flags
   description: The PAL Flags
   geom. index: 9
   prop. index: 1
        Diskflag:     2
# -----------------------------------------------------------
$ SCF_Energy
   description: The SCF energy
   geom. index: 9
   prop. index: 1
        SCF Energy:     -250.7581393749
# -----------------------------------------------------------
$ DFT_Energy
   description: The DFT energy
   geom. index: 9
   prop. index: 1
   Number of Alpha Electrons                 23.0000323404 
   Number of Beta  Electrons                 23.0000323404 
   Total number of  Electrons                46.0000646807 
   Exchange energy                          -23.7296553330 
   Correlation energy                        -1.8683551839 
   Correlation energy NL                      0.0000000000 
   Exchange-Correlation energy              -25.5980105169 
   Embedding correction                       0.0000000000 
   Total DFT Energy (No VdW correction)    -250.7581393749 
# -----------------------------------------------------------
$ Mayer_Pop
   description: The Mayer population analysis
   geom. index: 9
   prop. index: 1
     Number of atoms                     : 15
     Threshold for printing              : 0.1000000
     Number of bond orders printed       : 19
  NA   - Mulliken gross atomic population
  ZA   - Total nuclear charge
  QA   - Mulliken gross atomic charge
  VA   - Mayer's total valence
  BVA  - Mayer's bonded valence
  FA   - Mayer's free valence
  ATOM       NA         ZA         QA         VA         BVA        FA
  0   0     6.2337     6.0000    -0.2337     3.6498     3.6498     0.0000
  1   0     6.3988     6.0000    -0.3988     3.5770     3.5770     0.0000
  2   0     5.9311     6.0000     0.0689     3.8187     3.8187    -0.0000
  3   0     6.4437     6.0000    -0.4437     3.7600     3.7600     0.0000
  4   0     6.1910     6.0000    -0.1910     3.6898     3.6898     0.0000
  5   0     7.3632     7.0000    -0.3632     2.6934     2.6934     0.0000
  6   0     0.8473     1.0000     0.1527     0.9439     0.9439     0.0000
  7   0     0.8478     1.0000     0.1522     0.9510     0.9510     0.0000
  8   0     0.8507     1.0000     0.1493     0.9629     0.9629     0.0000
  9   0     0.8187     1.0000     0.1813     0.9306     0.9306     0.0000
 10   0     0.8440     1.0000     0.1560     0.9506     0.9506     0.0000
 11   0     0.8472     1.0000     0.1528     0.9481     0.9481     0.0000
 12   0     0.8316     1.0000     0.1684     0.9290     0.9290     0.0000
 13   0     0.8558     1.0000     0.1442     0.9444     0.9444     0.0000
 14   0     0.6955     1.0000     0.3045     0.8467     0.8467     0.0000
      Bond orders larger than 0.1000000
           Atom A     A.N. of A          Atom B    A.N. of B              Bond order
                0             6               1            6                0.912516
                0             6               2            6               -0.138385
                0             6               3            6                0.923872
                0             6               6            1                0.961776
                0             6               7            1                0.978474
                1             6               2            6                0.854212
                1             6               3            6                0.126648
                1             6               5            7               -0.256375
                1             6               8            1                0.971928
                1             6               9            1                0.977067
                2             6               3            6                0.895750
                2             6               4            6                0.984247
                2             6               5            7                1.317271
                3             6              10            1                0.970052
                3             6              11            1                0.966395
                4             6               5            7                0.831941
                4             6              12            1                0.959897
                4             6              13            1                0.997832
                5             7              14            1                0.847010
# -----------------------------------------------------------
$ VdW_Correction
   description: The Van der Waals Correction
   geom. index: 9
   prop. index: 1
        Van der Waals Correction:       -0.0214023526
# -----------------------------------------------------------
$ SCF_Electric_Properties
   description: The SCF Calculated Electric Properties
   geom. index: 9
   prop. index: 1
       Filename                          : file.scfp 
       Do Dipole Moment Calculation      : true 
       Do Quadrupole Moment Calculation  : false 
       Do Polarizability Calculation     : false 
** Dipole moment part of electric properties **
        Magnitude of dipole moment (Debye) :        1.8974794291
        Electronic Contribution:
                  0    
      0       1.755247
      1      -0.690650
      2       0.865454
        Nuclear Contribution:
                  0    
      0      -1.916629
      1       1.343030
      2      -1.190469
        Total Dipole moment:
                  0    
      0      -0.161383
      1       0.652380
      2      -0.325014
# -------------------------------------------------------------
----------------------- !GEOMETRIES! ------------------------
# -------------------------------------------------------------
------------------------ !GEOMETRY! -------------------------
    Number of atoms:    15 
    Geometry Index:     1 
    Coordinates:
               0 C     -1.651700000000    0.158300000000   -0.036400000000
               1 C     -0.718000000000   -1.037900000000   -0.314300000000
               2 C      0.422400000000   -0.075100000000   -0.152000000000
               3 C     -0.455400000000    1.118000000000    0.126800000000
               4 C      1.849100000000   -0.242900000000   -0.376200000000
               5 N      1.301400000000   -0.445500000000    0.981000000000
               6 H     -2.285200000000    0.415000000000   -0.913800000000
               7 H     -2.226900000000    0.034600000000    0.907400000000
               8 H     -0.802500000000   -1.414300000000   -1.356200000000
               9 H     -0.772200000000   -1.820000000000    0.474800000000
              10 H     -0.401100000000    1.874100000000   -0.685300000000
              11 H     -0.381600000000    1.530800000000    1.156600000000
              12 H      2.137500000000   -1.199000000000   -0.860100000000
              13 H      2.422800000000    0.702900000000   -0.491200000000
              14 H      1.561200000000    0.401000000000    1.539100000000
------------------------ !GEOMETRY! -------------------------
    Number of atoms:    15 
    Geometry Index:     2 
    Coordinates:
               0 C     -1.687758769317    0.161843624928   -0.032729232886
               1 C     -0.734085245733   -1.037465523685   -0.317248751425
               2 C      0.435119772852   -0.080395963729   -0.123132396303
               3 C     -0.471869001776    1.125814945550    0.116772809757
               4 C      1.881725244238   -0.244084779322   -0.360630760820
               5 N      1.339743334358   -0.455682529092    0.990830731543
               6 H     -2.329592787822    0.412973450361   -0.883874750886
               7 H     -2.270640679069    0.047362948883    0.887043900509
               8 H     -0.828442609862   -1.420930375853   -1.340787202408
               9 H     -0.768022492630   -1.826452651552    0.439305234408
              10 H     -0.428738329297    1.882003237548   -0.677070722792
              11 H     -0.377309080276    1.560283017934    1.117855776103
              12 H      2.200214725435   -1.162426593134   -0.853012359268
              13 H      2.461073971325    0.668623396108   -0.505674997708
              14 H      1.578381947573    0.368533795057    1.542552722174
------------------------ !GEOMETRY! -------------------------
    Number of atoms:    15 
    Geometry Index:     3 
    Coordinates:
               0 C     -1.697982250465    0.163287434033   -0.028761365570
               1 C     -0.742757893953   -1.035262714710   -0.315707548116
               2 C      0.439120032502   -0.093065358064   -0.083688833762
               3 C     -0.475255512641    1.122167063161    0.107640557211
               4 C      1.884265997076   -0.239403818984   -0.352364711779
               5 N      1.362588188347   -0.470196737756    1.002543150953
               6 H     -2.350675009722    0.413100238561   -0.869628859953
               7 H     -2.294225707513    0.058889222314    0.881036997577
               8 H     -0.835311141808   -1.420971586809   -1.336325689057
               9 H     -0.770871275587   -1.847310248952    0.414380558031
              10 H     -0.427489771565    1.874780185257   -0.686650570383
              11 H     -0.366043059569    1.594269252562    1.089027664931
              12 H      2.229402767615   -1.134463622444   -0.865300136958
              13 H      2.462317340423    0.667615341501   -0.525477819999
              14 H      1.582717296861    0.346565350332    1.569476606875
------------------------ !GEOMETRY! -------------------------
    Number of atoms:    15 
    Geometry Index:     4 
    Coordinates:
               0 C     -1.699917768515    0.164573790300   -0.028252145284
               1 C     -0.747265792348   -1.035447288788   -0.308926895500
               2 C      0.439353506840   -0.106983632934   -0.042408852115
               3 C     -0.473136638000    1.116098455438    0.103906612025
               4 C      1.875748881020   -0.230440313526   -0.353284395852
               5 N      1.384754923534   -0.482876781597    1.012663508732
               6 H     -2.359268277097    0.413291211518   -0.864762276901
               7 H     -2.302312371146    0.068220920704    0.878861479748
               8 H     -0.821127319819   -1.414305879756   -1.333973247734
               9 H     -0.790834300670   -1.866677341469    0.399980476639
              10 H     -0.403844467970    1.853440639635   -0.703560925307
              11 H     -0.368843876032    1.624968233242    1.068726949290
              12 H      2.233753887552   -1.111075283145   -0.883377652094
              13 H      2.439647318949    0.683041081401   -0.542206442535
              14 H      1.593092293701    0.324172188977    1.596813806887
------------------------ !GEOMETRY! -------------------------
    Number of atoms:    15 
    Geometry Index:     5 
    Coordinates:
               0 C     -1.701267566226    0.166318919119   -0.033392138058
               1 C     -0.749841660269   -1.036270102956   -0.301137829636
               2 C      0.438050897709   -0.118942887136   -0.003307952424
               3 C     -0.471142298674    1.110604915785    0.105284064739
               4 C      1.864656012666   -0.222420418493   -0.357792353767
               5 N      1.408973845115   -0.491182131067    1.020272075544
               6 H     -2.366558188016    0.414193591315   -0.865275414911
               7 H     -2.301238458683    0.073473423732    0.875971179328
               8 H     -0.793749135998   -1.404630850088   -1.331677027188
               9 H     -0.822147967701   -1.879726318221    0.391454700968
              10 H     -0.372276457505    1.827332996144   -0.717395084381
              11 H     -0.385516336762    1.648715590410    1.056558242027
              12 H      2.226324325826   -1.094303869844   -0.899670241752
              13 H      2.410660938150    0.699649390554   -0.556662386462
              14 H      1.614872050369    0.307187750747    1.616970165975
------------------------ !GEOMETRY! -------------------------
    Number of atoms:    15 
    Geometry Index:     6 
    Coordinates:
               0 C     -1.702215130293    0.168154372163   -0.041555182617
               1 C     -0.751692360999   -1.037426651690   -0.295236844285
               2 C      0.435285290166   -0.129112955475    0.033257100832
               3 C     -0.470020105858    1.106846607135    0.108579035039
               4 C      1.852937762276   -0.216496424119   -0.361575123641
               5 N      1.432387947284   -0.495901547235    1.027102334474
               6 H     -2.376881740550    0.415971339127   -0.865611839973
               7 H     -2.291808176329    0.074286470345    0.874896855032
               8 H     -0.760200606456   -1.394368600137   -1.330655359075
               9 H     -0.858518341616   -1.889914636536    0.381946785193
              10 H     -0.339078746407    1.802035299312   -0.727856808723
              11 H     -0.409279441587    1.669606325317    1.047497850260
              12 H      2.214592123287   -1.083315498277   -0.911488154739
              13 H      2.382110681226    0.713323180046   -0.569284010028
              14 H      1.642180845856    0.296312720024    1.630183362251
------------------------ !GEOMETRY! -------------------------
    Number of atoms:    15 
    Geometry Index:     7 
    Coordinates:
               0 C     -1.701487871112    0.167399658049   -0.037541787489
               1 C     -0.752272584397   -1.037691926929   -0.300850025217
               2 C      0.432363251058   -0.130559938302    0.038198501697
               3 C     -0.469655412045    1.108597427798    0.103841058529
               4 C      1.851978777479   -0.217482057961   -0.356182183100
               5 N      1.432685847630   -0.495817077000    1.031101922685
               6 H     -2.390362675565    0.415339533222   -0.849440606084
               7 H     -2.275341418944    0.069200609697    0.888578169794
               8 H     -0.753593411766   -1.382927352253   -1.340320101264
               9 H     -0.866268413503   -1.898133866773    0.364635464495
              10 H     -0.335269669060    1.792882247320   -0.740983773461
              11 H     -0.411682519901    1.684341590822    1.034755748958
              12 H      2.215492153122   -1.084658346633   -0.904224570651
              13 H      2.380048254925    0.712753769759   -0.564723470248
              14 H      1.643165692080    0.296755729183    1.633355651355
------------------------ !GEOMETRY! -------------------------
    Number of atoms:    15 
    Geometry Index:     8 
    Coordinates:
               0 C     -1.701509702050    0.168410374901   -0.043973915689
               1 C     -0.752402203114   -1.039110842837   -0.295533828246
               2 C      0.432229719521   -0.131242023109    0.042346486752
               3 C     -0.469865559205    1.107785226500    0.109347506707
               4 C      1.849793444309   -0.216245159685   -0.360275006987
               5 N      1.437893203429   -0.495541998435    1.029022412290
               6 H     -2.383268948052    0.416683767050   -0.862388084124
               7 H     -2.281765714237    0.071542781297    0.877995867778
               8 H     -0.749687312488   -1.388149113206   -1.333607667371
               9 H     -0.870422015478   -1.895332023658    0.374993201329
              10 H     -0.330451638580    1.794596919487   -0.732467350331
              11 H     -0.417240203895    1.677415577662    1.044521414484
              12 H      2.209977899840   -1.083683569217   -0.910078068747
              13 H      2.375159967321    0.715407617164   -0.569561077286
              14 H      1.651359062677    0.297462466086    1.629858109441
------------------------ !GEOMETRY! -------------------------
    Number of atoms:    15 
    Geometry Index:     9 
    Coordinates:
               0 C     -1.701350171724    0.167755063716   -0.040321992071
               1 C     -0.752228611158   -1.038484288768   -0.298657134756
               2 C      0.431946480312   -0.130657776135    0.040182604228
               3 C     -0.469779548560    1.108537870879    0.106248302641
               4 C      1.850889860434   -0.217228167421   -0.357706118191
               5 N      1.434764877336   -0.495460924263    1.030353968321
               6 H     -2.387502163859    0.415817978427   -0.854841989744
               7 H     -2.277411624140    0.069856496203    0.884300229109
               8 H     -0.751607244907   -1.384126876497   -1.337934554409
               9 H     -0.868004540509   -1.897427940497    0.368582014694
              10 H     -0.333414999264    1.793433834810   -0.737690225610
              11 H     -0.414230632499    1.681449837074    1.039131367015
              12 H      2.212408473014   -1.084910736032   -0.906241012799
              13 H      2.378033896797    0.713564700670   -0.566201043680
              14 H      1.647285948728    0.297880927835    1.630995585252
