    49
     1    0.952908   -3.840508    1.561193      1
     2   -2.284113   -3.575134   -1.543581      1
     3   -2.616896   -2.962574    0.184431      1
     4   -0.246041   -2.208747    1.374757      1
     5   -0.690529   -1.601703    3.269653      1
     6   -5.571472   -0.945792    1.823976      1
     7    4.397375   -2.499391   -0.923888      1
     8   -5.715215   -1.215165   -1.429160      1
     9   -4.450430   -0.875452    0.125107      1
    10    3.480537    0.580038    3.366642      1
    11    1.164073   -0.060994   -0.002884      1
    12    3.599463   -0.709584   -1.502199      1
    13    3.483383   -0.652510   -3.533052      1
    14   -1.036137    0.596863   -3.357156      1
    15   -3.212959    1.762060   -0.146272      1
    16    2.924950    1.574037    1.669508      1
    17   -2.857407    2.564939    1.692363      1
    18   -0.707010    1.516837   -1.565993      1
    19    6.604518    1.250725    0.209111      1
    20    4.848882    1.515644   -0.357288      1
    21   -4.480601    3.034794   -1.097733      1
    22    2.270942    3.434784    2.171787      1
    23    0.111257    3.327908   -1.986410      1
    24    0.516870   -3.241449    1.484978      2
    25   -2.360782   -3.417690   -1.128553      2
    26   -1.190691   -2.489792    0.877485      2
    27   -0.530218   -1.816432    2.570417      2
    28   -3.689757   -1.693537    0.139307      2
    29   -5.155991   -0.916460    1.204978      2
    30   -5.244054   -1.089781   -0.862531      2
    31    0.457655   -1.140336    0.680529      2
    32    4.104044   -1.834988   -1.130897      2
    33   -1.667266   -0.482666   -0.106615      3
    34   -3.822443    0.442694   -0.010668      2
    35    2.327998   -0.433018   -0.778218      2
    36    3.524017   -0.672254   -2.788124      2
    37    3.279386    0.942552    2.735295      2
    38    1.978065    0.758010    0.865315      2
    39    3.112307    0.539451   -0.026125      3
    40    4.152899    0.180714   -1.040354      2
    41    0.224396    0.733258   -0.787538      2
    42   -0.915506    0.933489   -2.685497      2
    43   -2.986454    2.260242    1.009701      2
    44   -1.959979    1.641044   -0.858229      2
    45    3.745755    1.558345    0.872589      2
    46    6.178237    1.306386    0.077838      2
    47   -4.011654    2.558717   -0.748881      2
    48    2.509641    2.752498    1.985884      2
    49   -0.188990    2.664531   -1.826856      2
