    49
     1    1.616823   -4.610893    1.847412      1
     2   -3.705047   -4.040136   -0.512174      1
     3    0.593624   -2.073224    3.616226      1
     4    1.424916   -2.587844    1.830340      1
     5   -3.621378   -1.834252    1.953030      1
     6   -3.111312   -2.164287   -0.010473      1
     7    0.318088   -2.718002   -2.046820      1
     8   -0.267481   -1.735394   -0.363253      1
     9    4.757487   -1.995298    0.105765      1
    10    3.948887   -1.464022    1.697461      1
    11   -6.039724   -0.080554   -1.480296      1
    12   -4.203900   -0.287633   -1.723320      1
    13    3.912488    1.318967    1.857127      1
    14   -0.049858    1.165503   -0.843049      1
    15    4.554691    1.895919    3.702589      1
    16    0.138384    2.306551    3.026404      1
    17   -2.808272    2.050216   -1.208971      1
    18    1.291332    2.478503    1.355691      1
    19    1.010664    1.492437   -2.547835      1
    20   -3.451633    2.973678    0.506374      1
    21    5.254161    2.053729    0.515580      1
    22   -3.019509    3.364053   -2.742856      1
    23    1.483159    4.473015    0.998989      1
    24    1.547872   -3.869526    1.833378      2
    25   -3.487761   -3.352768   -0.329596      2
    26    0.897522   -2.253986    2.956767      2
    27   -3.431563   -1.949825    1.222967      2
    28    2.428756   -2.120994    1.755401      2
    29    0.572840   -2.158569    0.741247      2
    30   -1.667573   -1.958113   -0.175731      2
    31    0.102713   -2.353690   -1.420651      2
    32   -3.564594   -1.401163   -0.678376      2
    33    4.554592   -1.861983    0.484922      2
    34   -5.596828   -0.127574   -1.529463      2
    35   -2.081203   -0.177230   -0.798439      3
    36    1.645405   -0.116140    0.994049      3
    37   -0.154331   -0.286184   -0.590282      2
    38    3.901262    0.192753    1.773976      2
    39   -3.382490    1.113302   -1.395452      2
    40    4.313890    1.684302    3.028430      2
    41   -1.411239    1.610348   -1.021768      2
    42    2.594969    1.889976    1.599604      2
    43    0.567680    2.363361    2.403893      2
    44    0.616284    1.822186    0.255674      2
    45    0.617652    1.370650   -1.914097      2
    46    4.756674    1.778078    1.004877      2
    47   -3.213507    2.625108   -0.126194      2
    48   -2.941716    2.881864   -2.181980      2
    49    1.415689    3.731490    1.127266      2
