    51
     1    1.430978   -3.381685   -1.237062      1
     2   -3.300640   -1.530599    2.884013      1
     3    1.717873   -1.902811    3.486722      1
     4   -2.764070   -1.940923    1.142248      1
     5   -4.728961   -2.245350   -2.281812      1
     6   -6.549805   -1.191520    0.229912      1
     7   -4.717517   -1.069638   -0.627388      1
     8    0.901037   -1.471022   -1.694271      1
     9    1.172573   -0.055211    2.827890      1
    10   -0.296179   -1.550558   -3.337773      1
    11    5.665244   -1.198816    0.415360      1
    12   -0.571768   -0.386458    0.558670      1
    13    0.144275    0.876416    4.317580      1
    14    4.340660   -0.706212   -3.750334      1
    15    4.910043    0.446178   -0.047992      1
    16    3.260322    0.125754   -2.244389      1
    17    4.797725    1.597283    3.697218      1
    18    3.531701    1.480283    2.112992      1
    19   -3.950891    1.685138   -1.293556      1
    20   -1.570245    2.069562   -0.095059      1
    21   -3.786987    1.952075   -3.306176      1
    22   -5.244525    3.067735   -0.561272      1
    23    2.686323    1.977187   -2.859022      1
    24    2.971594    3.376443    1.642122      1
    25   -3.173061   -1.618589    2.463432      2
    26    1.240505   -2.673585   -1.401163      2
    27    1.519092   -1.220295    3.237732      2
    28   -4.719621   -1.812106   -1.681896      2
    29   -3.921700   -1.400469    0.096270      2
    30   -5.878135   -1.142565   -0.077838      2
    31   -1.474601   -0.997665    0.797738      2
    32    0.147038   -1.514939   -2.724475      2
    33    0.174399   -0.936222   -0.598025      2
    34    0.322456   -0.211803    1.728627      2
    35    0.521521    0.533735    3.764899      2
    36    5.471879   -0.801960    0.304362      2
    37   -2.742099    0.101624   -0.067184      3
    38   -4.347134    0.297309   -0.960288      2
    39    2.090430   -0.665181   -1.964134      2
    40    2.180676   -0.014072    0.264075      3
    41   -0.955680    0.461882    0.314705      2
    42    2.367357    0.717535    2.458701      2
    43    3.944033   -0.408182   -3.194064      2
    44    3.899584    0.234725   -1.350142      2
    45    4.062639    1.041000    1.246797      2
    46    4.332941    1.546002    3.117519      2
    47   -3.133993    1.775953   -0.879669      2
    48   -3.844104    1.849851   -2.574886      2
    49   -4.777115    2.564756   -0.822910      2
    50    2.891394    1.306730   -2.632176      2
    51    3.170434    2.688873    1.808687      2
