    19
     1   -3.818030   -2.029904   -0.257804      1
     2   -0.014675   -2.434995   -0.943871      1
     3   -2.058533   -1.090131   -0.140726      1
     4    3.795663   -1.713923   -1.196798      1
     5    2.046404   -0.920063   -0.646471      1
     6   -1.341469    1.243354    0.660065      1
     7    1.356916    1.355656    0.326680      1
     8   -2.540679    2.675976    1.379863      1
     9    2.573875    2.888682    0.748087      1
    10   -3.197342   -1.704596   -0.218907      2
    11   -1.386465   -1.505798   -0.394598      2
    12    1.368984   -1.391660   -0.734054      2
    13    3.178500   -1.440110   -1.005041      2
    14   -0.002307   -0.381630   -0.153655      3
    15   -1.703168    0.135267    0.282785      2
    16    1.705537    0.276787   -0.137731      2
    17    0.007914    1.332643    0.506123      2
    18   -2.106079    2.159734    1.120138      2
    19    2.132881    2.336061    0.596507      2
