    31
     1   -2.036528   -3.306359    0.451354      1
     2    2.463997   -3.121338   -1.541862      1
     3   -1.833895   -1.161032    2.977950      1
     4   -1.741573   -1.355567    0.950368      1
     5    3.683228   -1.211051    2.263058      1
     6    2.523414   -1.262157   -1.724495      1
     7    0.576271   -0.070845   -0.208827      1
     8    3.214724   -0.041770    0.684682      1
     9   -3.365757    0.433817   -0.474860      1
    10   -4.645939    1.304598    0.559154      1
    11    4.334403    1.623671    0.495113      1
    12   -1.154864    2.019305   -1.188117      1
    13   -1.022570    2.403791   -3.176004      1
    14   -0.986359    3.756411   -0.135174      1
    15   -1.925954   -2.593211    0.632136      2
    16   -1.801725   -1.226337    2.232371      2
    17    2.473856   -2.676674   -1.572164      2
    18   -2.442927   -0.613715    0.391961      2
    19   -0.536868   -0.776569    0.400060      2
    20    3.508353   -0.791106    1.682943      2
    21    1.311929   -0.601686   -0.862094      2
    22    2.978523   -0.590384   -0.309774      2
    23    1.854642    0.022999    0.344814      2
    24   -1.381701    0.261143   -0.209117      3
    25   -4.330973    1.098351    0.317860      2
    26   -0.232119    1.017255   -0.730397      2
    27    3.927254    1.022982    0.560787      2
    28   -2.084839    1.402026   -0.883784      2
    29   -1.071350    2.264474   -2.458761      2
    30   -1.052775    3.114312   -0.516912      2
    31    2.096429   -0.414037   -0.287676      3
