-------------------------------------------------------------
----------------------- !PROPERTIES! ------------------------
-------------------------------------------------------------
# -----------------------------------------------------------
$ PAL_Flags
   description: The PAL Flags
   geom. index: 1
   prop. index: 1
        Diskflag:     2
# -----------------------------------------------------------
$ SCF_Energy
   description: The SCF energy
   geom. index: 1
   prop. index: 1
        SCF Energy:     -266.7536296697
# -----------------------------------------------------------
$ DFT_Energy
   description: The DFT energy
   geom. index: 1
   prop. index: 1
   Number of Alpha Electrons                 22.9999926798 
   Number of Beta  Electrons                 22.9999926798 
   Total number of  Electrons                45.9999853597 
   Exchange energy                          -24.6029855854 
   Correlation energy                        -1.8921811162 
   Correlation energy NL                      0.0000000000 
   Exchange-Correlation energy              -26.4951667016 
   Embedding correction                       0.0000000000 
   Total DFT Energy (No VdW correction)    -266.7536296697 
# -----------------------------------------------------------
$ Mayer_Pop
   description: The Mayer population analysis
   geom. index: 1
   prop. index: 1
     Number of atoms                     : 14
     Threshold for printing              : 0.1000000
     Number of bond orders printed       : 17
  NA   - Mulliken gross atomic population
  ZA   - Total nuclear charge
  QA   - Mulliken gross atomic charge
  VA   - Mayer's total valence
  BVA  - Mayer's bonded valence
  FA   - Mayer's free valence
  ATOM       NA         ZA         QA         VA         BVA        FA
  0   0     6.1273     6.0000    -0.1273     3.5980     3.5980    -0.0000
  1   0     7.3665     7.0000    -0.3665     2.6160     2.6160    -0.0000
  2   0     6.1692     6.0000    -0.1692     3.6556     3.6556    -0.0000
  3   0     6.2234     6.0000    -0.2234     3.9559     3.9559     0.0000
  4   0     6.2728     6.0000    -0.2728     3.9858     3.9858     0.0000
  5   0     7.3817     7.0000    -0.3817     2.6417     2.6417    -0.0000
  6   0     0.7910     1.0000     0.2090     0.8768     0.8768    -0.0000
  7   0     0.8667     1.0000     0.1333     0.9449     0.9449    -0.0000
  8   0     0.7109     1.0000     0.2891     0.8632     0.8632     0.0000
  9   0     0.8267     1.0000     0.1733     0.8881     0.8881    -0.0000
 10   0     0.8585     1.0000     0.1415     0.9305     0.9305    -0.0000
 11   0     0.8349     1.0000     0.1651     0.9246     0.9246     0.0000
 12   0     0.8484     1.0000     0.1516     0.9411     0.9411     0.0000
 13   0     0.7220     1.0000     0.2780     0.8687     0.8687    -0.0000
      Bond orders larger than 0.1000000
           Atom A     A.N. of A          Atom B    A.N. of B              Bond order
                0             6               1            7                0.819679
                0             6               3            6                0.917526
                0             6               5            7               -0.160554
                0             6               6            1                0.961001
                0             6               7            1                0.967840
                1             7               2            6                0.823858
                1             7               3            6                0.234681
                1             7               8            1                0.886171
                2             6               3            6                0.842101
                2             6               9            1                0.969856
                2             6              10            1                0.964926
                3             6               4            6                1.089130
                3             6               5            7                1.065146
                4             6               5            7                0.924801
                4             6              11            1                0.938014
                4             6              12            1                0.967077
                5             7              13            1                0.876094
# -----------------------------------------------------------
$ VdW_Correction
   description: The Van der Waals Correction
   geom. index: 1
   prop. index: 1
        Van der Waals Correction:       -0.0201559996
# -----------------------------------------------------------
$ Hessian
   description: Details about the Hessian
   geom. index: 1
   prop. index: 1
Normal modes:
Number of Rows: 42 Number of Columns: 42
                  0          1          2          3          4          5    
      0       0.000000   0.000000   0.000000   0.000000   0.000000   0.000000
      1       0.000000   0.000000   0.000000   0.000000   0.000000   0.000000
      2       0.000000   0.000000   0.000000   0.000000   0.000000   0.000000
      3       0.000000   0.000000   0.000000   0.000000   0.000000   0.000000
      4       0.000000   0.000000   0.000000   0.000000   0.000000   0.000000
      5       0.000000   0.000000   0.000000   0.000000   0.000000   0.000000
      6       0.000000   0.000000   0.000000   0.000000   0.000000   0.000000
      7       0.000000   0.000000   0.000000   0.000000   0.000000   0.000000
      8       0.000000   0.000000   0.000000   0.000000   0.000000   0.000000
      9       0.000000   0.000000   0.000000   0.000000   0.000000   0.000000
     10       0.000000   0.000000   0.000000   0.000000   0.000000   0.000000
     11       0.000000   0.000000   0.000000   0.000000   0.000000   0.000000
     12       0.000000   0.000000   0.000000   0.000000   0.000000   0.000000
     13       0.000000   0.000000   0.000000   0.000000   0.000000   0.000000
     14       0.000000   0.000000   0.000000   0.000000   0.000000   0.000000
     15       0.000000   0.000000   0.000000   0.000000   0.000000   0.000000
     16       0.000000   0.000000   0.000000   0.000000   0.000000   0.000000
     17       0.000000   0.000000   0.000000   0.000000   0.000000   0.000000
     18       0.000000   0.000000   0.000000   0.000000   0.000000   0.000000
     19       0.000000   0.000000   0.000000   0.000000   0.000000   0.000000
     20       0.000000   0.000000   0.000000   0.000000   0.000000   0.000000
     21       0.000000   0.000000   0.000000   0.000000   0.000000   0.000000
     22       0.000000   0.000000   0.000000   0.000000   0.000000   0.000000
     23       0.000000   0.000000   0.000000   0.000000   0.000000   0.000000
     24       0.000000   0.000000   0.000000   0.000000   0.000000   0.000000
     25       0.000000   0.000000   0.000000   0.000000   0.000000   0.000000
     26       0.000000   0.000000   0.000000   0.000000   0.000000   0.000000
     27       0.000000   0.000000   0.000000   0.000000   0.000000   0.000000
     28       0.000000   0.000000   0.000000   0.000000   0.000000   0.000000
     29       0.000000   0.000000   0.000000   0.000000   0.000000   0.000000
     30       0.000000   0.000000   0.000000   0.000000   0.000000   0.000000
     31       0.000000   0.000000   0.000000   0.000000   0.000000   0.000000
     32       0.000000   0.000000   0.000000   0.000000   0.000000   0.000000
     33       0.000000   0.000000   0.000000   0.000000   0.000000   0.000000
     34       0.000000   0.000000   0.000000   0.000000   0.000000   0.000000
     35       0.000000   0.000000   0.000000   0.000000   0.000000   0.000000
     36       0.000000   0.000000   0.000000   0.000000   0.000000   0.000000
     37       0.000000   0.000000   0.000000   0.000000   0.000000   0.000000
     38       0.000000   0.000000   0.000000   0.000000   0.000000   0.000000
     39       0.000000   0.000000   0.000000   0.000000   0.000000   0.000000
     40       0.000000   0.000000   0.000000   0.000000   0.000000   0.000000
     41       0.000000   0.000000   0.000000   0.000000   0.000000   0.000000
                  6          7          8          9         10         11    
      0       0.026182   0.092662   0.028299   0.116195  -0.182000   0.014880
      1       0.067532  -0.017678   0.010558  -0.154322  -0.045228  -0.117447
      2       0.118558   0.088266   0.088414  -0.063162   0.059563  -0.010215
      3       0.063245   0.011356  -0.006031   0.012825  -0.255877  -0.076366
      4      -0.138590   0.063954   0.017827   0.035762   0.021268   0.001631
      5      -0.215159  -0.024732  -0.019587  -0.012494  -0.047649  -0.016524
      6       0.012596  -0.101892  -0.055720  -0.125834  -0.175555   0.021525
      7       0.056759  -0.080202   0.043940  -0.012947   0.111649   0.035806
      8       0.116133  -0.079049   0.089989   0.106925  -0.025022  -0.084931
      9       0.012447  -0.014192  -0.020947  -0.023044   0.087068   0.117436
     10       0.052951  -0.075999  -0.170356  -0.104933   0.012485  -0.178518
     11       0.107228   0.098805  -0.177972   0.138116   0.062085  -0.245622
     12       0.043758   0.042078  -0.090978   0.008741   0.293718   0.239528
     13      -0.043577   0.183502   0.080185  -0.000632  -0.099394   0.090578
     14      -0.080192  -0.130643   0.026894  -0.000183  -0.080678   0.167592
     15      -0.133644  -0.046887   0.135709  -0.014251   0.249129  -0.306441
     16       0.010586  -0.098243  -0.040574   0.208537  -0.001806   0.136698
     17      -0.026636   0.067673  -0.069636  -0.108901   0.047372   0.145276
     18       0.192760   0.158841  -0.043041   0.232740  -0.195057  -0.112604
     19       0.290217   0.028601   0.308571  -0.437171  -0.001864   0.108563
     20       0.151939   0.098454   0.088255  -0.052983   0.057775  -0.021570
     21      -0.152981   0.148610   0.185896   0.154770  -0.248458   0.220823
     22      -0.021817  -0.043063  -0.127453  -0.036637  -0.043514  -0.246964
     23       0.313953   0.145399   0.393262  -0.315981   0.057030   0.256452
     24      -0.207111   0.043892  -0.134906   0.080336  -0.243835   0.026588
     25      -0.191918   0.059729   0.014445   0.161782   0.034396   0.036368
     26      -0.390922   0.004909  -0.121863  -0.052791  -0.039971   0.044762
     27       0.104072  -0.093795  -0.239406  -0.186865  -0.197111  -0.119119
     28      -0.060303   0.001800  -0.067969  -0.046531   0.089264  -0.023551
     29       0.358525  -0.252453   0.352925   0.185070   0.024093   0.044912
     30      -0.107400  -0.233023   0.118729  -0.204088  -0.247438   0.265406
     31       0.310145  -0.249348   0.361002   0.097212   0.153825   0.207278
     32       0.103098  -0.110080   0.133895   0.094037  -0.036803  -0.041761
     33       0.071863  -0.197450  -0.211122  -0.100243   0.358171   0.374475
     34      -0.071819   0.276209   0.162608   0.108295  -0.132513  -0.038770
     35      -0.127899  -0.359727   0.069818   0.179482  -0.095918  -0.002279
     36       0.107405   0.346873  -0.085955   0.138601   0.371721   0.252544
     37      -0.078076   0.353244   0.131685  -0.155262  -0.106516  -0.063359
     38      -0.135750  -0.112586   0.066774  -0.185208  -0.107561   0.021734
     39      -0.162142   0.097481   0.268246   0.189845   0.218961  -0.275942
     40       0.009592  -0.065345  -0.041742   0.164567  -0.019390   0.118917
     41      -0.031656   0.258918  -0.068832  -0.329781  -0.044828  -0.027852
                 12         13         14         15         16         17    
      0       0.081436   0.034292  -0.125760   0.016207   0.017183  -0.072221
      1      -0.168220  -0.083139  -0.046157  -0.033406   0.013112  -0.232747
      2       0.140932  -0.031085   0.022327   0.115396   0.026005   0.031041
      3      -0.250399  -0.008698   0.184945   0.028778  -0.012437   0.185903
      4       0.004351  -0.011054  -0.009608   0.002683   0.011793  -0.007207
      5      -0.068717   0.002995   0.063648   0.010334   0.008361   0.069600
      6       0.179713  -0.034600  -0.086923  -0.051166   0.036421   0.010454
      7       0.188883   0.013448   0.124504  -0.044382   0.029419   0.201030
      8      -0.081629   0.088407  -0.027225  -0.053454   0.033939  -0.175836
      9       0.084394   0.004567   0.120346   0.025090  -0.030842  -0.045539
     10       0.029319   0.048517  -0.021287   0.056236  -0.027583   0.003958
     11       0.088045  -0.019573   0.028251  -0.037058  -0.025976   0.033950
     12      -0.103291   0.000114   0.040035   0.001765  -0.012472  -0.103359
     13       0.043975   0.036987   0.082858   0.032075  -0.033346  -0.106575
     14       0.062490  -0.042917   0.148542  -0.009443  -0.038792  -0.144605
     15      -0.029536   0.001461  -0.061894   0.017180   0.007053   0.039716
     16      -0.083725   0.011123  -0.101857   0.011439   0.029156   0.094465
     17      -0.141615  -0.002465  -0.178730  -0.021978   0.057486   0.157972
     18       0.323007   0.015915  -0.262001   0.103115  -0.039604  -0.111315
     19      -0.335035   0.257283  -0.117309  -0.400764  -0.231504   0.096534
     20       0.182970  -0.017150  -0.006333   0.115399   0.006854   0.038927
     21       0.135370   0.120623  -0.272031   0.047474   0.296220  -0.114310
     22      -0.127036  -0.237224   0.008382   0.110410   0.087258  -0.392136
     23       0.040324   0.311494  -0.091873  -0.206483  -0.127939   0.374011
     24       0.102780   0.016141  -0.377079  -0.130504  -0.627516   0.111316
     25       0.077730   0.142428  -0.113983  -0.121836  -0.109070  -0.009894
     26       0.190737  -0.091568  -0.350249  -0.031687  -0.401846  -0.029814
     27       0.432892   0.129250  -0.062808  -0.197838   0.049467  -0.032768
     28       0.224180   0.166381   0.239477  -0.137973   0.157195   0.128654
     29      -0.146132  -0.262462  -0.291446   0.153849  -0.244522  -0.017863
     30       0.240510  -0.224676  -0.309338  -0.010840   0.274699   0.030676
     31       0.084599  -0.374826  -0.138828   0.187901  -0.253029   0.409079
     32      -0.077206   0.037366  -0.076192  -0.035102   0.071406  -0.168483
     33      -0.175190   0.367207  -0.000379   0.291566  -0.078591  -0.355200
     34       0.095856  -0.170041   0.123853  -0.202361   0.007104   0.046323
     35       0.117268   0.020049   0.243936  -0.246574  -0.047662  -0.154241
     36      -0.086983  -0.456316   0.109836  -0.375585   0.065543  -0.049826
     37       0.022718   0.028432  -0.052981   0.242469  -0.022506   0.052295
     38       0.033987   0.140132  -0.000987   0.327982  -0.060471  -0.031092
     39       0.030951   0.080309   0.087118  -0.269442   0.011996  -0.103518
     40      -0.059611  -0.001809  -0.066939   0.000528   0.014755   0.057312
     41       0.080416  -0.083634   0.124053  -0.099565  -0.053335  -0.129890
                 18         19         20         21         22         23    
      0       0.236531  -0.024813   0.031956  -0.025980  -0.006378  -0.004145
      1       0.151850  -0.015898  -0.057920   0.008982  -0.019962   0.020451
      2      -0.075561   0.036962  -0.029147   0.039797  -0.058435  -0.055194
      3      -0.066016   0.018761  -0.006667   0.027492  -0.015445  -0.002577
      4      -0.296816   0.038773  -0.009766   0.006234   0.045974   0.006413
      5       0.183201  -0.010444   0.028347  -0.016767   0.009918   0.030836
      6      -0.165103   0.014584  -0.032236   0.010661   0.024363   0.005064
      7       0.179235  -0.033553  -0.039060   0.031196  -0.053423   0.002924
      8      -0.126917  -0.036857  -0.012058   0.013674  -0.045492  -0.053997
      9      -0.008054  -0.014624  -0.010312  -0.034728   0.003840  -0.018841
     10       0.009832   0.010175   0.091042  -0.036557   0.040596  -0.033917
     11      -0.008604   0.002173   0.007857  -0.042314   0.093848   0.094051
     12      -0.000419   0.002572  -0.049292  -0.089643   0.005525  -0.013267
     13       0.015360   0.042455   0.031108   0.043083  -0.004671   0.027818
     14      -0.027328  -0.078957   0.047337   0.051299   0.035790   0.028402
     15      -0.003873  -0.028024   0.049404   0.025303  -0.006487  -0.034797
     16      -0.001193  -0.015001   0.004785   0.005970  -0.009168  -0.023256
     17       0.010343   0.029744  -0.045095   0.024302  -0.042480  -0.004949
     18       0.112812  -0.065693   0.148971  -0.057134  -0.477850   0.203526
     19       0.044343  -0.123161   0.139130  -0.159113   0.151437   0.159751
     20      -0.089073   0.026986  -0.004259   0.032699  -0.119374  -0.024321
     21       0.384048   0.080982   0.020735   0.088243   0.582465  -0.254089
     22       0.128777   0.022474  -0.155259   0.057354  -0.117714  -0.025064
     23      -0.031280  -0.047650   0.181627  -0.071206   0.182212   0.039174
     24      -0.128001  -0.057474  -0.103897   0.119192  -0.245225  -0.122625
     25      -0.470015  -0.058652   0.098171  -0.059968  -0.145004   0.018085
     26       0.262924  -0.002410  -0.135343   0.106074  -0.035109  -0.081323
     27      -0.014692   0.002345  -0.336000   0.331878   0.199477  -0.136134
     28       0.096462  -0.108458  -0.028045   0.023909  -0.199222  -0.006800
     29       0.005918   0.129198  -0.010379   0.001304   0.241327   0.002765
     30      -0.257142   0.073355   0.330641  -0.309742  -0.137117   0.466745
     31       0.186922   0.178563   0.001206  -0.001850   0.199200   0.106233
     32      -0.140664  -0.018450   0.061449  -0.053782  -0.067151   0.040239
     33       0.085504   0.268658   0.163055   0.346705  -0.003842   0.261053
     34       0.009299   0.013320  -0.136811  -0.336318  -0.030436  -0.207124
     35       0.149599   0.465757  -0.112410  -0.425908  -0.097101  -0.258368
     36      -0.080581  -0.304655   0.280740   0.277438   0.053957  -0.048917
     37      -0.117190  -0.341807  -0.230429  -0.236469   0.098123   0.066842
     38      -0.111247  -0.283738  -0.317745  -0.343539   0.107891   0.084198
     39       0.119062   0.396686  -0.384562   0.134299   0.007021   0.521425
     40       0.017193   0.049504   0.081337  -0.013640  -0.021477  -0.083719
     41       0.105194   0.375809   0.403085  -0.094557  -0.066576  -0.320097
                 24         25         26         27         28         29    
      0       0.010013   0.093820  -0.007737  -0.054367   0.152383  -0.016072
      1       0.015573  -0.004659  -0.000297  -0.010152  -0.061388   0.028611
      2       0.037454   0.002085   0.010834   0.028550   0.057195   0.035687
      3       0.015018  -0.004788   0.008781   0.054492  -0.031023  -0.014050
      4      -0.051821   0.031294  -0.005628  -0.019581   0.009376  -0.074201
      5      -0.080009  -0.004304   0.001403  -0.027997   0.009700   0.044635
      6       0.002175  -0.067473  -0.023483  -0.158779  -0.048933   0.010379
      7       0.036150   0.016734   0.003935   0.010234  -0.059782  -0.019653
      8       0.021673  -0.012045   0.006634  -0.002965   0.004695  -0.042166
      9       0.008525  -0.005392  -0.018050  -0.055645   0.085928   0.002241
     10      -0.011450  -0.090644  -0.001560   0.091962   0.187179  -0.020583
     11       0.048717   0.036504  -0.033196  -0.036431  -0.105675   0.013339
     12      -0.018709  -0.004234   0.011347   0.043649  -0.039763  -0.000170
     13       0.006621   0.020644  -0.099808  -0.005109  -0.040859   0.007637
     14       0.000527  -0.021621   0.016698   0.018447   0.029162  -0.003173
     15      -0.000412   0.026446  -0.025789  -0.004387  -0.045014   0.002310
     16       0.007992   0.019567   0.067482  -0.037539  -0.016536   0.000841
     17      -0.002037  -0.010642  -0.052615  -0.007438   0.043485   0.001418
     18      -0.616490  -0.433680   0.058650   0.116842  -0.425808  -0.099690
     19      -0.071734   0.097386  -0.019185  -0.162023  -0.031497   0.061569
     20      -0.048501  -0.070578   0.018520   0.054361  -0.017646   0.025223
     21       0.203558  -0.469111   0.035394   0.334570  -0.407659   0.132787
     22       0.074501   0.034071  -0.003680  -0.030289  -0.033907   0.123161
     23      -0.078388  -0.097082   0.012609   0.079284  -0.025798  -0.142495
     24       0.335421  -0.065500   0.044781   0.266942  -0.109375   0.149020
     25       0.007049  -0.031904   0.039692   0.044199   0.099585   0.787484
     26       0.155073  -0.007141  -0.005004   0.092473  -0.117887  -0.472907
     27      -0.474433   0.520970   0.132440   0.467038  -0.047337   0.128344
     28       0.177293  -0.068026   0.014563  -0.043833  -0.105580  -0.043017
     29      -0.205441   0.090944  -0.030719   0.044142   0.093881  -0.005394
     30       0.268536   0.290953   0.011021   0.545972  -0.088092  -0.047052
     31      -0.092594  -0.056552  -0.016536  -0.119618  -0.033932   0.161677
     32       0.071466   0.055207   0.011805   0.131476  -0.000005  -0.056212
     33       0.054063   0.103480  -0.078072  -0.013624  -0.304928   0.013924
     34      -0.059743  -0.045570  -0.131895   0.085639   0.084443  -0.000501
     35      -0.083858  -0.011481  -0.292322   0.200937  -0.114067  -0.002732
     36      -0.061452  -0.138332   0.061910   0.204558   0.161858  -0.042574
     37       0.003504   0.004199   0.226870   0.064412  -0.120648  -0.019122
     38       0.015671   0.017743   0.286296   0.021872  -0.131513  -0.009976
     39       0.063947  -0.308991   0.422092   0.064170   0.495187  -0.028452
     40       0.011997   0.049858   0.195174  -0.080647  -0.058652  -0.004321
     41       0.022768   0.171406   0.698882  -0.222722  -0.251786  -0.019403
                 30         31         32         33         34         35    
      0       0.056413   0.001084   0.015143   0.075825  -0.002127   0.003461
      1      -0.012875   0.057182   0.062227  -0.084732  -0.030775   0.054903
      2       0.015724  -0.023744  -0.034211   0.063362   0.011137  -0.018365
      3       0.000018  -0.001024  -0.001603   0.024280   0.000693   0.002479
      4       0.000103  -0.005024  -0.000320  -0.000949  -0.000563  -0.001182
      5       0.007753   0.001133   0.002868   0.008517  -0.000022  -0.001031
      6       0.049605   0.028185  -0.004696   0.100750  -0.014364  -0.008956
      7      -0.006663   0.057294  -0.050362   0.071320  -0.040857  -0.024477
      8       0.004435  -0.041331   0.027209  -0.032082   0.035610   0.022547
      9      -0.117495  -0.004161  -0.027321  -0.398773   0.000800   0.002703
     10       0.013579  -0.016160  -0.000418   0.051900   0.001192  -0.000509
     11      -0.020204   0.008275   0.005762  -0.027986  -0.000795   0.001159
     12      -0.013650  -0.005752   0.043040   0.250677  -0.000206  -0.001776
     13      -0.016594  -0.000163   0.009715   0.035043   0.000333  -0.000298
     14      -0.024410  -0.005351   0.019184   0.104319  -0.000502  -0.001356
     15      -0.004438  -0.000464   0.007769   0.019621   0.000216   0.000462
     16      -0.011734   0.002182  -0.005470  -0.047509   0.000498  -0.000172
     17      -0.017070  -0.001466  -0.008706  -0.065567  -0.000067   0.000227
     18      -0.140514  -0.060204  -0.062887  -0.108459   0.043015  -0.070550
     19      -0.090219  -0.452363  -0.512650   0.203364   0.002406  -0.005393
     20      -0.010294  -0.044127  -0.061389   0.057476  -0.303675   0.497074
     21      -0.165256  -0.094935  -0.128392  -0.091884  -0.006307   0.010139
     22      -0.043197  -0.147422  -0.181181   0.042433   0.363728  -0.629210
     23       0.058824   0.389761   0.464723  -0.224754   0.175536  -0.298834
     24      -0.025730   0.029796   0.011448  -0.006913  -0.006726  -0.023792
     25       0.028209   0.154766   0.039671  -0.004986  -0.001764   0.016337
     26      -0.034852  -0.093638  -0.017488  -0.017510   0.006280   0.017423
     27      -0.062730  -0.132867   0.102191  -0.137961   0.021834   0.012341
     28       0.077886  -0.188605   0.137585  -0.008196   0.473020   0.269494
     29      -0.149654   0.478429  -0.373162   0.186940   0.236890   0.133973
     30      -0.119369  -0.035320   0.001929  -0.117585   0.127790   0.077006
     31       0.188443  -0.519593   0.431513  -0.191298   0.006266   0.006269
     32      -0.031543  -0.056044   0.032876  -0.082133  -0.664568  -0.399046
     33       0.383196   0.048056  -0.118902  -0.204450  -0.001258   0.007390
     34      -0.130024  -0.023569   0.069885   0.221949  -0.001462   0.019082
     35       0.472207   0.033969  -0.148782  -0.359902   0.001453  -0.004445
     36       0.489401   0.022656  -0.169825  -0.317810   0.001407   0.003903
     37       0.420869   0.039336  -0.149685  -0.406512  -0.006383  -0.014043
     38       0.160255   0.017612  -0.029692  -0.019057   0.006441   0.016875
     39       0.001831   0.012858  -0.033031   0.035666  -0.002961  -0.002869
     40      -0.021619   0.007396  -0.006851  -0.059568   0.000481   0.003354
     41      -0.044085   0.019239   0.000225  -0.030594   0.001313   0.000658
                 36         37         38         39         40         41    
      0      -0.000149   0.001514  -0.009334  -0.000538  -0.001552   0.000426
      1       0.001150  -0.003686   0.040461  -0.000524  -0.005077  -0.000061
      2      -0.000866  -0.010461   0.087009  -0.000302  -0.004490  -0.000659
      3       0.000098  -0.002029   0.001562  -0.000022   0.043240   0.000320
      4      -0.000086   0.001729  -0.002877  -0.000118  -0.035442  -0.000416
      5      -0.000011   0.004094  -0.002503   0.000068  -0.045225  -0.000277
      6      -0.000408   0.005346   0.000568   0.000398  -0.000937   0.000003
      7      -0.001335  -0.058878  -0.005095  -0.000259  -0.001068  -0.000348
      8       0.000040  -0.076777  -0.008469   0.000619  -0.006637   0.000517
      9      -0.004481   0.001138  -0.000452   0.000514  -0.000620   0.002079
     10       0.001114  -0.000299   0.001215  -0.000462  -0.000097   0.000128
     11       0.000520  -0.001535   0.000558   0.000095  -0.000362  -0.002545
     12       0.048725  -0.000174  -0.000057  -0.017787  -0.000004  -0.001317
     13       0.003401   0.000215   0.000444  -0.087580  -0.000067   0.004268
     14       0.035752  -0.000779  -0.000156   0.050762  -0.000030  -0.006122
     15       0.000957  -0.000191   0.000210  -0.000509  -0.000123  -0.000332
     16       0.000862   0.000966   0.000365   0.005056  -0.000433   0.072074
     17      -0.000342   0.000732  -0.000372  -0.001499   0.000038  -0.008147
     18      -0.001765  -0.013472   0.109253   0.000044  -0.000409  -0.000702
     19      -0.001339  -0.003328   0.030785  -0.000242  -0.000849  -0.000875
     20       0.017039   0.091397  -0.794217  -0.004457   0.026253   0.008345
     21       0.002007  -0.001271   0.011351  -0.001457  -0.004915  -0.001324
     22      -0.015497   0.045967  -0.523276   0.003435   0.042271   0.002910
     23      -0.006225   0.021573  -0.242299   0.000658   0.022662   0.000995
     24      -0.000402   0.027423  -0.021223  -0.000056  -0.548803  -0.003705
     25       0.000061  -0.026142   0.027983  -0.000294   0.500750   0.002171
     26       0.000050  -0.041239   0.029849   0.000163   0.660983   0.004598
     27       0.002231   0.041761   0.005140   0.000343   0.004146  -0.003567
     28       0.019479   0.712198   0.071958   0.004249   0.022381  -0.004354
     29       0.008887   0.333208   0.033451   0.002699   0.011315   0.000436
     30       0.004007  -0.118461  -0.014957   0.001426  -0.012082   0.000163
     31       0.000619  -0.016548  -0.002367   0.000288   0.002526  -0.001314
     32      -0.008903   0.584528   0.074077  -0.002744   0.045218  -0.003130
     33      -0.316477   0.003884  -0.001938   0.395914   0.000332  -0.016089
     34      -0.528337   0.005842  -0.002092   0.647885   0.000077  -0.026146
     35       0.130585   0.000085   0.000898  -0.159101  -0.000059   0.005482
     36      -0.227544   0.003996  -0.001158  -0.185075   0.000195   0.013184
     37       0.485406  -0.006227   0.000149   0.391130   0.000180  -0.034919
     38      -0.557582   0.007522  -0.001824  -0.443609  -0.000216   0.034794
     39       0.002724  -0.006253  -0.000581   0.003722  -0.000511  -0.001987
     40      -0.022779  -0.002709  -0.009406  -0.056661   0.006333  -0.980740
     41      -0.001308   0.002942  -0.000629   0.016505  -0.001005   0.170508
# -----------------------------------------------------------
$ THERMOCHEMISTRY_Energies
   description: The Thermochemistry energies
   geom. index: 1
   prop. index: 1
        Temperature (Kelvin)           :        298.1500000000
        Pressure (atm)                 :          1.0000000000
        Total Mass (AMU)               :         84.1220000000
        Spin Degeneracy                :          1.0000000000
        Electronic Energy (Hartree)    :       -266.7737856693
        Translational Energy (Hartree) :          0.0014162714
        Rotational Energy (Hartree)    :          0.0014162714
        Vibrational Energy (Hartree)   :          0.0023058349
        Number of frequencies          :     42      
        Scaling Factor for frequencies :          1.0000000000
        Vibrational frequencies        :     
                  0    
      0       0.000000
      1       0.000000
      2       0.000000
      3       0.000000
      4       0.000000
      5       0.000000
      6     126.221088
      7     304.569103
      8     404.373603
      9     446.548678
     10     596.840863
     11     845.768700
     12     891.352396
     13     983.276501
     14     1006.173607
     15     1038.626710
     16     1047.341348
     17     1074.729616
     18     1105.129670
     19     1114.036286
     20     1167.523844
     21     1190.329638
     22     1195.993887
     23     1223.055142
     24     1291.529844
     25     1335.429615
     26     1355.685353
     27     1379.846289
     28     1397.891434
     29     1484.108760
     30     1495.771669
     31     1523.312012
     32     1538.073869
     33     1596.798919
     34     2916.412120
     35     2923.866215
     36     2932.886059
     37     2989.190349
     38     2995.447235
     39     3054.359988
     40     3213.269723
     41     3223.195992
        Zero Point Energy (Hartree)    :          0.1239527454
        Inner Energy (Hartree)         :       -266.6446945462
        Enthalpy (Hartree)             :       -266.6437503371
        Electronic entropy             :          0.0000000000
        Rotational entropy             :          0.0122994570
        Vibrational entropy            :          0.0036555544
        Translational entropy          :          0.0122994570
        Entropy                        :          0.0345813772
        Gibbs Energy (Hartree)         :       -266.6783317144
        Is Linear                      :                 false
# -----------------------------------------------------------
$ PAL_Flags
   description: The PAL Flags
   geom. index: 2
   prop. index: 1
        Diskflag:     2
# -----------------------------------------------------------
$ SCF_Energy
   description: The SCF energy
   geom. index: 2
   prop. index: 1
        SCF Energy:     -266.7665802581
# -----------------------------------------------------------
$ DFT_Energy
   description: The DFT energy
   geom. index: 2
   prop. index: 1
   Number of Alpha Electrons                 22.9999943251 
   Number of Beta  Electrons                 22.9999943251 
   Total number of  Electrons                45.9999886501 
   Exchange energy                          -24.6116386908 
   Correlation energy                        -1.8912840173 
   Correlation energy NL                      0.0000000000 
   Exchange-Correlation energy              -26.5029227081 
   Embedding correction                       0.0000000000 
   Total DFT Energy (No VdW correction)    -266.7665802581 
# -----------------------------------------------------------
$ VdW_Correction
   description: The Van der Waals Correction
   geom. index: 2
   prop. index: 1
        Van der Waals Correction:       -0.0198793773
# -----------------------------------------------------------
$ PAL_Flags
   description: The PAL Flags
   geom. index: 3
   prop. index: 1
        Diskflag:     2
# -----------------------------------------------------------
$ SCF_Energy
   description: The SCF energy
   geom. index: 3
   prop. index: 1
        SCF Energy:     -266.7714190372
# -----------------------------------------------------------
$ DFT_Energy
   description: The DFT energy
   geom. index: 3
   prop. index: 1
   Number of Alpha Electrons                 22.9999996470 
   Number of Beta  Electrons                 22.9999996470 
   Total number of  Electrons                45.9999992940 
   Exchange energy                          -24.6106207539 
   Correlation energy                        -1.8908394681 
   Correlation energy NL                      0.0000000000 
   Exchange-Correlation energy              -26.5014602220 
   Embedding correction                       0.0000000000 
   Total DFT Energy (No VdW correction)    -266.7714190372 
# -----------------------------------------------------------
$ VdW_Correction
   description: The Van der Waals Correction
   geom. index: 3
   prop. index: 1
        Van der Waals Correction:       -0.0197647381
# -----------------------------------------------------------
$ PAL_Flags
   description: The PAL Flags
   geom. index: 4
   prop. index: 1
        Diskflag:     2
# -----------------------------------------------------------
$ SCF_Energy
   description: The SCF energy
   geom. index: 4
   prop. index: 1
        SCF Energy:     -266.7744098327
# -----------------------------------------------------------
$ DFT_Energy
   description: The DFT energy
   geom. index: 4
   prop. index: 1
   Number of Alpha Electrons                 23.0000016862 
   Number of Beta  Electrons                 23.0000016862 
   Total number of  Electrons                46.0000033723 
   Exchange energy                          -24.6109816659 
   Correlation energy                        -1.8907747876 
   Correlation energy NL                      0.0000000000 
   Exchange-Correlation energy              -26.5017564535 
   Embedding correction                       0.0000000000 
   Total DFT Energy (No VdW correction)    -266.7744098327 
# -----------------------------------------------------------
$ VdW_Correction
   description: The Van der Waals Correction
   geom. index: 4
   prop. index: 1
        Van der Waals Correction:       -0.0197188098
# -----------------------------------------------------------
$ PAL_Flags
   description: The PAL Flags
   geom. index: 5
   prop. index: 1
        Diskflag:     2
# -----------------------------------------------------------
$ SCF_Energy
   description: The SCF energy
   geom. index: 5
   prop. index: 1
        SCF Energy:     -266.7765416882
# -----------------------------------------------------------
$ DFT_Energy
   description: The DFT energy
   geom. index: 5
   prop. index: 1
   Number of Alpha Electrons                 23.0000051514 
   Number of Beta  Electrons                 23.0000051514 
   Total number of  Electrons                46.0000103028 
   Exchange energy                          -24.6124711379 
   Correlation energy                        -1.8908352786 
   Correlation energy NL                      0.0000000000 
   Exchange-Correlation energy              -26.5033064164 
   Embedding correction                       0.0000000000 
   Total DFT Energy (No VdW correction)    -266.7765416882 
# -----------------------------------------------------------
$ VdW_Correction
   description: The Van der Waals Correction
   geom. index: 5
   prop. index: 1
        Van der Waals Correction:       -0.0196921910
# -----------------------------------------------------------
$ PAL_Flags
   description: The PAL Flags
   geom. index: 6
   prop. index: 1
        Diskflag:     2
# -----------------------------------------------------------
$ SCF_Energy
   description: The SCF energy
   geom. index: 6
   prop. index: 1
        SCF Energy:     -266.7780015707
# -----------------------------------------------------------
$ DFT_Energy
   description: The DFT energy
   geom. index: 6
   prop. index: 1
   Number of Alpha Electrons                 23.0000128842 
   Number of Beta  Electrons                 23.0000128842 
   Total number of  Electrons                46.0000257684 
   Exchange energy                          -24.6135606534 
   Correlation energy                        -1.8908914417 
   Correlation energy NL                      0.0000000000 
   Exchange-Correlation energy              -26.5044520951 
   Embedding correction                       0.0000000000 
   Total DFT Energy (No VdW correction)    -266.7780015707 
# -----------------------------------------------------------
$ VdW_Correction
   description: The Van der Waals Correction
   geom. index: 6
   prop. index: 1
        Van der Waals Correction:       -0.0196730705
# -----------------------------------------------------------
$ PAL_Flags
   description: The PAL Flags
   geom. index: 7
   prop. index: 1
        Diskflag:     2
# -----------------------------------------------------------
$ SCF_Energy
   description: The SCF energy
   geom. index: 7
   prop. index: 1
        SCF Energy:     -266.7788040158
# -----------------------------------------------------------
$ DFT_Energy
   description: The DFT energy
   geom. index: 7
   prop. index: 1
   Number of Alpha Electrons                 23.0000233917 
   Number of Beta  Electrons                 23.0000233917 
   Total number of  Electrons                46.0000467834 
   Exchange energy                          -24.6144131441 
   Correlation energy                        -1.8909567850 
   Correlation energy NL                      0.0000000000 
   Exchange-Correlation energy              -26.5053699291 
   Embedding correction                       0.0000000000 
   Total DFT Energy (No VdW correction)    -266.7788040158 
# -----------------------------------------------------------
$ VdW_Correction
   description: The Van der Waals Correction
   geom. index: 7
   prop. index: 1
        Van der Waals Correction:       -0.0196599129
# -----------------------------------------------------------
$ PAL_Flags
   description: The PAL Flags
   geom. index: 8
   prop. index: 1
        Diskflag:     2
# -----------------------------------------------------------
$ SCF_Energy
   description: The SCF energy
   geom. index: 8
   prop. index: 1
        SCF Energy:     -266.7789746351
# -----------------------------------------------------------
$ DFT_Energy
   description: The DFT energy
   geom. index: 8
   prop. index: 1
   Number of Alpha Electrons                 23.0000303884 
   Number of Beta  Electrons                 23.0000303884 
   Total number of  Electrons                46.0000607767 
   Exchange energy                          -24.6146382308 
   Correlation energy                        -1.8909887612 
   Correlation energy NL                      0.0000000000 
   Exchange-Correlation energy              -26.5056269920 
   Embedding correction                       0.0000000000 
   Total DFT Energy (No VdW correction)    -266.7789746351 
# -----------------------------------------------------------
$ VdW_Correction
   description: The Van der Waals Correction
   geom. index: 8
   prop. index: 1
        Van der Waals Correction:       -0.0196511585
# -----------------------------------------------------------
$ PAL_Flags
   description: The PAL Flags
   geom. index: 9
   prop. index: 1
        Diskflag:     2
# -----------------------------------------------------------
$ SCF_Energy
   description: The SCF energy
   geom. index: 9
   prop. index: 1
        SCF Energy:     -266.7789839449
# -----------------------------------------------------------
$ DFT_Energy
   description: The DFT energy
   geom. index: 9
   prop. index: 1
   Number of Alpha Electrons                 23.0000301481 
   Number of Beta  Electrons                 23.0000301481 
   Total number of  Electrons                46.0000602962 
   Exchange energy                          -24.6146337269 
   Correlation energy                        -1.8909909984 
   Correlation energy NL                      0.0000000000 
   Exchange-Correlation energy              -26.5056247253 
   Embedding correction                       0.0000000000 
   Total DFT Energy (No VdW correction)    -266.7789839449 
# -----------------------------------------------------------
$ VdW_Correction
   description: The Van der Waals Correction
   geom. index: 9
   prop. index: 1
        Van der Waals Correction:       -0.0196484612
# -----------------------------------------------------------
$ PAL_Flags
   description: The PAL Flags
   geom. index: 10
   prop. index: 1
        Diskflag:     2
# -----------------------------------------------------------
$ SCF_Energy
   description: The SCF energy
   geom. index: 10
   prop. index: 1
        SCF Energy:     -266.7789862491
# -----------------------------------------------------------
$ DFT_Energy
   description: The DFT energy
   geom. index: 10
   prop. index: 1
   Number of Alpha Electrons                 23.0000297771 
   Number of Beta  Electrons                 23.0000297771 
   Total number of  Electrons                46.0000595541 
   Exchange energy                          -24.6146167271 
   Correlation energy                        -1.8909882913 
   Correlation energy NL                      0.0000000000 
   Exchange-Correlation energy              -26.5056050184 
   Embedding correction                       0.0000000000 
   Total DFT Energy (No VdW correction)    -266.7789862491 
# -----------------------------------------------------------
$ Mayer_Pop
   description: The Mayer population analysis
   geom. index: 10
   prop. index: 1
     Number of atoms                     : 14
     Threshold for printing              : 0.1000000
     Number of bond orders printed       : 17
  NA   - Mulliken gross atomic population
  ZA   - Total nuclear charge
  QA   - Mulliken gross atomic charge
  VA   - Mayer's total valence
  BVA  - Mayer's bonded valence
  FA   - Mayer's free valence
  ATOM       NA         ZA         QA         VA         BVA        FA
  0   0     6.1127     6.0000    -0.1127     3.4343     3.4343    -0.0000
  1   0     7.3811     7.0000    -0.3811     2.5889     2.5889    -0.0000
  2   0     6.1935     6.0000    -0.1935     3.6523     3.6523     0.0000
  3   0     6.3242     6.0000    -0.3242     4.2782     4.2782    -0.0000
  4   0     6.1769     6.0000    -0.1769     3.7438     3.7438    -0.0000
  5   0     7.3514     7.0000    -0.3514     2.7061     2.7061     0.0000
  6   0     0.8139     1.0000     0.1861     0.8928     0.8928    -0.0000
  7   0     0.8606     1.0000     0.1394     0.9353     0.9353    -0.0000
  8   0     0.7083     1.0000     0.2917     0.8660     0.8660     0.0000
  9   0     0.8387     1.0000     0.1613     0.9025     0.9025    -0.0000
 10   0     0.8538     1.0000     0.1462     0.9223     0.9223     0.0000
 11   0     0.8328     1.0000     0.1672     0.9344     0.9344     0.0000
 12   0     0.8579     1.0000     0.1421     0.9489     0.9489     0.0000
 13   0     0.6943     1.0000     0.3057     0.8507     0.8507     0.0000
      Bond orders larger than 0.1000000
           Atom A     A.N. of A          Atom B    A.N. of B              Bond order
                0             6               1            7                0.759978
                0             6               3            6                0.878342
                0             6               5            7               -0.208776
                0             6               6            1                0.992186
                0             6               7            1                0.947734
                1             7               2            6                0.795663
                1             7               3            6                0.271492
                1             7               8            1                0.879059
                2             6               3            6                0.880899
                2             6               9            1                0.982346
                2             6              10            1                0.946049
                3             6               4            6                1.040693
                3             6               5            7                1.311583
                4             6               5            7                0.775711
                4             6              11            1                0.937096
                4             6              12            1                0.982643
                5             7              13            1                0.845192
# -----------------------------------------------------------
$ VdW_Correction
   description: The Van der Waals Correction
   geom. index: 10
   prop. index: 1
        Van der Waals Correction:       -0.0196476491
# -----------------------------------------------------------
$ SCF_Electric_Properties
   description: The SCF Calculated Electric Properties
   geom. index: 10
   prop. index: 1
       Filename                          : file.scfp 
       Do Dipole Moment Calculation      : true 
       Do Quadrupole Moment Calculation  : false 
       Do Polarizability Calculation     : false 
** Dipole moment part of electric properties **
        Magnitude of dipole moment (Debye) :        2.8008601370
        Electronic Contribution:
                  0    
      0       0.005079
      1      -0.334947
      2      -1.093983
        Nuclear Contribution:
                  0    
      0       0.024041
      1       0.357440
      2       2.195289
        Total Dipole moment:
                  0    
      0       0.029120
      1       0.022492
      2       1.101306
# -------------------------------------------------------------
----------------------- !GEOMETRIES! ------------------------
# -------------------------------------------------------------
------------------------ !GEOMETRY! -------------------------
    Number of atoms:    14 
    Geometry Index:     1 
    Coordinates:
               0 C     -0.582100000000    1.040100000000   -0.606800000000
               1 N     -1.776300000000    0.242100000000   -0.256900000000
               2 C     -0.922400000000   -0.731500000000    0.455100000000
               3 C      0.297700000000    0.068500000000    0.109800000000
               4 C      1.731200000000    0.016200000000    0.359700000000
               5 N      1.188700000000   -0.638600000000   -0.843000000000
               6 H     -0.430700000000    1.073200000000   -1.708500000000
               7 H     -0.583300000000    2.041700000000   -0.121200000000
               8 H     -2.335500000000    0.774400000000    0.451900000000
               9 H     -0.985300000000   -1.734100000000   -0.021300000000
              10 H     -1.116600000000   -0.743600000000    1.551000000000
              11 H      2.278400000000    0.951600000000    0.121400000000
              12 H      2.040500000000   -0.692600000000    1.159000000000
              13 H      1.195800000000   -1.667600000000   -0.650100000000
------------------------ !GEOMETRY! -------------------------
    Number of atoms:    14 
    Geometry Index:     2 
    Coordinates:
               0 C     -0.595207009315    1.064165398496   -0.611551549879
               1 N     -1.794505276278    0.243815609162   -0.253605782935
               2 C     -0.941980790284   -0.737288482443    0.481264154465
               3 C      0.300655833592    0.054122531704    0.086959261050
               4 C      1.751628530210   -0.001537517426    0.350579642551
               5 N      1.217429659609   -0.644366863772   -0.853800818792
               6 H     -0.429435501924    1.113969494327   -1.692701180568
               7 H     -0.610054083784    2.061823852041   -0.149407017510
               8 H     -2.355526679751    0.757808181875    0.421086585498
               9 H     -0.993261261994   -1.739423937127    0.038605131955
              10 H     -1.152588089761   -0.760519973980    1.560557442497
              11 H      2.319671573391    0.906280571103    0.148684306754
              12 H      2.075565794470   -0.669625027994    1.150060100513
              13 H      1.207707301821   -1.649423835965   -0.676630275599
------------------------ !GEOMETRY! -------------------------
    Number of atoms:    14 
    Geometry Index:     3 
    Coordinates:
               0 C     -0.603080978794    1.070384184019   -0.614124394809
               1 N     -1.798216799062    0.238853015952   -0.255184991287
               2 C     -0.941886107178   -0.731324400749    0.494016521124
               3 C      0.303311069651    0.038593713689    0.050669629304
               4 C      1.749900578250   -0.012583874348    0.347581956147
               5 N      1.238696429576   -0.644972258921   -0.870117420676
               6 H     -0.433849659288    1.144729699619   -1.691457803342
               7 H     -0.619714813882    2.065661289282   -0.152256991394
               8 H     -2.378759002897    0.748699846283    0.402881400880
               9 H     -0.993316567259   -1.746852069052    0.086247377614
              10 H     -1.146878202351   -0.747048617371    1.572460169732
              11 H      2.339421978431    0.886304441341    0.181482111724
              12 H      2.074084825306   -0.659860928826    1.161704623697
              13 H      1.210387249497   -1.650784040918   -0.713802188714
------------------------ !GEOMETRY! -------------------------
    Number of atoms:    14 
    Geometry Index:     4 
    Coordinates:
               0 C     -0.607590760227    1.070336970919   -0.618027574313
               1 N     -1.797026190664    0.233268674482   -0.256913592437
               2 C     -0.935867785373   -0.724534999543    0.500471210246
               3 C      0.305630967445    0.023320862692    0.013511650100
               4 C      1.741111406401   -0.018790407923    0.350803833255
               5 N      1.259197222564   -0.645809363706   -0.884515236883
               6 H     -0.448915708043    1.171269131044   -1.695558667624
               7 H     -0.613310468019    2.059012050682   -0.141043335144
               8 H     -2.398644254292    0.739017786577    0.384216638817
               9 H     -1.001274921705   -1.753357387768    0.126384188855
              10 H     -1.116686483903   -0.718536833548    1.583806475505
              11 H      2.342587266855    0.877507075465    0.210839256650
              12 H      2.052343106044   -0.658787433167    1.176593094521
              13 H      1.218546602916   -1.654116126207   -0.750467941548
------------------------ !GEOMETRY! -------------------------
    Number of atoms:    14 
    Geometry Index:     5 
    Coordinates:
               0 C     -0.610007777133    1.069012396491   -0.621657074622
               1 N     -1.794418594758    0.229216497883   -0.258067280988
               2 C     -0.930294355426   -0.719904058072    0.503188732983
               3 C      0.306955129290    0.007221146513   -0.022046012484
               4 C      1.730874151369   -0.021732689298    0.355217172555
               5 N      1.280552297176   -0.649020007429   -0.895394756550
               6 H     -0.470422935808    1.198003444337   -1.699176835406
               7 H     -0.595942388274    2.046692328574   -0.122416908438
               8 H     -2.418991008511    0.729436720321    0.365010164005
               9 H     -1.017374743540   -1.759081654322    0.161826520391
              10 H     -1.078513649196   -0.685876265526    1.591015358620
              11 H      2.337380737108    0.873813181910    0.233178350002
              12 H      2.025139433874   -0.658795790220    1.189347969950
              13 H      1.235163703827   -1.659185251162   -0.779925400018
------------------------ !GEOMETRY! -------------------------
    Number of atoms:    14 
    Geometry Index:     6 
    Coordinates:
               0 C     -0.611208524263    1.067794110239   -0.624471827239
               1 N     -1.790845800452    0.226934969605   -0.258313167148
               2 C     -0.926127724881   -0.717282188208    0.503611490056
               3 C      0.307416360481   -0.009581471824   -0.056279756122
               4 C      1.720164231132   -0.022717873676    0.359021992117
               5 N      1.301535975423   -0.654673967699   -0.903816913698
               6 H     -0.495043651480    1.226358906542   -1.701176686934
               7 H     -0.571785553329    2.031421760693   -0.099177665065
               8 H     -2.440043618816    0.719388876612    0.345022886274
               9 H     -1.038625524910   -1.764065036108    0.193351498504
              10 H     -1.038439966601   -0.652977886191    1.594660321395
              11 H      2.327801667851    0.873538175812    0.248387597085
              12 H      1.997471310581   -0.658249450810    1.200100591357
              13 H      1.257830819265   -1.666088924987   -0.800820360583
------------------------ !GEOMETRY! -------------------------
    Number of atoms:    14 
    Geometry Index:     7 
    Coordinates:
               0 C     -0.611604405852    1.067213745248   -0.626456328211
               1 N     -1.786021204178    0.225943004817   -0.257627512460
               2 C     -0.922829251583   -0.715787746228    0.503354423095
               3 C      0.307248410088   -0.026542203247   -0.089403464110
               4 C      1.709036282996   -0.022925660225    0.361572782389
               5 N      1.321460169248   -0.661994126881   -0.910843177530
               6 H     -0.520342440461    1.256823257648   -1.700769647606
               7 H     -0.544049250281    2.014344423853   -0.073837857974
               8 H     -2.462482891433    0.708385492055    0.323184221946
               9 H     -1.062106704166   -1.767742761784    0.222672773619
              10 H     -0.998357511921   -0.621930492199    1.595788160550
              11 H      2.315964481012    0.874506698085    0.258145962218
              12 H      1.970859913073   -0.656393308681    1.208980316192
              13 H      1.283324403458   -1.674100322460   -0.814660652118
------------------------ !GEOMETRY! -------------------------
    Number of atoms:    14 
    Geometry Index:     8 
    Coordinates:
               0 C     -0.611469836349    1.068165208958   -0.627087268931
               1 N     -1.781591023829    0.225638179966   -0.256858902451
               2 C     -0.921040288295   -0.715364095230    0.503866046734
               3 C      0.306317460693   -0.036606995745   -0.109268122696
               4 C      1.702353086044   -0.023332924770    0.361646503445
               5 N      1.333450443164   -0.667455380292   -0.914331494536
               6 H     -0.535977610079    1.279034058556   -1.698769441674
               7 H     -0.525412571905    2.003461755015   -0.056433026080
               8 H     -2.479329358454    0.699386619794    0.305225790054
               9 H     -1.077342706247   -1.769585016460    0.241385484645
              10 H     -0.973483124665   -0.604006701005    1.596327491082
              11 H      2.308559311472    0.874769762993    0.260507616523
              12 H      1.955648721202   -0.654617734893    1.213214050920
              13 H      1.299417497247   -1.679686736886   -0.819324727037
------------------------ !GEOMETRY! -------------------------
    Number of atoms:    14 
    Geometry Index:     9 
    Coordinates:
               0 C     -0.611460696225    1.068125296676   -0.628595833801
               1 N     -1.781437448956    0.228629474629   -0.252516900362
               2 C     -0.921355360655   -0.716704616169    0.502833406076
               3 C      0.305659209342   -0.037348640778   -0.110556049894
               4 C      1.701493449887   -0.022473924442    0.362494470565
               5 N      1.335299677396   -0.667715255340   -0.912951673244
               6 H     -0.539296300162    1.276441372445   -1.701056547909
               7 H     -0.521669450550    2.004219000791   -0.059823297647
               8 H     -2.478759274809    0.702602590818    0.310119487948
               9 H     -1.080198478947   -1.769373490820    0.235575217175
              10 H     -0.971274011018   -0.609497755120    1.595827696811
              11 H      2.306484156664    0.876326155734    0.260587926876
              12 H      1.954030988508   -0.653559438860    1.214466724032
              13 H      1.302583539525   -1.679870769563   -0.816304626626
------------------------ !GEOMETRY! -------------------------
    Number of atoms:    14 
    Geometry Index:     10 
    Coordinates:
               0 C     -0.611126487928    1.068570821488   -0.628724990335
               1 N     -1.781084382165    0.229563941613   -0.251289481184
               2 C     -0.921600092714   -0.717336134563    0.502913337502
               3 C      0.304947436855   -0.037488485641   -0.110505584492
               4 C      1.701159394085   -0.022102450072    0.362319953218
               5 N      1.335334795760   -0.667902942840   -0.912569524804
               6 H     -0.539679561944    1.275747800111   -1.701406324173
               7 H     -0.520092097141    2.005288058637   -0.061104940116
               8 H     -2.478715132386    0.703322973934    0.310916004818
               9 H     -1.080922269148   -1.769361966930    0.233613656223
              10 H     -0.971286903755   -0.612540319308    1.596202217588
              11 H      2.305646511983    0.876956012811    0.259855333965
              12 H      1.954127754702   -0.652970057293    1.214297220464
              13 H      1.303391033796   -1.679947251947   -0.814416878673
