    55
     1   -2.802671   -2.996261    2.617241      1
     2    0.913555   -3.695629    0.106485      1
     3   -5.182512   -2.600470   -1.221352      1
     4   -3.060409   -1.101760    1.939697      1
     5   -0.683523   -2.532966   -2.512419      1
     6    0.592870   -2.024540   -1.010927      1
     7   -6.938574   -0.579088    0.671301      1
     8   -5.092187   -0.886877   -0.121847      1
     9    5.369751   -1.747469    1.220470      1
    10   -3.552893    0.064508    3.535674      1
    11    4.002931   -2.616444   -3.147991      1
    12   -0.660172   -0.036327    0.702463      1
    13    3.119449   -1.113274   -2.100389      1
    14    1.167092    0.721211    2.634339      1
    15    4.860513   -0.185592    0.018405      1
    16    0.360379    1.923182    3.811963      1
    17   -4.316451    1.283901   -1.704136      1
    18   -4.306716    0.832127   -3.504929      1
    19    6.575645    0.593487   -0.749991      1
    20    2.803998    0.406044   -3.422972      1
    21    3.502318    1.801030    1.615875      1
    22    4.668989    2.369565    3.178930      1
    23   -1.816485    2.151530   -0.869729      1
    24   -0.689125    2.702831   -2.465017      1
    25   -2.005091    3.792588    0.332611      1
    26    3.164033    3.469156    0.467859      1
    27   -2.897408   -2.300928    2.362463      2
    28    0.797140   -3.077269   -0.303156      2
    29   -5.143870   -1.964444   -0.820038      2
    30   -0.208707   -2.337721   -1.954080      2
    31   -4.071832   -0.999907    0.919061      2
    32   -3.368483   -0.362221    2.937873      2
    33   -6.261850   -0.689898    0.383521      2
    34   -1.855409   -0.579505    1.332157      2
    35   -0.026060   -1.031680   -0.165440      2
    36    1.856045   -1.560879   -1.554413      2
    37    3.674811   -2.061517   -2.755618      2
    38    5.179035   -1.172697    0.777528      2
    39   -4.758463   -0.013793   -0.771404      2
    40    0.069306    0.293428    1.460011      2
    41   -2.982292    0.272165   -0.024879      3
    42    2.086751   -0.121015    0.303590      3
    43    3.989781   -0.647962   -1.039025      2
    44    0.553628    1.639121    3.520374      2
    45   -1.211881    1.056813   -0.081214      2
    46    2.918728   -0.157325   -2.925313      2
    47    4.185457    0.795636    0.805907      2
    48    5.935212    0.307801   -0.466771      2
    49    2.556295    1.386418    2.004936      2
    50   -4.302041    0.932876   -3.072000      2
    51   -2.811589    1.777745   -1.209267      2
    52    4.239337    2.159380    2.607649      2
    53   -1.106166    2.494068   -1.880478      2
    54   -1.936493    3.182849   -0.104311      2
    55    3.283674    2.847423    0.890763      2
