    37
     1   -0.225242   -4.197250    1.570584      1
     2   -4.206033   -2.304195    1.002788      1
     3   -0.303993   -2.359874    1.314831      1
     4    3.178672   -2.872686   -0.678513      1
     5   -2.688771   -2.315231   -1.941482      1
     6   -2.600604   -1.603070   -0.023643      1
     7    1.981931   -1.451214    0.111901      1
     8    3.221125    0.884151    1.204398      1
     9   -2.675220    1.272588   -0.093110      1
    10    2.299321    1.637365    2.828153      1
    11   -2.587894    1.946738    1.837062      1
    12    5.229360    1.050858    1.184587      1
    13    1.826528    1.007933   -1.297058      1
    14   -4.422893    1.910958   -0.911217      1
    15    2.993901    1.142006   -2.936337      1
    16   -0.598414    2.206070   -1.668132      1
    17   -0.431996    4.053877   -1.505480      1
    18   -0.243065   -3.761823    1.500204      2
    19   -3.615990   -2.047106    0.629402      2
    20   -1.680071   -1.917011    0.484896      2
    21   -2.651556   -2.055580   -1.239245      2
    22    2.741216   -2.354436   -0.387618      2
    23    1.060216   -1.815580    0.577058      2
    24   -2.631730   -0.167643   -0.062554      2
    25    2.641298   -0.335225    0.738759      2
    26   -0.406998   -0.186591   -0.363236      3
    27    1.826130   -0.269082   -0.669634      2
    28    2.629696    1.362307    2.233827      2
    29   -2.615047    1.701052    1.128901      2
    30    4.488834    0.986177    1.184452      2
    31    2.533705    1.054621   -0.049323      2
    32   -3.781701    1.677270   -0.613643      2
    33   -1.833801    1.643635   -0.695252      2
    34    0.856216    1.488484   -1.401960      2
    35    2.573319    1.093423   -2.337459      2
    36   -0.470138    3.610857   -1.536156      2
    37    2.341923    0.171621    0.024267      3
