-------------------------------------------------------------
----------------------- !PROPERTIES! ------------------------
-------------------------------------------------------------
# -----------------------------------------------------------
$ PAL_Flags
   description: The PAL Flags
   geom. index: 1
   prop. index: 1
        Diskflag:     2
# -----------------------------------------------------------
$ SCF_Energy
   description: The SCF energy
   geom. index: 1
   prop. index: 1
        SCF Energy:     -306.1285912103
# -----------------------------------------------------------
$ DFT_Energy
   description: The DFT energy
   geom. index: 1
   prop. index: 1
   Number of Alpha Electrons                 26.9999647320 
   Number of Beta  Electrons                 26.9999647320 
   Total number of  Electrons                53.9999294639 
   Exchange energy                          -28.4269211121 
   Correlation energy                        -2.2124829742 
   Correlation energy NL                      0.0000000000 
   Exchange-Correlation energy              -30.6394040862 
   Embedding correction                       0.0000000000 
   Total DFT Energy (No VdW correction)    -306.1285912103 
# -----------------------------------------------------------
$ Mayer_Pop
   description: The Mayer population analysis
   geom. index: 1
   prop. index: 1
     Number of atoms                     : 17
     Threshold for printing              : 0.1000000
     Number of bond orders printed       : 20
  NA   - Mulliken gross atomic population
  ZA   - Total nuclear charge
  QA   - Mulliken gross atomic charge
  VA   - Mayer's total valence
  BVA  - Mayer's bonded valence
  FA   - Mayer's free valence
  ATOM       NA         ZA         QA         VA         BVA        FA
  0   0     6.2984     6.0000    -0.2984     3.8262     3.8262    -0.0000
  1   0     6.1884     6.0000    -0.1884     3.6487     3.6487     0.0000
  2   0     7.3354     7.0000    -0.3354     2.7396     2.7396     0.0000
  3   0     6.1013     6.0000    -0.1013     4.1775     4.1775    -0.0000
  4   0     6.2185     6.0000    -0.2185     3.5070     3.5070     0.0000
  5   0     6.3847     6.0000    -0.3847     4.1905     4.1905     0.0000
  6   0     7.3458     7.0000    -0.3458     2.7165     2.7165    -0.0000
  7   0     0.8606     1.0000     0.1394     0.9564     0.9564     0.0000
  8   0     0.8564     1.0000     0.1436     0.9180     0.9180    -0.0000
  9   0     0.8524     1.0000     0.1476     0.9332     0.9332     0.0000
 10   0     0.8309     1.0000     0.1691     0.8910     0.8910     0.0000
 11   0     0.6993     1.0000     0.3007     0.8461     0.8461     0.0000
 12   0     0.8156     1.0000     0.1844     0.9208     0.9208     0.0000
 13   0     0.8216     1.0000     0.1784     0.9594     0.9594    -0.0000
 14   0     0.8543     1.0000     0.1457     0.9710     0.9710    -0.0000
 15   0     0.8348     1.0000     0.1652     0.9508     0.9508    -0.0000
 16   0     0.7017     1.0000     0.2983     0.8522     0.8522    -0.0000
      Bond orders larger than 0.1000000
           Atom A     A.N. of A          Atom B    A.N. of B              Bond order
                0             6               1            6                0.966834
                0             6               6            7                0.860131
                0             6               7            1                0.974533
                0             6               8            1                0.963673
                1             6               2            7                0.825782
                1             6               9            1                0.959442
                1             6              10            1                0.987954
                2             7               3            6                1.333762
                2             7               4            6               -0.318756
                2             7              11            1                0.865775
                3             6               4            6                1.063527
                3             6               5            6                1.059694
                3             6               6            7               -0.136843
                3             6              12            1                0.795423
                4             6               5            6                0.868068
                4             6              13            1                0.908225
                4             6              14            1                0.926576
                5             6               6            7                1.188093
                5             6              15            1                0.875999
                6             7              16            1                0.876579
# -----------------------------------------------------------
$ VdW_Correction
   description: The Van der Waals Correction
   geom. index: 1
   prop. index: 1
        Van der Waals Correction:       -0.0270712472
# -----------------------------------------------------------
$ Hessian
   description: Details about the Hessian
   geom. index: 1
   prop. index: 1
Normal modes:
Number of Rows: 51 Number of Columns: 51
                  0          1          2          3          4          5    
      0       0.000000   0.000000   0.000000   0.000000   0.000000   0.000000
      1       0.000000   0.000000   0.000000   0.000000   0.000000   0.000000
      2       0.000000   0.000000   0.000000   0.000000   0.000000   0.000000
      3       0.000000   0.000000   0.000000   0.000000   0.000000   0.000000
      4       0.000000   0.000000   0.000000   0.000000   0.000000   0.000000
      5       0.000000   0.000000   0.000000   0.000000   0.000000   0.000000
      6       0.000000   0.000000   0.000000   0.000000   0.000000   0.000000
      7       0.000000   0.000000   0.000000   0.000000   0.000000   0.000000
      8       0.000000   0.000000   0.000000   0.000000   0.000000   0.000000
      9       0.000000   0.000000   0.000000   0.000000   0.000000   0.000000
     10       0.000000   0.000000   0.000000   0.000000   0.000000   0.000000
     11       0.000000   0.000000   0.000000   0.000000   0.000000   0.000000
     12       0.000000   0.000000   0.000000   0.000000   0.000000   0.000000
     13       0.000000   0.000000   0.000000   0.000000   0.000000   0.000000
     14       0.000000   0.000000   0.000000   0.000000   0.000000   0.000000
     15       0.000000   0.000000   0.000000   0.000000   0.000000   0.000000
     16       0.000000   0.000000   0.000000   0.000000   0.000000   0.000000
     17       0.000000   0.000000   0.000000   0.000000   0.000000   0.000000
     18       0.000000   0.000000   0.000000   0.000000   0.000000   0.000000
     19       0.000000   0.000000   0.000000   0.000000   0.000000   0.000000
     20       0.000000   0.000000   0.000000   0.000000   0.000000   0.000000
     21       0.000000   0.000000   0.000000   0.000000   0.000000   0.000000
     22       0.000000   0.000000   0.000000   0.000000   0.000000   0.000000
     23       0.000000   0.000000   0.000000   0.000000   0.000000   0.000000
     24       0.000000   0.000000   0.000000   0.000000   0.000000   0.000000
     25       0.000000   0.000000   0.000000   0.000000   0.000000   0.000000
     26       0.000000   0.000000   0.000000   0.000000   0.000000   0.000000
     27       0.000000   0.000000   0.000000   0.000000   0.000000   0.000000
     28       0.000000   0.000000   0.000000   0.000000   0.000000   0.000000
     29       0.000000   0.000000   0.000000   0.000000   0.000000   0.000000
     30       0.000000   0.000000   0.000000   0.000000   0.000000   0.000000
     31       0.000000   0.000000   0.000000   0.000000   0.000000   0.000000
     32       0.000000   0.000000   0.000000   0.000000   0.000000   0.000000
     33       0.000000   0.000000   0.000000   0.000000   0.000000   0.000000
     34       0.000000   0.000000   0.000000   0.000000   0.000000   0.000000
     35       0.000000   0.000000   0.000000   0.000000   0.000000   0.000000
     36       0.000000   0.000000   0.000000   0.000000   0.000000   0.000000
     37       0.000000   0.000000   0.000000   0.000000   0.000000   0.000000
     38       0.000000   0.000000   0.000000   0.000000   0.000000   0.000000
     39       0.000000   0.000000   0.000000   0.000000   0.000000   0.000000
     40       0.000000   0.000000   0.000000   0.000000   0.000000   0.000000
     41       0.000000   0.000000   0.000000   0.000000   0.000000   0.000000
     42       0.000000   0.000000   0.000000   0.000000   0.000000   0.000000
     43       0.000000   0.000000   0.000000   0.000000   0.000000   0.000000
     44       0.000000   0.000000   0.000000   0.000000   0.000000   0.000000
     45       0.000000   0.000000   0.000000   0.000000   0.000000   0.000000
     46       0.000000   0.000000   0.000000   0.000000   0.000000   0.000000
     47       0.000000   0.000000   0.000000   0.000000   0.000000   0.000000
     48       0.000000   0.000000   0.000000   0.000000   0.000000   0.000000
     49       0.000000   0.000000   0.000000   0.000000   0.000000   0.000000
     50       0.000000   0.000000   0.000000   0.000000   0.000000   0.000000
                  6          7          8          9         10         11    
      0       0.140538   0.059881  -0.011436  -0.080203  -0.190658  -0.005266
      1       0.062502  -0.003542   0.000063  -0.050896   0.156847  -0.021567
      2       0.130148   0.117195  -0.059647   0.084688   0.016123   0.058871
      3      -0.010933   0.059005  -0.050933  -0.233975   0.100167  -0.024117
      4       0.053503  -0.006698  -0.004146  -0.018708   0.182831   0.006092
      5       0.065200  -0.176110   0.079472  -0.043951  -0.014124  -0.013202
      6       0.012959  -0.063565  -0.011911  -0.090588   0.099482   0.038730
      7      -0.142166   0.001169  -0.152027   0.106899  -0.022432   0.210232
      8      -0.096922   0.050220  -0.066936  -0.201638  -0.087586  -0.034616
      9       0.013648  -0.024889  -0.000425   0.063044   0.168118   0.064921
     10       0.011567   0.003491   0.026692   0.100404  -0.095870  -0.048172
     11       0.010398   0.117383   0.084720   0.053769   0.065193  -0.136137
     12      -0.157275  -0.002715  -0.045542   0.227168   0.017803  -0.204181
     13       0.068250   0.078739   0.131561   0.106717  -0.017494   0.004549
     14       0.080026  -0.081794  -0.077675   0.024936   0.021070   0.003706
     15       0.016951  -0.043996   0.029023   0.129249  -0.079204   0.066419
     16       0.003906  -0.083960  -0.074541   0.001546  -0.145214  -0.089433
     17      -0.006069  -0.058698  -0.096740   0.051070   0.041382  -0.088937
     18      -0.022284  -0.012524   0.104915  -0.004249  -0.099552   0.072222
     19      -0.072166   0.005180   0.065298  -0.244869  -0.083296  -0.086007
     20      -0.172348   0.040854   0.134617   0.049225   0.027830   0.123658
     21       0.076977   0.026315   0.037069  -0.015270  -0.170500   0.042642
     22       0.170011   0.145641  -0.104022   0.198589  -0.059919   0.108088
     23       0.350700   0.298018  -0.245222   0.124737  -0.194571   0.048000
     24       0.418874   0.229753  -0.236867   0.053640  -0.377226   0.002315
     25       0.056148  -0.206771   0.097884  -0.146601   0.375674  -0.105375
     26       0.122256   0.190540  -0.088325   0.118323  -0.062414   0.092578
     27       0.010721  -0.042905  -0.021612  -0.106153   0.132573   0.047291
     28       0.102372  -0.164023   0.121475  -0.058468  -0.063040  -0.056350
     29       0.131676  -0.445491   0.211125   0.134128  -0.131804   0.057714
     30      -0.164038   0.347323  -0.240003  -0.417764   0.180483  -0.042618
     31       0.138855   0.182048  -0.075364   0.003212   0.410773  -0.019329
     32       0.033870  -0.260932   0.112508  -0.048012  -0.113411  -0.001317
     33      -0.009438  -0.053679  -0.015436  -0.009439  -0.068588   0.025939
     34      -0.147743  -0.000384  -0.158276   0.118942  -0.024212   0.224265
     35      -0.287916   0.051862  -0.281043  -0.085433  -0.188894   0.297114
     36       0.116107  -0.002708   0.112349   0.039850   0.201977   0.095748
     37       0.081858  -0.001570   0.087551   0.046054  -0.078907  -0.072020
     38       0.100940   0.189434   0.229434   0.139273   0.099475   0.013813
     39      -0.262880   0.034734  -0.105355   0.357882  -0.003581  -0.537484
     40       0.036989   0.244949   0.366201   0.267202  -0.082262  -0.161196
     41       0.021137  -0.148292  -0.249255   0.028642   0.042546  -0.145246
     42      -0.161556  -0.001441  -0.043042   0.237464   0.008638  -0.219545
     43       0.139629   0.051597   0.081540  -0.031256   0.160847   0.207509
     44       0.204903  -0.113751   0.026261  -0.107246  -0.065157   0.323182
     45       0.098356  -0.103911  -0.030844   0.046570  -0.116313   0.101347
     46       0.044288  -0.184205  -0.155289   0.026612  -0.069670   0.045066
     47       0.066880  -0.120436  -0.159336  -0.013211   0.026562  -0.042599
     48      -0.028444   0.060403   0.196455  -0.123477   0.020177   0.160666
     49      -0.023996  -0.012884  -0.005353  -0.164110  -0.066462  -0.127031
     50      -0.335559   0.070879   0.335916  -0.205067  -0.126768   0.213031
                 12         13         14         15         16         17    
      0       0.033774   0.131293   0.005145   0.127015   0.017447   0.008593
      1      -0.011034   0.008618  -0.028972  -0.077899  -0.048951  -0.102938
      2      -0.057760  -0.064786   0.009532  -0.063983   0.094297  -0.008258
      3      -0.045529   0.055411   0.097408   0.089706   0.091584   0.006022
      4      -0.040026   0.029263   0.000337   0.114425  -0.023225   0.087019
      5      -0.042927  -0.016752   0.019143  -0.030667   0.061824   0.045008
      6       0.029438   0.019711   0.073030  -0.028405  -0.036939  -0.032366
      7       0.054833  -0.004540   0.084940   0.045071   0.040076   0.034556
      8      -0.089108  -0.031844  -0.112941  -0.033764  -0.156364   0.030835
      9       0.115407  -0.130620  -0.124138   0.027263  -0.105018  -0.007730
     10      -0.070494   0.034915   0.209877  -0.016671  -0.087474   0.022782
     11       0.089527  -0.114721   0.065880   0.099089   0.013521  -0.041494
     12       0.016095   0.006390   0.018338  -0.084185  -0.035154   0.011768
     13       0.002519   0.145223  -0.123800  -0.088618   0.036160   0.031722
     14       0.026717   0.015765   0.146265  -0.067995  -0.037290   0.020384
     15      -0.113920  -0.199260  -0.070830  -0.055631   0.061459   0.015252
     16      -0.096655  -0.090062  -0.115505   0.102467   0.014128  -0.037517
     17       0.051549   0.182332  -0.109341  -0.020806   0.075453  -0.004975
     18      -0.047663   0.098779  -0.019239  -0.041869   0.001939  -0.023886
     19       0.142828  -0.126769   0.013569  -0.085921   0.051783  -0.022260
     20      -0.060027   0.086884  -0.012549   0.107251  -0.061064  -0.063650
     21      -0.044177   0.171419  -0.037478   0.093761   0.000992  -0.034837
     22       0.149967  -0.010512  -0.126655  -0.177659  -0.411230  -0.172086
     23       0.230762  -0.164925   0.034126  -0.067347  -0.126336   0.046987
     24       0.278155   0.026008   0.012487   0.022986  -0.185386   0.085179
     25      -0.251133   0.043983  -0.004682  -0.166223   0.235885  -0.036580
     26       0.027605  -0.068220  -0.002118  -0.015701  -0.021904  -0.045589
     27       0.069748   0.021936   0.179583   0.092648   0.132060  -0.051547
     28       0.170514   0.163679  -0.034612   0.441274  -0.163877   0.036489
     29       0.284978   0.012250   0.122111   0.186032   0.029571  -0.084866
     30      -0.348447  -0.001992  -0.009575  -0.144357   0.017974   0.121284
     31      -0.302874  -0.019244  -0.011439  -0.084949   0.216441   0.173852
     32       0.076686   0.002207   0.020535   0.060737  -0.050949   0.004375
     33       0.022968   0.051160   0.191367  -0.136495  -0.027848  -0.093276
     34       0.075929   0.004457   0.094779   0.042668   0.089812   0.006532
     35       0.239405   0.053558  -0.148165  -0.124885   0.529956  -0.465472
     36       0.099489  -0.225711  -0.140566   0.095549  -0.097658  -0.044347
     37      -0.080445   0.094125   0.230741  -0.041207  -0.141365  -0.048460
     38       0.047909  -0.508845  -0.019101   0.355343   0.190859   0.068455
     39       0.059640   0.067766   0.009071   0.120333   0.131694   0.106748
     40      -0.104481  -0.009907   0.114060   0.010993   0.250730  -0.108663
     41       0.119079   0.146140   0.004196   0.020828  -0.038980   0.169364
     42       0.003187  -0.010319   0.035761  -0.074892  -0.027044   0.007912
     43       0.248460   0.356424  -0.511084  -0.233542  -0.070604   0.086451
     44      -0.171701  -0.265785   0.330265  -0.240719  -0.205855  -0.135142
     45      -0.068588  -0.209754  -0.144760  -0.095265   0.149423   0.127237
     46      -0.111368  -0.244641  -0.414534   0.367240   0.003887   0.102648
     47       0.093914   0.156949  -0.205901  -0.010997   0.144844   0.105681
     48       0.111837   0.092868   0.039322  -0.238984   0.030869   0.153337
     49       0.028868  -0.078418  -0.013572   0.007452   0.016975  -0.223763
     50       0.324106  -0.150071   0.041182  -0.179218   0.093983   0.665108
                 18         19         20         21         22         23    
      0       0.022921  -0.116777  -0.026440  -0.034997  -0.007251   0.079817
      1      -0.078348   0.037655  -0.029638   0.011571  -0.005182  -0.054772
      2       0.004519  -0.051984   0.032207  -0.061828  -0.025360  -0.023625
      3       0.054541   0.090119   0.005725   0.009481  -0.012252  -0.114156
      4       0.087438   0.020173  -0.028147   0.043199   0.024425   0.005604
      5      -0.021914  -0.029712   0.021603   0.022125   0.013455   0.044948
      6      -0.060730   0.060474   0.001861   0.040535   0.015099   0.057276
      7      -0.015503   0.009758   0.067065  -0.035112  -0.011728   0.059984
      8       0.008064   0.020779  -0.024122  -0.039589   0.003037   0.003277
      9       0.009820  -0.109918  -0.015279  -0.017416   0.017090   0.038179
     10      -0.052201  -0.066887   0.009168   0.005859   0.016844  -0.058022
     11      -0.026634  -0.076698   0.105779   0.106524   0.025038  -0.063467
     12       0.094628  -0.027231  -0.021468  -0.015862  -0.015843  -0.007575
     13       0.044704   0.043204  -0.051886   0.004113  -0.125119  -0.028607
     14       0.028111  -0.011838  -0.085084  -0.124591   0.058579  -0.018108
     15       0.069662   0.085556   0.023629   0.022611   0.005375  -0.040342
     16      -0.010877  -0.030194   0.022216   0.112787   0.025884   0.023426
     17      -0.000682   0.093204   0.044925   0.075977  -0.009210   0.123131
     18      -0.085071  -0.017461   0.054987   0.001063   0.000267  -0.013946
     19       0.033755  -0.001903   0.031665  -0.077546  -0.024774   0.040557
     20       0.012022   0.009405  -0.007742  -0.018606  -0.005819  -0.009999
     21      -0.066302  -0.181376  -0.007876  -0.025845  -0.009538   0.110490
     22      -0.286109   0.295539  -0.024699   0.263608   0.075006  -0.053728
     23       0.044228   0.275902   0.005783   0.102883   0.036975  -0.083911
     24      -0.067005   0.167456  -0.056596   0.235400   0.079857   0.035331
     25      -0.152202  -0.321375  -0.055235   0.002014  -0.014153   0.036183
     26       0.038894   0.086742   0.042884  -0.067959  -0.025075  -0.060663
     27       0.004660   0.199584   0.108884   0.040260  -0.026810  -0.176212
     28       0.345763   0.095256  -0.193731  -0.060660  -0.020031  -0.178582
     29       0.070430   0.195537   0.078919  -0.004972  -0.042165  -0.180543
     30      -0.107225   0.009316   0.034851   0.037539   0.028324   0.130770
     31       0.001669  -0.301889  -0.041895   0.120767   0.081382   0.213258
     32       0.020002   0.113395   0.025171  -0.013237  -0.011392  -0.049217
     33      -0.172566  -0.043744   0.020513   0.021596   0.013879   0.037248
     34      -0.014416  -0.008792   0.041094  -0.010173  -0.005410   0.041511
     35       0.063650  -0.290268  -0.580856   0.289279   0.109048  -0.272040
     36      -0.109897   0.001834  -0.299858  -0.112790  -0.094066   0.303860
     37      -0.079553  -0.053051  -0.176195   0.051931   0.040311   0.071775
     38      -0.289744   0.211850  -0.135321  -0.264442  -0.351118   0.283227
     39      -0.272214   0.092938  -0.181434  -0.173099  -0.021446  -0.061804
     40       0.027332   0.398852  -0.244949  -0.253097   0.639467   0.306334
     41      -0.220228  -0.127678  -0.094708  -0.093206  -0.375672  -0.249012
     42       0.086166  -0.012484  -0.049003  -0.004770  -0.044690  -0.000226
     43       0.227219  -0.237055   0.371223  -0.245286   0.375483  -0.203915
     44       0.452309  -0.033840  -0.132793   0.275506  -0.242203   0.136724
     45      -0.066118   0.102392   0.104246  -0.162410   0.039574  -0.309611
     46      -0.293007  -0.033422  -0.228637  -0.224301   0.145562  -0.363463
     47      -0.154079   0.105223   0.075169  -0.117856   0.036986  -0.135305
     48      -0.201123  -0.001189  -0.060535  -0.002776  -0.025121  -0.146741
     49       0.080312   0.009692   0.113941  -0.194695  -0.057932   0.072487
     50      -0.106757  -0.038461  -0.264564   0.485720   0.158512  -0.045105
                 24         25         26         27         28         29    
      0       0.037360   0.068734   0.012615  -0.094331  -0.058254  -0.049015
      1       0.043033   0.094546  -0.020350  -0.029071  -0.045390  -0.062624
      2      -0.108558   0.076911  -0.005137   0.050672   0.014206   0.049174
      3       0.052654   0.032380  -0.012939   0.109422  -0.007772  -0.050178
      4      -0.050775  -0.086659  -0.009218  -0.014883   0.037690   0.053752
      5       0.120380  -0.095458   0.028169   0.019987  -0.000351  -0.048297
      6      -0.065128  -0.018071  -0.017390  -0.161536   0.024182   0.125383
      7       0.014448   0.029694   0.031658   0.010368  -0.022729  -0.002468
      8      -0.073914   0.036518  -0.006370   0.006891  -0.002484   0.017839
      9      -0.037313  -0.017675   0.068386   0.106241  -0.056722  -0.054044
     10      -0.049889  -0.011388  -0.038985   0.005031   0.056048  -0.122458
     11      -0.011291  -0.003212   0.044507  -0.050614  -0.007343   0.033708
     12       0.086352   0.047336  -0.012288  -0.013588   0.091007   0.005945
     13       0.020246  -0.020202   0.066226  -0.021067  -0.047194   0.056685
     14       0.056716  -0.021974  -0.028668   0.025453  -0.063664   0.096123
     15      -0.037364  -0.017821  -0.053484  -0.081775  -0.088655  -0.062715
     16       0.013789   0.018704  -0.061667   0.088486  -0.031026   0.101813
     17      -0.060469   0.045475   0.005246   0.017060   0.051844  -0.083660
     18      -0.031146  -0.062938   0.015413   0.138336   0.083375   0.097458
     19      -0.009099  -0.042539   0.024809  -0.014221   0.007763  -0.008611
     20       0.056389  -0.041423  -0.005102  -0.058290  -0.037690  -0.053310
     21       0.011683   0.192220  -0.002156  -0.099424  -0.140110   0.080502
     22       0.248481   0.019669  -0.046077  -0.032648  -0.143760   0.065155
     23       0.092594  -0.249223   0.012568   0.080416   0.130610  -0.119834
     24       0.301789  -0.214503   0.021060   0.030143   0.022587  -0.157582
     25       0.060355   0.363163  -0.022558  -0.052391  -0.158315  -0.207713
     26      -0.116819  -0.019777  -0.006574   0.044728   0.047556   0.102526
     27       0.074365   0.163424   0.013630   0.271133  -0.077397   0.021377
     28      -0.370785   0.024189  -0.135060  -0.161464   0.142152   0.036251
     29      -0.061807   0.192763  -0.011005   0.192481  -0.044505   0.050113
     30       0.333127  -0.213062   0.062311  -0.031566  -0.053830  -0.147680
     31      -0.021254  -0.290181   0.023454  -0.118140   0.123120   0.139541
     32       0.086087  -0.001110   0.009574   0.060774  -0.032017  -0.073749
     33      -0.147296   0.054382  -0.094307  -0.462288   0.106655   0.077483
     34       0.023202   0.007791   0.021259  -0.001831  -0.011291  -0.005554
     35      -0.041596  -0.267255  -0.159588  -0.052743   0.138613  -0.026851
     36      -0.132995  -0.058851  -0.157569   0.344042   0.122828  -0.376471
     37      -0.262442  -0.085614  -0.071155   0.239075   0.111032  -0.465583
     38       0.306763   0.092263  -0.498279  -0.080057   0.361566   0.077664
     39      -0.106741  -0.161553   0.025613   0.063842  -0.326094   0.137474
     40      -0.050794   0.106978   0.202493   0.108190  -0.117993   0.120183
     41      -0.032325  -0.239736  -0.077801   0.010230  -0.330821   0.178120
     42       0.076847   0.043682   0.018912  -0.012054   0.078908   0.015403
     43       0.288013   0.038216  -0.495055  -0.037169   0.142865   0.040560
     44       0.200487   0.225327   0.282012  -0.015991   0.247181   0.099901
     45      -0.171425  -0.157364   0.085154  -0.360821   0.013196  -0.380312
     46       0.276964   0.211150   0.450988  -0.190335   0.464446   0.127766
     47      -0.134191  -0.031352   0.194041  -0.245395   0.215039  -0.345769
     48      -0.113253   0.131411   0.027527   0.269938   0.193254   0.135630
     49       0.015097  -0.157305   0.049583  -0.039283   0.011650  -0.020382
     50      -0.017278   0.345489  -0.111234  -0.025623  -0.111709  -0.009851
                 30         31         32         33         34         35    
      0       0.009168   0.015234   0.047942   0.006830  -0.060468   0.002872
      1      -0.008632  -0.045285   0.044500  -0.013630  -0.108210   0.065693
      2       0.040112  -0.016237  -0.027425   0.038664   0.038013  -0.029434
      3       0.008324   0.000277  -0.044597  -0.072777   0.042496   0.030507
      4       0.028800   0.038561   0.035911   0.072056  -0.040141  -0.090631
      5       0.053060  -0.026150  -0.005124  -0.050798   0.000646   0.041430
      6      -0.006227   0.004617   0.008225   0.063878   0.004972  -0.020451
      7      -0.009193  -0.014222   0.002559   0.011747   0.027327   0.042769
      8      -0.043826   0.046243   0.004920  -0.019382  -0.010050  -0.005996
      9       0.001543  -0.032808  -0.059226  -0.080506  -0.047279  -0.044626
     10       0.014127  -0.003608  -0.009743  -0.084682  -0.038939  -0.078434
     11       0.005623  -0.007991   0.035669   0.043119   0.030841   0.031000
     12       0.010065   0.022387  -0.014562   0.027930  -0.001561  -0.007673
     13      -0.007430   0.001914  -0.000229  -0.000686   0.007438  -0.022395
     14      -0.008554  -0.002489   0.002856  -0.001452   0.005704  -0.037705
     15      -0.008413  -0.017137   0.107127  -0.044215   0.045323  -0.012312
     16      -0.009586  -0.018550  -0.066649   0.044000  -0.054120   0.033023
     17       0.004211  -0.023212   0.038871  -0.061195   0.008122  -0.028968
     18      -0.021639  -0.013492  -0.017223   0.027258   0.018822  -0.014047
     19       0.004337   0.015461   0.010877  -0.014673   0.035442  -0.020645
     20      -0.043536   0.004271  -0.015279   0.008960  -0.005580   0.003760
     21       0.323838   0.215087  -0.097736  -0.068827   0.162919  -0.041737
     22       0.380503   0.277414  -0.257337  -0.200908   0.437378  -0.066637
     23      -0.331930  -0.201426   0.062663   0.063185  -0.051458  -0.030415
     24      -0.382903  -0.016350  -0.136137   0.087287   0.143445  -0.052147
     25      -0.418263  -0.094274  -0.243534   0.263885   0.434474  -0.273540
     26       0.228762   0.001947   0.100330  -0.084181  -0.187699   0.112847
     27      -0.110410   0.387711   0.150324   0.052981  -0.142979  -0.106503
     28       0.085808  -0.403216  -0.291226  -0.159250   0.377961   0.226387
     29      -0.096971   0.288338   0.086713  -0.002370  -0.026971   0.026844
     30       0.335281  -0.303101   0.051890   0.273596   0.019580  -0.046313
     31      -0.233607   0.359815  -0.031391  -0.490271   0.088712   0.347017
     32       0.160752  -0.153766   0.022748   0.186816  -0.046439  -0.143612
     33      -0.110478  -0.148512   0.021489  -0.252132   0.005135   0.224625
     34       0.002643  -0.020930   0.001550   0.008749   0.024882   0.037259
     35       0.067548   0.046802   0.001794  -0.010727  -0.087930  -0.153317
     36       0.054957   0.128191   0.156700   0.281694   0.181937   0.247318
     37       0.073885   0.146545   0.289491   0.318422   0.252263   0.257418
     38      -0.010606   0.022112  -0.177821  -0.096573  -0.137826  -0.120768
     39      -0.026870  -0.005692  -0.039510   0.127912  -0.012067   0.373862
     40      -0.022678  -0.033881  -0.147295   0.010595  -0.080604   0.088860
     41      -0.027862  -0.003350   0.067452   0.069469   0.047910   0.177473
     42       0.009431   0.021387  -0.021501   0.027256  -0.004635  -0.015101
     43       0.003615   0.041250   0.072209   0.156117   0.058651   0.262266
     44       0.003617   0.040009  -0.176804   0.196825  -0.078097   0.393661
     45       0.041198   0.197993  -0.459079   0.252211  -0.221688   0.103455
     46       0.002382  -0.010857   0.370793  -0.062864   0.238904  -0.031858
     47       0.049489   0.149283  -0.351801   0.152002  -0.167577   0.048659
     48       0.006674  -0.209829   0.061473  -0.109254  -0.206226   0.164067
     49      -0.012678   0.042263   0.004881  -0.007084   0.083088  -0.049506
     50       0.045724   0.014656  -0.025698   0.047657  -0.039624   0.001813
                 36         37         38         39         40         41    
      0       0.026262  -0.007133  -0.050788  -0.037585  -0.001897   0.004302
      1       0.033851  -0.020820   0.057773   0.012325   0.072712   0.008610
      2      -0.022427   0.007692   0.033752   0.019447   0.011160   0.018744
      3      -0.019839  -0.068926   0.018128  -0.021571  -0.008268  -0.019278
      4      -0.074814   0.009170   0.021129  -0.037317  -0.071638  -0.040060
      5       0.001915  -0.040933   0.004731  -0.005529  -0.003991  -0.054753
      6       0.018525  -0.037034  -0.052329   0.051774   0.052514  -0.001100
      7       0.023649  -0.023960   0.004265   0.001477   0.001618   0.001888
      8      -0.005042  -0.000933  -0.000397  -0.000896   0.000159  -0.001672
      9      -0.027910   0.028776   0.002488  -0.012269   0.009642  -0.000304
     10      -0.064022   0.028427  -0.047973   0.020411   0.054124   0.001441
     11       0.025865  -0.020556   0.002377   0.008973  -0.012464   0.000127
     12       0.053908  -0.016471   0.018095   0.001453  -0.017383  -0.000865
     13       0.045451  -0.013336   0.022419  -0.000969  -0.012576  -0.000889
     14       0.074438  -0.018720   0.030736   0.002080  -0.023388  -0.001506
     15      -0.028124   0.001559  -0.021401   0.024016  -0.001382  -0.000669
     16       0.051528  -0.014254  -0.000682   0.007151  -0.045945  -0.000346
     17      -0.045529   0.016133  -0.020367   0.007480   0.015120   0.001088
     18       0.004024   0.003573   0.046669  -0.054788   0.068121  -0.000099
     19      -0.020289   0.008552  -0.007224   0.008718  -0.008632  -0.000458
     20      -0.001014   0.000205  -0.012756   0.022979  -0.028105   0.000397
     21      -0.106625   0.008514   0.066411   0.140071  -0.088692  -0.030357
     22      -0.009031  -0.004322  -0.226696  -0.191957  -0.161212   0.007673
     23       0.207251  -0.016695  -0.385833  -0.471281   0.013665  -0.009782
     24      -0.238491   0.051441   0.410012   0.541609  -0.040215  -0.012225
     25      -0.045938   0.070681  -0.190097  -0.098403  -0.100476  -0.092177
     26       0.034426  -0.035969   0.099065   0.015528   0.090079  -0.228319
     27       0.004784   0.264378   0.004647  -0.035324  -0.075884   0.240259
     28       0.225182   0.178501  -0.012582   0.096303   0.169700   0.093047
     29       0.227251   0.572648  -0.034188   0.064846   0.056968  -0.164803
     30       0.216387   0.636824  -0.012930   0.073503   0.045816   0.009282
     31       0.247556   0.107864  -0.081990   0.078575   0.109091   0.355112
     32      -0.134051  -0.080439   0.050548  -0.056487  -0.086186   0.843476
     33      -0.156836   0.257338   0.491564  -0.430900  -0.549893  -0.007126
     34       0.014718  -0.018246   0.008983  -0.004794  -0.007011  -0.016711
     35      -0.078863   0.064790  -0.054889   0.007937   0.025994   0.001526
     36       0.126804  -0.073104   0.092778  -0.039730  -0.107621   0.004194
     37       0.118419  -0.100480   0.042444   0.010083  -0.078427  -0.009619
     38      -0.076457   0.046690  -0.039016  -0.009800   0.073621  -0.001915
     39      -0.465188   0.121710  -0.175088  -0.060131   0.130330  -0.011569
     40      -0.119133   0.048632  -0.037821  -0.026091   0.016614   0.009620
     41      -0.197409   0.041900  -0.071897  -0.028623   0.059690   0.017063
     42       0.071524  -0.020582   0.025710   0.000478  -0.025731   0.020426
     43      -0.257696   0.047324  -0.114663  -0.006653   0.073642   0.000756
     44      -0.423461   0.114304  -0.155018  -0.061630   0.108796  -0.000006
     45       0.144843  -0.037350   0.016314  -0.001720  -0.078033   0.006377
     46      -0.085583   0.000144  -0.006365   0.006036   0.068330   0.000334
     47       0.065522  -0.009162   0.008272  -0.018103  -0.020687  -0.008872
     48       0.038284  -0.003113  -0.441838   0.401619  -0.656590  -0.002240
     49      -0.039797   0.012852   0.032341  -0.023836   0.046795   0.004385
     50       0.051699  -0.016097   0.155295  -0.135939   0.228002   0.001891
                 42         43         44         45         46         47    
      0       0.019732  -0.001424   0.067384   0.000626   0.010864   0.004790
      1      -0.038237   0.002765  -0.012823   0.000305  -0.007013  -0.001603
      2      -0.054392   0.003977   0.057691   0.002276  -0.000906   0.001117
      3      -0.012733   0.000612  -0.004031  -0.005842   0.061730   0.002248
      4      -0.009570  -0.000451   0.003851  -0.001467   0.016454   0.001304
      5      -0.005739  -0.001598   0.015108   0.007536  -0.061665  -0.000905
      6      -0.000315   0.000101  -0.000389   0.001661  -0.000150   0.000427
      7       0.000668  -0.000507   0.000049  -0.002781  -0.000412  -0.000663
      8       0.000050  -0.000283  -0.000069   0.000397  -0.000610  -0.000320
      9      -0.000420  -0.005461   0.002724  -0.056265  -0.006118  -0.016280
     10       0.000373   0.001757  -0.002993   0.056990   0.005080   0.020285
     11       0.000087   0.002483  -0.000972   0.019679   0.001996   0.005899
     12       0.001919   0.034756   0.000603   0.000778  -0.000078   0.006339
     13       0.002040   0.027530   0.000308  -0.002546  -0.000208  -0.006128
     14       0.003200   0.042147   0.000367  -0.005679  -0.000434  -0.010160
     15       0.000057  -0.003474   0.001323   0.017961   0.003460  -0.049938
     16       0.000842   0.001363   0.000783   0.001775   0.000534  -0.010936
     17      -0.001019   0.001420  -0.002158  -0.018873  -0.004364   0.064870
     18       0.001235  -0.000232   0.000048   0.000013  -0.000275   0.000209
     19       0.002831  -0.000121  -0.000704  -0.000706  -0.000139  -0.000093
     20      -0.001382   0.000081  -0.000980   0.000276   0.000234  -0.001095
     21      -0.301276   0.021378  -0.794760  -0.011125  -0.129962  -0.047165
     22       0.089758  -0.006268   0.272387   0.003678   0.045001   0.015897
     23      -0.160636   0.010982  -0.381180  -0.005219  -0.062985  -0.023230
     24       0.055942  -0.005645  -0.007286  -0.000624   0.005784  -0.000054
     25       0.331064  -0.024817  -0.133386  -0.009512   0.027259   0.001864
     26       0.829362  -0.062330  -0.303199  -0.022855   0.064403   0.008596
     27       0.147272  -0.006123   0.056160   0.076540  -0.737442  -0.026130
     28       0.053715  -0.002508   0.022600   0.032751  -0.309416  -0.011247
     29      -0.094583   0.003633  -0.035505  -0.048998   0.468928   0.016450
     30      -0.000869  -0.000280  -0.002346  -0.002676   0.012216   0.000233
     31       0.066776   0.005998  -0.061017  -0.017940   0.126177  -0.002514
     32       0.160849   0.014502  -0.135624  -0.042365   0.275796  -0.007177
     33      -0.000832  -0.000218   0.001714  -0.008788   0.002463  -0.001732
     34      -0.004940   0.004628  -0.000447   0.031514   0.008258   0.012538
     35       0.001178  -0.000965  -0.002077  -0.002559   0.000794  -0.001107
     36       0.005185   0.054767  -0.031722   0.637356   0.059201   0.201441
     37      -0.007041  -0.056695   0.033062  -0.648287  -0.060634  -0.205465
     38      -0.001139  -0.019638   0.011416  -0.233656  -0.021355  -0.069920
     39       0.028962   0.349649   0.000571  -0.037631  -0.003062  -0.071847
     40      -0.020530  -0.270096  -0.001681   0.024534   0.002400   0.055787
     41      -0.038642  -0.479799  -0.002407   0.052509   0.004941   0.095008
     42      -0.046359  -0.744338  -0.008716   0.020375   0.004842  -0.014673
     43      -0.002704  -0.038921  -0.000584   0.004020   0.000804  -0.001891
     44       0.001984   0.003196  -0.000551  -0.001411   0.000277   0.002173
     45      -0.009320   0.033443  -0.021943  -0.188959  -0.042320   0.583221
     46      -0.002307   0.007547  -0.004036  -0.030809  -0.007372   0.107325
     47       0.013546  -0.044004   0.027423   0.236837   0.053191  -0.728668
     48       0.006579   0.001196   0.002768   0.001567   0.001773  -0.002509
     49      -0.021541  -0.002933   0.011775   0.002447  -0.001723   0.003396
     50      -0.003932   0.000160   0.001768  -0.000496   0.000203   0.002823
                 48         49         50    
      0      -0.000835   0.000175  -0.000255
      1      -0.000228  -0.000911  -0.000414
      2      -0.001094  -0.004124   0.000074
      3      -0.000169  -0.000086   0.001923
      4      -0.000147   0.000379   0.001829
      5      -0.000058  -0.000113   0.002677
      6      -0.000419  -0.000046  -0.000568
      7       0.000489   0.001384   0.071123
      8      -0.000129  -0.000092  -0.007568
      9       0.004306  -0.000054  -0.003312
     10      -0.004122   0.000355   0.002450
     11      -0.001457  -0.000515   0.002532
     12       0.087665  -0.000082  -0.000204
     13      -0.023161   0.000551   0.000091
     14      -0.046355   0.000668   0.000022
     15       0.005074  -0.000867  -0.000187
     16       0.000974  -0.000235  -0.000268
     17      -0.006102  -0.001904   0.000620
     18      -0.000194  -0.010565   0.000088
     19       0.000014  -0.069440   0.001303
     20       0.000025  -0.013254   0.000310
     21       0.005928   0.000470   0.001293
     22      -0.002609  -0.004011   0.001408
     23       0.003022   0.003643  -0.000342
     24       0.000848   0.002503   0.000138
     25       0.003862   0.012047  -0.001371
     26       0.009295   0.019471  -0.001030
     27       0.000977   0.001185  -0.010081
     28       0.000666  -0.000806  -0.002847
     29      -0.001132   0.000226   0.003417
     30       0.000838   0.000029   0.002289
     31       0.000242   0.001564  -0.007325
     32       0.000667   0.001412  -0.012240
     33       0.000658   0.000454   0.014572
     34      -0.006828  -0.019093  -0.994796
     35       0.002257   0.001157   0.056277
     36      -0.045519  -0.001128   0.020728
     37       0.051516   0.001892  -0.025261
     38       0.019540   0.000793  -0.007177
     39      -0.388806   0.003754   0.002253
     40       0.307819  -0.003195  -0.002711
     41       0.547243  -0.000708  -0.003031
     42      -0.654592  -0.002028   0.001176
     43      -0.035482   0.000515   0.001069
     44       0.002063   0.000565  -0.000392
     45      -0.055473   0.001627   0.001246
     46      -0.010131  -0.003584  -0.000164
     47       0.076610   0.002613  -0.001135
     48      -0.000727   0.151477  -0.002692
     49       0.001921   0.958706  -0.018385
     50      -0.001979   0.227624  -0.004096
# -----------------------------------------------------------
$ THERMOCHEMISTRY_Energies
   description: The Thermochemistry energies
   geom. index: 1
   prop. index: 1
        Temperature (Kelvin)           :        298.1500000000
        Pressure (atm)                 :          1.0000000000
        Total Mass (AMU)               :         98.1490000000
        Spin Degeneracy                :          1.0000000000
        Electronic Energy (Hartree)    :       -306.1556624576
        Translational Energy (Hartree) :          0.0014162714
        Rotational Energy (Hartree)    :          0.0014162714
        Vibrational Energy (Hartree)   :          0.0026907401
        Number of frequencies          :     51      
        Scaling Factor for frequencies :          1.0000000000
        Vibrational frequencies        :     
                  0    
      0       0.000000
      1       0.000000
      2       0.000000
      3       0.000000
      4       0.000000
      5       0.000000
      6     181.900378
      7     341.132040
      8     418.776968
      9     450.055629
     10     508.113578
     11     569.874919
     12     707.972878
     13     776.630752
     14     807.406887
     15     879.902537
     16     929.096162
     17     943.594388
     18     970.613198
     19     1008.502061
     20     1052.570967
     21     1090.897898
     22     1092.273381
     23     1125.142239
     24     1144.100004
     25     1166.366223
     26     1182.626312
     27     1194.219529
     28     1225.378933
     29     1249.953960
     30     1294.815590
     31     1313.092732
     32     1382.796901
     33     1406.042945
     34     1441.884009
     35     1468.599839
     36     1514.300796
     37     1527.011549
     38     1540.918051
     39     1544.436536
     40     1563.959919
     41     2919.353130
     42     2927.229910
     43     2945.809097
     44     2978.037371
     45     2982.906327
     46     2985.745297
     47     2998.947354
     48     3061.293426
     49     3230.209571
     50     3238.461541
        Zero Point Energy (Hartree)    :          0.1532818472
        Inner Energy (Hartree)         :       -305.9968573275
        Enthalpy (Hartree)             :       -305.9959131184
        Electronic entropy             :          0.0000000000
        Rotational entropy             :          0.0127681634
        Vibrational entropy            :          0.0039705260
        Translational entropy          :          0.0127681634
        Entropy                        :          0.0355834707
        Gibbs Energy (Hartree)         :       -306.0314965892
        Is Linear                      :                 false
# -----------------------------------------------------------
$ PAL_Flags
   description: The PAL Flags
   geom. index: 2
   prop. index: 1
        Diskflag:     2
# -----------------------------------------------------------
$ SCF_Energy
   description: The SCF energy
   geom. index: 2
   prop. index: 1
        SCF Energy:     -306.1394237526
# -----------------------------------------------------------
$ DFT_Energy
   description: The DFT energy
   geom. index: 2
   prop. index: 1
   Number of Alpha Electrons                 26.9999649845 
   Number of Beta  Electrons                 26.9999649845 
   Total number of  Electrons                53.9999299690 
   Exchange energy                          -28.4985983649 
   Correlation energy                        -2.2175029415 
   Correlation energy NL                      0.0000000000 
   Exchange-Correlation energy              -30.7161013064 
   Embedding correction                       0.0000000000 
   Total DFT Energy (No VdW correction)    -306.1394237526 
# -----------------------------------------------------------
$ VdW_Correction
   description: The Van der Waals Correction
   geom. index: 2
   prop. index: 1
        Van der Waals Correction:       -0.0271609980
# -----------------------------------------------------------
$ PAL_Flags
   description: The PAL Flags
   geom. index: 3
   prop. index: 1
        Diskflag:     2
# -----------------------------------------------------------
$ SCF_Energy
   description: The SCF energy
   geom. index: 3
   prop. index: 1
        SCF Energy:     -306.1424599156
# -----------------------------------------------------------
$ DFT_Energy
   description: The DFT energy
   geom. index: 3
   prop. index: 1
   Number of Alpha Electrons                 26.9999656521 
   Number of Beta  Electrons                 26.9999656521 
   Total number of  Electrons                53.9999313042 
   Exchange energy                          -28.5085543377 
   Correlation energy                        -2.2181159056 
   Correlation energy NL                      0.0000000000 
   Exchange-Correlation energy              -30.7266702434 
   Embedding correction                       0.0000000000 
   Total DFT Energy (No VdW correction)    -306.1424599156 
# -----------------------------------------------------------
$ VdW_Correction
   description: The Van der Waals Correction
   geom. index: 3
   prop. index: 1
        Van der Waals Correction:       -0.0270755530
# -----------------------------------------------------------
$ PAL_Flags
   description: The PAL Flags
   geom. index: 4
   prop. index: 1
        Diskflag:     2
# -----------------------------------------------------------
$ SCF_Energy
   description: The SCF energy
   geom. index: 4
   prop. index: 1
        SCF Energy:     -306.1433740051
# -----------------------------------------------------------
$ DFT_Energy
   description: The DFT energy
   geom. index: 4
   prop. index: 1
   Number of Alpha Electrons                 26.9999626908 
   Number of Beta  Electrons                 26.9999626908 
   Total number of  Electrons                53.9999253815 
   Exchange energy                          -28.5071819405 
   Correlation energy                        -2.2179817807 
   Correlation energy NL                      0.0000000000 
   Exchange-Correlation energy              -30.7251637212 
   Embedding correction                       0.0000000000 
   Total DFT Energy (No VdW correction)    -306.1433740051 
# -----------------------------------------------------------
$ VdW_Correction
   description: The Van der Waals Correction
   geom. index: 4
   prop. index: 1
        Van der Waals Correction:       -0.0270167001
# -----------------------------------------------------------
$ PAL_Flags
   description: The PAL Flags
   geom. index: 5
   prop. index: 1
        Diskflag:     2
# -----------------------------------------------------------
$ SCF_Energy
   description: The SCF energy
   geom. index: 5
   prop. index: 1
        SCF Energy:     -306.1435345766
# -----------------------------------------------------------
$ DFT_Energy
   description: The DFT energy
   geom. index: 5
   prop. index: 1
   Number of Alpha Electrons                 26.9999602166 
   Number of Beta  Electrons                 26.9999602166 
   Total number of  Electrons                53.9999204333 
   Exchange energy                          -28.5067504834 
   Correlation energy                        -2.2179913997 
   Correlation energy NL                      0.0000000000 
   Exchange-Correlation energy              -30.7247418830 
   Embedding correction                       0.0000000000 
   Total DFT Energy (No VdW correction)    -306.1435345766 
# -----------------------------------------------------------
$ VdW_Correction
   description: The Van der Waals Correction
   geom. index: 5
   prop. index: 1
        Van der Waals Correction:       -0.0270039630
# -----------------------------------------------------------
$ PAL_Flags
   description: The PAL Flags
   geom. index: 6
   prop. index: 1
        Diskflag:     2
# -----------------------------------------------------------
$ SCF_Energy
   description: The SCF energy
   geom. index: 6
   prop. index: 1
        SCF Energy:     -306.1435789786
# -----------------------------------------------------------
$ DFT_Energy
   description: The DFT energy
   geom. index: 6
   prop. index: 1
   Number of Alpha Electrons                 26.9999600459 
   Number of Beta  Electrons                 26.9999600459 
   Total number of  Electrons                53.9999200919 
   Exchange energy                          -28.5068733303 
   Correlation energy                        -2.2180236656 
   Correlation energy NL                      0.0000000000 
   Exchange-Correlation energy              -30.7248969959 
   Embedding correction                       0.0000000000 
   Total DFT Energy (No VdW correction)    -306.1435789786 
# -----------------------------------------------------------
$ VdW_Correction
   description: The Van der Waals Correction
   geom. index: 6
   prop. index: 1
        Van der Waals Correction:       -0.0269965476
# -----------------------------------------------------------
$ PAL_Flags
   description: The PAL Flags
   geom. index: 7
   prop. index: 1
        Diskflag:     2
# -----------------------------------------------------------
$ SCF_Energy
   description: The SCF energy
   geom. index: 7
   prop. index: 1
        SCF Energy:     -306.1435860185
# -----------------------------------------------------------
$ DFT_Energy
   description: The DFT energy
   geom. index: 7
   prop. index: 1
   Number of Alpha Electrons                 26.9999605399 
   Number of Beta  Electrons                 26.9999605399 
   Total number of  Electrons                53.9999210799 
   Exchange energy                          -28.5070277839 
   Correlation energy                        -2.2180373973 
   Correlation energy NL                      0.0000000000 
   Exchange-Correlation energy              -30.7250651812 
   Embedding correction                       0.0000000000 
   Total DFT Energy (No VdW correction)    -306.1435860185 
# -----------------------------------------------------------
$ VdW_Correction
   description: The Van der Waals Correction
   geom. index: 7
   prop. index: 1
        Van der Waals Correction:       -0.0269932888
# -----------------------------------------------------------
$ PAL_Flags
   description: The PAL Flags
   geom. index: 8
   prop. index: 1
        Diskflag:     2
# -----------------------------------------------------------
$ SCF_Energy
   description: The SCF energy
   geom. index: 8
   prop. index: 1
        SCF Energy:     -306.1435875792
# -----------------------------------------------------------
$ DFT_Energy
   description: The DFT energy
   geom. index: 8
   prop. index: 1
   Number of Alpha Electrons                 26.9999605492 
   Number of Beta  Electrons                 26.9999605492 
   Total number of  Electrons                53.9999210983 
   Exchange energy                          -28.5070640809 
   Correlation energy                        -2.2180378039 
   Correlation energy NL                      0.0000000000 
   Exchange-Correlation energy              -30.7251018847 
   Embedding correction                       0.0000000000 
   Total DFT Energy (No VdW correction)    -306.1435875792 
# -----------------------------------------------------------
$ Mayer_Pop
   description: The Mayer population analysis
   geom. index: 8
   prop. index: 1
     Number of atoms                     : 17
     Threshold for printing              : 0.1000000
     Number of bond orders printed       : 19
  NA   - Mulliken gross atomic population
  ZA   - Total nuclear charge
  QA   - Mulliken gross atomic charge
  VA   - Mayer's total valence
  BVA  - Mayer's bonded valence
  FA   - Mayer's free valence
  ATOM       NA         ZA         QA         VA         BVA        FA
  0   0     6.2747     6.0000    -0.2747     3.8006     3.8006     0.0000
  1   0     6.1976     6.0000    -0.1976     3.6740     3.6740    -0.0000
  2   0     7.3544     7.0000    -0.3544     2.7624     2.7624    -0.0000
  3   0     6.0992     6.0000    -0.0992     4.1510     4.1510     0.0000
  4   0     6.2369     6.0000    -0.2369     3.4767     3.4767     0.0000
  5   0     6.3553     6.0000    -0.3553     4.1517     4.1517     0.0000
  6   0     7.3387     7.0000    -0.3387     2.6602     2.6602    -0.0000
  7   0     0.8616     1.0000     0.1384     0.9553     0.9553    -0.0000
  8   0     0.8503     1.0000     0.1497     0.9143     0.9143    -0.0000
  9   0     0.8554     1.0000     0.1446     0.9359     0.9359    -0.0000
 10   0     0.8379     1.0000     0.1621     0.9013     0.9013    -0.0000
 11   0     0.6915     1.0000     0.3085     0.8452     0.8452    -0.0000
 12   0     0.8257     1.0000     0.1743     0.9169     0.9169    -0.0000
 13   0     0.8356     1.0000     0.1644     0.9712     0.9712     0.0000
 14   0     0.8550     1.0000     0.1450     0.9709     0.9709    -0.0000
 15   0     0.8335     1.0000     0.1665     0.9390     0.9390    -0.0000
 16   0     0.6967     1.0000     0.3033     0.8454     0.8454    -0.0000
      Bond orders larger than 0.1000000
           Atom A     A.N. of A          Atom B    A.N. of B              Bond order
                0             6               1            6                0.978647
                0             6               6            7                0.864061
                0             6               7            1                0.974583
                0             6               8            1                0.964379
                1             6               2            7                0.848365
                1             6               9            1                0.964882
                1             6              10            1                0.983692
                2             7               3            6                1.366221
                2             7               4            6               -0.322441
                2             7              11            1                0.865606
                3             6               4            6                1.008481
                3             6               5            6                1.001212
                3             6              12            1                0.815410
                4             6               5            6                0.915206
                4             6              13            1                0.918527
                4             6              14            1                0.935446
                5             6               6            7                1.118598
                5             6              15            1                0.899279
                6             7              16            1                0.872326
# -----------------------------------------------------------
$ VdW_Correction
   description: The Van der Waals Correction
   geom. index: 8
   prop. index: 1
        Van der Waals Correction:       -0.0269919199
# -----------------------------------------------------------
$ SCF_Electric_Properties
   description: The SCF Calculated Electric Properties
   geom. index: 8
   prop. index: 1
       Filename                          : file.scfp 
       Do Dipole Moment Calculation      : true 
       Do Quadrupole Moment Calculation  : false 
       Do Polarizability Calculation     : false 
** Dipole moment part of electric properties **
        Magnitude of dipole moment (Debye) :        0.4047999685
        Electronic Contribution:
                  0    
      0       0.824535
      1      -0.218995
      2      -0.500018
        Nuclear Contribution:
                  0    
      0      -0.808542
      1       0.060843
      2       0.509779
        Total Dipole moment:
                  0    
      0       0.015993
      1      -0.158151
      2       0.009762
# -------------------------------------------------------------
----------------------- !GEOMETRIES! ------------------------
# -------------------------------------------------------------
------------------------ !GEOMETRY! -------------------------
    Number of atoms:    17 
    Geometry Index:     1 
    Coordinates:
               0 C     -1.407200000000    0.678500000000   -0.040200000000
               1 C     -1.363100000000   -0.841000000000    0.021100000000
               2 N     -0.153900000000   -1.245700000000    0.730200000000
               3 C      1.045300000000   -0.813700000000    0.003800000000
               4 C      1.622600000000    0.470200000000    0.599900000000
               5 C      0.981800000000    0.501900000000   -0.781700000000
               6 N     -0.312300000000    1.212100000000   -0.862100000000
               7 H     -2.373800000000    0.993700000000   -0.487600000000
               8 H     -1.358100000000    1.097300000000    0.990000000000
               9 H     -2.252800000000   -1.207200000000    0.577800000000
              10 H     -1.387100000000   -1.275100000000   -1.004700000000
              11 H     -0.142100000000   -2.291300000000    0.763800000000
              12 H      1.810400000000   -1.573400000000   -0.267100000000
              13 H      1.028500000000    0.935800000000    1.415100000000
              14 H      2.731700000000    0.520000000000    0.581400000000
              15 H      1.685800000000    0.622800000000   -1.631500000000
              16 H     -0.155800000000    2.215100000000   -0.608100000000
------------------------ !GEOMETRY! -------------------------
    Number of atoms:    17 
    Geometry Index:     2 
    Coordinates:
               0 C     -1.413485623293    0.675205234143   -0.045035460851
               1 C     -1.366099271557   -0.841489340647    0.009648348367
               2 N     -0.155593117813   -1.253171119715    0.727793639774
               3 C      1.038250800496   -0.787411318090    0.034667583089
               4 C      1.661522460169    0.472767001428    0.604435283062
               5 C      0.961948553480    0.501996016882   -0.745075429427
               6 N     -0.309357979145    1.194108392301   -0.863330774616
               7 H     -2.362832076527    0.991111617810   -0.498271352534
               8 H     -1.382972450152    1.072147658084    0.984452679026
               9 H     -2.244852553496   -1.215805188768    0.549475545378
              10 H     -1.390579899479   -1.242201634450   -1.019528753905
              11 H     -0.134058730256   -2.267755933628    0.756876943490
              12 H      1.760929047928   -1.546976637664   -0.262674220413
              13 H      1.126415114425    0.933609303470    1.431410549006
              14 H      2.749500279960    0.529711950822    0.584985448242
              15 H      1.616374512604    0.611839626847   -1.609015743976
              16 H     -0.155209067344    2.172314371174   -0.640714283710
------------------------ !GEOMETRY! -------------------------
    Number of atoms:    17 
    Geometry Index:     3 
    Coordinates:
               0 C     -1.416921011851    0.673078121180   -0.048596382985
               1 C     -1.371727189922   -0.844972861358   -0.002158005724
               2 N     -0.161705826001   -1.256255802039    0.715773680618
               3 C      1.040952547421   -0.770112443404    0.064281551396
               4 C      1.691330084282    0.477993061716    0.614789053877
               5 C      0.959362577638    0.508492293972   -0.716447556734
               6 N     -0.312231081802    1.182757250902   -0.869622686492
               7 H     -2.359974874940    0.997853934787   -0.503478775678
               8 H     -1.389760253539    1.051962358974    0.986407258035
               9 H     -2.245842518460   -1.222668146451    0.538225163133
              10 H     -1.404430912926   -1.232118960905   -1.035119602520
              11 H     -0.126455422506   -2.266905110220    0.762654346321
              12 H      1.724159054296   -1.541852268693   -0.284688315497
              13 H      1.188725989064    0.936008064119    1.462390626110
              14 H      2.775991841124    0.545015954484    0.600026857419
              15 H      1.583801205466    0.591629799770   -1.603378618581
              16 H     -0.175374207345    2.170094753166   -0.680958592697
------------------------ !GEOMETRY! -------------------------
    Number of atoms:    17 
    Geometry Index:     4 
    Coordinates:
               0 C     -1.415043058499    0.672087748642   -0.048710605141
               1 C     -1.375068771163   -0.848413617699   -0.011627891287
               2 N     -0.165737938120   -1.255127067952    0.707060321139
               3 C      1.044298557076   -0.764351158019    0.073741710917
               4 C      1.703037710419    0.478575228061    0.627755128905
               5 C      0.963209548353    0.521791805346   -0.696743215128
               6 N     -0.314440890014    1.174375819842   -0.878015195553
               7 H     -2.357223794659    1.011869450175   -0.494123189194
               8 H     -1.375678850356    1.035634595439    0.991845493006
               9 H     -2.246800581130   -1.225870902402    0.533233833757
              10 H     -1.413172383275   -1.232241070324   -1.045759159000
              11 H     -0.120538403116   -2.261812203445    0.792935558888
              12 H      1.698482789667   -1.535467200724   -0.330871008737
              13 H      1.209372127812    0.918796003245    1.490448723919
              14 H      2.787633011800    0.555861365916    0.618523278365
              15 H      1.581939304268    0.581537332683   -1.590408522339
              16 H     -0.204368379062    2.172753871217   -0.739185262515
------------------------ !GEOMETRY! -------------------------
    Number of atoms:    17 
    Geometry Index:     5 
    Coordinates:
               0 C     -1.414253672215    0.672704156943   -0.048196036205
               1 C     -1.375869772644   -0.848841569822   -0.013102209727
               2 N     -0.164329783664   -1.252623345986    0.701785124310
               3 C      1.046088560497   -0.765646811034    0.068459226294
               4 C      1.704241337457    0.474062006346    0.633669510453
               5 C      0.965185753597    0.529030526868   -0.689334251263
               6 N     -0.315681923969    1.169652498264   -0.882098711690
               7 H     -2.356991428449    1.017946077805   -0.488277232338
               8 H     -1.367158194502    1.033258844375    0.993264281197
               9 H     -2.245263574737   -1.226775551693    0.535243335967
              10 H     -1.417907392102   -1.231543246207   -1.047554964803
              11 H     -0.118693158253   -2.256519134630    0.815986541628
              12 H      1.693859286736   -1.532641465664   -0.355023890569
              13 H      1.208083604043    0.896704452662    1.503722253767
              14 H      2.788426282674    0.558402490163    0.626168634666
              15 H      1.589500700053    0.589261789889   -1.579122994810
              16 H     -0.219336624521    2.173568281721   -0.775488616877
------------------------ !GEOMETRY! -------------------------
    Number of atoms:    17 
    Geometry Index:     6 
    Coordinates:
               0 C     -1.414801142573    0.673372716847   -0.048526955124
               1 C     -1.376062073540   -0.848478547260   -0.012611457245
               2 N     -0.161824986233   -1.250049393251    0.697563153745
               3 C      1.048013175540   -0.767418107634    0.062008070486
               4 C      1.704222557847    0.469529916060    0.636812032812
               5 C      0.966325378133    0.532639330506   -0.686611468583
               6 N     -0.316510601946    1.167529814966   -0.883211877759
               7 H     -2.357784861749    1.018918321439   -0.487973368270
               8 H     -1.365929147328    1.035274627635    0.992422248151
               9 H     -2.243123172651   -1.226728063207    0.539298611480
              10 H     -1.421930973649   -1.231475163108   -1.046845112778
              11 H     -0.117962829325   -2.251550518712    0.830706157074
              12 H      1.693877275365   -1.533451364026   -0.366388688502
              13 H      1.205839966388    0.879539598861    1.511549542969
              14 H      2.788168102098    0.558567171830    0.628445338328
              15 H      1.595345495623    0.600315462100   -1.572508643058
              16 H     -0.225962162000    2.173464196953   -0.794027583729
------------------------ !GEOMETRY! -------------------------
    Number of atoms:    17 
    Geometry Index:     7 
    Coordinates:
               0 C     -1.415338171017    0.673475152889   -0.048963288428
               1 C     -1.376163289107   -0.848304339856   -0.012392501624
               2 N     -0.160961713132   -1.249112022863    0.696039490064
               3 C      1.048690037897   -0.767923983069    0.059577180467
               4 C      1.704321259596    0.468119252059    0.637413397622
               5 C      0.966588108895    0.533347325272   -0.686322068288
               6 N     -0.316645743888    1.167182900636   -0.883005816793
               7 H     -2.358092103933    1.018173335432   -0.489561565369
               8 H     -1.367504551006    1.036474657919    0.991635308902
               9 H     -2.242335093566   -1.226466437949    0.540965656501
              10 H     -1.423526882738   -1.231808632685   -1.046377419369
              11 H     -0.117992033824   -2.249853796807    0.834879846694
              12 H      1.694632089264   -1.534543802385   -0.367678938676
              13 H      1.206089486867    0.874770407478    1.513738834681
              14 H      2.788149636304    0.558206239558    0.627685290122
              15 H      1.596503178809    0.604880469885   -1.571245581506
              16 H     -0.226514215420    2.173383274488   -0.796287825001
------------------------ !GEOMETRY! -------------------------
    Number of atoms:    17 
    Geometry Index:     8 
    Coordinates:
               0 C     -1.415666707275    0.673424274301   -0.049270823647
               1 C     -1.376181544356   -0.848307872874   -0.012512429565
               2 N     -0.160866619535   -1.248789702233    0.695782932662
               3 C      1.048793792757   -0.767950447149    0.059214677636
               4 C      1.704546650397    0.467873059537    0.637340940623
               5 C      0.966557807009    0.533375152009   -0.686374916654
               6 N     -0.316668239916    1.167401378605   -0.882741846061
               7 H     -2.358253014835    1.017716018384   -0.490552451081
               8 H     -1.368615049491    1.036634535289    0.991281852050
               9 H     -2.242206635540   -1.226445059911    0.541086580210
              10 H     -1.423709283225   -1.232063673472   -1.046398149691
              11 H     -0.118059377820   -2.249308928153    0.836055965531
              12 H      1.694720906879   -1.534899438947   -0.367445079784
              13 H      1.206873545399    0.874259190869    1.514096817961
              14 H      2.788363417966    0.557916795759    0.626812561166
              15 H      1.596461884768    0.605699055701   -1.571246617903
              16 H     -0.226191533181    2.173465662286   -0.795030013453
