    33
     1   -3.207425   -3.038921   -0.025492      1
     2    1.691988   -3.193488   -1.862414      1
     3   -3.355898   -1.010132    2.692035      1
     4   -2.762987   -1.246010    0.780401      1
     5    1.800418   -1.191234   -1.525963      1
     6    3.552499   -0.478920    0.549978      1
     7   -0.357413    0.000534   -0.019590      1
     8    1.391271    0.956993    3.698754      1
     9    2.155410   -0.228565   -3.290188      1
    10    1.626067    1.213680    1.695514      1
    11   -2.814668    1.046564   -0.933977      1
    12    5.110250    0.378119   -0.006069      1
    13   -3.298609    0.768277   -2.870802      1
    14   -3.445620    2.795259   -0.155053      1
    15    1.907371    3.195321    1.297292      1
    16   -3.041674   -2.379688    0.263716      2
    17   -3.136037   -1.089931    1.991319      2
    18    1.730576   -2.462097   -1.738632      2
    19   -1.502132   -0.695781    0.438162      2
    20   -2.880063   -0.104759   -0.078013      2
    21    2.555332   -0.892510   -0.699710      2
    22    0.664888   -0.624266   -0.822252      2
    23    1.621532   -0.089710    0.155193      3
    24    2.028377   -0.578297   -2.637129      2
    25    1.476061    1.049876    2.966704      2
    26    0.572948    0.643313    0.875599      2
    27    2.451032    0.547321    1.228932      2
    28   -1.530837    0.600183   -0.531026      2
    29    4.729038    0.178409    0.122534      2
    30   -3.117650    0.864421   -2.160009      2
    31   -3.211058    2.151970   -0.434960      2
    32    1.807937    2.463915    1.438654      2
    33   -2.010281   -0.068725   -0.057645      3
