-------------------------------------------------------------
----------------------- !PROPERTIES! ------------------------
-------------------------------------------------------------
# -----------------------------------------------------------
$ PAL_Flags
   description: The PAL Flags
   geom. index: 1
   prop. index: 1
        Diskflag:     2
# -----------------------------------------------------------
$ SCF_Energy
   description: The SCF energy
   geom. index: 1
   prop. index: 1
        SCF Energy:     -250.7275964490
# -----------------------------------------------------------
$ DFT_Energy
   description: The DFT energy
   geom. index: 1
   prop. index: 1
   Number of Alpha Electrons                 23.0000738584 
   Number of Beta  Electrons                 23.0000738584 
   Total number of  Electrons                46.0001477168 
   Exchange energy                          -23.7084733238 
   Correlation energy                        -1.8690615046 
   Correlation energy NL                      0.0000000000 
   Exchange-Correlation energy              -25.5775348284 
   Embedding correction                       0.0000000000 
   Total DFT Energy (No VdW correction)    -250.7275964490 
# -----------------------------------------------------------
$ Mayer_Pop
   description: The Mayer population analysis
   geom. index: 1
   prop. index: 1
     Number of atoms                     : 15
     Threshold for printing              : 0.1000000
     Number of bond orders printed       : 18
  NA   - Mulliken gross atomic population
  ZA   - Total nuclear charge
  QA   - Mulliken gross atomic charge
  VA   - Mayer's total valence
  BVA  - Mayer's bonded valence
  FA   - Mayer's free valence
  ATOM       NA         ZA         QA         VA         BVA        FA
  0   0     6.3019     6.0000    -0.3019     3.8172     3.8172    -0.0000
  1   0     6.4014     6.0000    -0.4014     3.8253     3.8253     0.0000
  2   0     5.8655     6.0000     0.1345     3.3445     3.3445     0.0000
  3   0     6.3236     6.0000    -0.3236     3.9439     3.9439     0.0000
  4   0     7.3484     7.0000    -0.3484     2.5843     2.5843    -0.0000
  5   0     6.3223     6.0000    -0.3223     3.9425     3.9425     0.0000
  6   0     0.8390     1.0000     0.1610     0.9682     0.9682     0.0000
  7   0     0.8390     1.0000     0.1610     0.9683     0.9683    -0.0000
  8   0     0.8311     1.0000     0.1689     0.9596     0.9596     0.0000
  9   0     0.8309     1.0000     0.1691     0.9593     0.9593     0.0000
 10   0     0.8618     1.0000     0.1382     0.9294     0.9294     0.0000
 11   0     0.8308     1.0000     0.1692     0.8787     0.8787     0.0000
 12   0     0.7115     1.0000     0.2885     0.8653     0.8653     0.0000
 13   0     0.8307     1.0000     0.1693     0.8786     0.8786     0.0000
 14   0     0.8620     1.0000     0.1380     0.9294     0.9294     0.0000
      Bond orders larger than 0.1000000
           Atom A     A.N. of A          Atom B    A.N. of B              Bond order
                0             6               1            6                0.889743
                0             6               2            6                0.813290
                0             6               3            6                0.107951
                0             6               5            6                0.106873
                0             6               6            1                0.983800
                0             6               7            1                0.983931
                1             6               2            6                0.983679
                1             6               8            1                0.946386
                1             6               9            1                0.946590
                2             6               3            6                0.906585
                2             6               5            6                0.906336
                3             6               4            7                0.920241
                3             6              10            1                0.986618
                3             6              11            1                0.958180
                4             7               5            6                0.920213
                4             7              12            1                0.885475
                5             6              13            1                0.958491
                5             6              14            1                0.986181
# -----------------------------------------------------------
$ VdW_Correction
   description: The Van der Waals Correction
   geom. index: 1
   prop. index: 1
        Van der Waals Correction:       -0.0218841243
# -----------------------------------------------------------
$ Hessian
   description: Details about the Hessian
   geom. index: 1
   prop. index: 1
Normal modes:
Number of Rows: 45 Number of Columns: 45
                  0          1          2          3          4          5    
      0       0.000000   0.000000   0.000000   0.000000   0.000000   0.000000
      1       0.000000   0.000000   0.000000   0.000000   0.000000   0.000000
      2       0.000000   0.000000   0.000000   0.000000   0.000000   0.000000
      3       0.000000   0.000000   0.000000   0.000000   0.000000   0.000000
      4       0.000000   0.000000   0.000000   0.000000   0.000000   0.000000
      5       0.000000   0.000000   0.000000   0.000000   0.000000   0.000000
      6       0.000000   0.000000   0.000000   0.000000   0.000000   0.000000
      7       0.000000   0.000000   0.000000   0.000000   0.000000   0.000000
      8       0.000000   0.000000   0.000000   0.000000   0.000000   0.000000
      9       0.000000   0.000000   0.000000   0.000000   0.000000   0.000000
     10       0.000000   0.000000   0.000000   0.000000   0.000000   0.000000
     11       0.000000   0.000000   0.000000   0.000000   0.000000   0.000000
     12       0.000000   0.000000   0.000000   0.000000   0.000000   0.000000
     13       0.000000   0.000000   0.000000   0.000000   0.000000   0.000000
     14       0.000000   0.000000   0.000000   0.000000   0.000000   0.000000
     15       0.000000   0.000000   0.000000   0.000000   0.000000   0.000000
     16       0.000000   0.000000   0.000000   0.000000   0.000000   0.000000
     17       0.000000   0.000000   0.000000   0.000000   0.000000   0.000000
     18       0.000000   0.000000   0.000000   0.000000   0.000000   0.000000
     19       0.000000   0.000000   0.000000   0.000000   0.000000   0.000000
     20       0.000000   0.000000   0.000000   0.000000   0.000000   0.000000
     21       0.000000   0.000000   0.000000   0.000000   0.000000   0.000000
     22       0.000000   0.000000   0.000000   0.000000   0.000000   0.000000
     23       0.000000   0.000000   0.000000   0.000000   0.000000   0.000000
     24       0.000000   0.000000   0.000000   0.000000   0.000000   0.000000
     25       0.000000   0.000000   0.000000   0.000000   0.000000   0.000000
     26       0.000000   0.000000   0.000000   0.000000   0.000000   0.000000
     27       0.000000   0.000000   0.000000   0.000000   0.000000   0.000000
     28       0.000000   0.000000   0.000000   0.000000   0.000000   0.000000
     29       0.000000   0.000000   0.000000   0.000000   0.000000   0.000000
     30       0.000000   0.000000   0.000000   0.000000   0.000000   0.000000
     31       0.000000   0.000000   0.000000   0.000000   0.000000   0.000000
     32       0.000000   0.000000   0.000000   0.000000   0.000000   0.000000
     33       0.000000   0.000000   0.000000   0.000000   0.000000   0.000000
     34       0.000000   0.000000   0.000000   0.000000   0.000000   0.000000
     35       0.000000   0.000000   0.000000   0.000000   0.000000   0.000000
     36       0.000000   0.000000   0.000000   0.000000   0.000000   0.000000
     37       0.000000   0.000000   0.000000   0.000000   0.000000   0.000000
     38       0.000000   0.000000   0.000000   0.000000   0.000000   0.000000
     39       0.000000   0.000000   0.000000   0.000000   0.000000   0.000000
     40       0.000000   0.000000   0.000000   0.000000   0.000000   0.000000
     41       0.000000   0.000000   0.000000   0.000000   0.000000   0.000000
     42       0.000000   0.000000   0.000000   0.000000   0.000000   0.000000
     43       0.000000   0.000000   0.000000   0.000000   0.000000   0.000000
     44       0.000000   0.000000   0.000000   0.000000   0.000000   0.000000
                  6          7          8          9         10         11    
      0      -0.048804  -0.009340  -0.100012   0.000264   0.348994  -0.159717
      1       0.056743   0.128674   0.024849  -0.003901  -0.050351  -0.151967
      2      -0.045047   0.172389  -0.024005  -0.005217   0.056427   0.104747
      3       0.123259   0.004675   0.167381   0.008442   0.215255   0.250373
      4       0.027181  -0.063512  -0.055775  -0.116576   0.069573  -0.073222
      5      -0.013572  -0.085096   0.050669  -0.156173  -0.040303   0.068216
      6      -0.003731   0.005080   0.016788  -0.006896   0.058267  -0.100420
      7      -0.081500  -0.070078  -0.187252   0.094778   0.054840   0.181397
      8       0.060631  -0.093799   0.140734   0.126923  -0.037720  -0.140825
      9       0.004304  -0.090003  -0.026168   0.124748  -0.178583  -0.055471
     10      -0.103885  -0.108223   0.090011  -0.039348   0.037231  -0.023937
     11       0.074287   0.014538  -0.036995   0.119939   0.054339  -0.115345
     12      -0.063496  -0.002815  -0.045635   0.002136  -0.245267   0.102506
     13       0.192501   0.038338  -0.007449  -0.028956  -0.037476   0.006179
     14      -0.147134   0.051293   0.003078  -0.038848   0.014676   0.000927
     15       0.004064   0.094236  -0.024027  -0.130529  -0.172291  -0.064511
     16      -0.100584   0.049471   0.059772   0.119536  -0.050576   0.100665
     17       0.078813  -0.093227  -0.077494  -0.012412  -0.063316   0.051624
     18      -0.102595  -0.269978  -0.171402   0.132259   0.418107  -0.134908
     19       0.094467   0.103541   0.074354  -0.133188  -0.082943  -0.136750
     20      -0.075699   0.374842  -0.063032   0.131932   0.074934   0.067553
     21      -0.102673   0.237576  -0.171503  -0.134145   0.417357  -0.136354
     22       0.093977   0.343156   0.072682   0.157513  -0.073908  -0.111098
     23      -0.076254   0.223509  -0.065431  -0.099477   0.087229   0.102639
     24       0.176609   0.136612   0.294914  -0.215363   0.176307   0.407269
     25       0.045311   0.047216  -0.011760  -0.071582   0.037794  -0.018543
     26      -0.022722  -0.247804   0.026389  -0.379852  -0.008675   0.035935
     27       0.176659  -0.121162   0.295109   0.244486   0.177043   0.406897
     28       0.044003  -0.257632  -0.013283  -0.331752   0.028096  -0.018802
     29      -0.024647  -0.034196   0.024235  -0.160629  -0.021517   0.035980
     30      -0.093027  -0.134092  -0.155860   0.204032  -0.207266   0.053038
     31      -0.112569  -0.109911   0.071134  -0.024511   0.031347  -0.005412
     32       0.317089   0.129828  -0.316947   0.265229   0.039968   0.058754
     33       0.178168  -0.161404   0.082354   0.193356  -0.236822  -0.263344
     34      -0.302792  -0.219803   0.401904  -0.185805   0.025751  -0.250666
     35      -0.023076  -0.016130   0.064929   0.053951   0.060072  -0.178711
     36      -0.376868  -0.007375   0.122412   0.000129  -0.140559   0.020015
     37       0.266004   0.101050  -0.049123  -0.002414  -0.066545   0.032279
     38      -0.219036   0.135315   0.043245  -0.003340   0.042033  -0.022997
     39       0.160177   0.173362   0.107198  -0.186747  -0.230569  -0.287657
     40      -0.055273   0.055717   0.056951   0.094697  -0.062368   0.085748
     41       0.308754  -0.203704  -0.397147  -0.175768  -0.058060   0.272037
     42      -0.076552   0.130183  -0.173753  -0.220381  -0.202219   0.056642
     43      -0.340578   0.162569   0.315621   0.250134  -0.039943  -0.055062
     44       0.011882  -0.059269   0.010552   0.037229  -0.055605  -0.007721
                 12         13         14         15         16         17    
      0       0.148114  -0.001160  -0.002692   0.001395  -0.002838   0.047287
      1       0.006226   0.015192   0.038065   0.108731   0.036003   0.064108
      2       0.003391   0.020355   0.050833  -0.081238   0.048939  -0.044914
      3      -0.023517   0.000410   0.001242  -0.030836  -0.002901  -0.021719
      4       0.121420  -0.005507  -0.018188  -0.147000   0.042970  -0.076976
      5      -0.091904  -0.007471  -0.024013   0.108142   0.056797   0.056847
      6      -0.097229   0.000341  -0.001965   0.127776  -0.003407   0.039301
      7      -0.144892  -0.004751   0.028773   0.057010   0.043977  -0.016575
      8       0.102833  -0.006331   0.038377  -0.035787   0.058698   0.014959
      9      -0.105780   0.010260  -0.041027  -0.111812  -0.031474  -0.038301
     10      -0.147206   0.022918   0.018990   0.057852  -0.085785   0.008091
     11      -0.153472   0.006443  -0.058601   0.112423  -0.030737  -0.047390
     12       0.251990  -0.000112   0.000008   0.202580   0.000086   0.000858
     13       0.023016   0.000777   0.002267   0.000161  -0.001705   0.014181
     14      -0.003585   0.001041   0.003029   0.010545  -0.002097  -0.010739
     15      -0.123620  -0.011760   0.043759  -0.100564   0.038385  -0.040451
     16       0.099331  -0.000961  -0.059511  -0.096434  -0.003683   0.045766
     17       0.176865   0.022986   0.004349  -0.094587  -0.088500   0.002153
     18       0.128897   0.037817   0.497536  -0.023012   0.352387  -0.033698
     19       0.005323   0.259105  -0.123867   0.140905   0.020285   0.130161
     20       0.011447  -0.416208   0.022344  -0.110927  -0.137228  -0.100695
     21       0.129438  -0.022040  -0.491222  -0.021044  -0.342586  -0.036926
     22      -0.003128  -0.474572   0.031589   0.144644  -0.156445   0.129918
     23       0.000776   0.128126  -0.147263  -0.104344  -0.042987  -0.098721
     24      -0.083000   0.333692   0.144745   0.033925  -0.331192  -0.019726
     25       0.084254   0.212137  -0.079108  -0.121377   0.119544  -0.080305
     26      -0.044510  -0.290108   0.187468   0.082761  -0.286204   0.058568
     27      -0.081867  -0.323563  -0.152744   0.033711   0.343356  -0.015422
     28       0.062149  -0.355470   0.194197  -0.113395  -0.290062  -0.083810
     29      -0.073730   0.097994  -0.032713   0.095421   0.056225   0.059697
     30      -0.360125   0.062236   0.052223  -0.149867  -0.139252  -0.216655
     31      -0.196242   0.032482   0.035383   0.051022  -0.107745  -0.008421
     32      -0.332457   0.087964   0.218675   0.048084  -0.255893   0.225139
     33      -0.130896   0.011266  -0.112946  -0.313174  -0.080775   0.005861
     34       0.034324  -0.051473  -0.271089   0.086237   0.132885  -0.260231
     35      -0.086221  -0.021289  -0.154874   0.141208   0.055490  -0.149913
     36      -0.169866   0.001491   0.003220  -0.575660  -0.010843   0.686107
     37       0.140368  -0.018830  -0.046643   0.212055   0.091768  -0.153697
     38      -0.113992  -0.025119  -0.062754  -0.189578   0.120771   0.152544
     39      -0.134584  -0.006823   0.136714  -0.298152   0.069631  -0.017454
     40       0.085522  -0.006264  -0.065030  -0.126298   0.018567   0.069607
     41      -0.017587  -0.056128  -0.295162  -0.142970   0.145113   0.293309
     42      -0.392256  -0.069766  -0.069494  -0.142860   0.164726  -0.198593
     43       0.243570   0.071658   0.196214  -0.039602  -0.204051  -0.231200
     44       0.256714   0.051544   0.091762  -0.072860  -0.164706  -0.072119
                 18         19         20         21         22         23    
      0      -0.056044  -0.000771   0.056677   0.000581  -0.104536  -0.018404
      1      -0.116534   0.009519  -0.006917  -0.013506   0.095335   0.002496
      2       0.083711   0.014678   0.007995  -0.018197  -0.076731  -0.002871
      3       0.103712   0.004297   0.089879  -0.002060   0.103713  -0.009955
      4       0.139582  -0.040580  -0.024198   0.028784  -0.016967  -0.030786
      5      -0.097472  -0.056097   0.023446   0.038202   0.018157   0.022473
      6      -0.016672   0.000608   0.007409   0.000464   0.009185   0.025150
      7      -0.013380  -0.008316   0.021606  -0.005470  -0.002336   0.125625
      8       0.009370  -0.011205  -0.015736  -0.007250   0.002289  -0.092399
      9      -0.036566   0.089757   0.022192   0.128181  -0.000344   0.025285
     10       0.082889  -0.068911  -0.030144  -0.008694  -0.015204  -0.099884
     11       0.114560   0.009087  -0.041255  -0.177421  -0.018813   0.053133
     12       0.118425  -0.003215  -0.052405  -0.011518  -0.011870  -0.027536
     13       0.019340   0.054145  -0.010145   0.165636  -0.001155   0.049212
     14      -0.009983   0.072350   0.004599   0.221767   0.000044  -0.038427
     15      -0.021552  -0.086768   0.018236  -0.115286  -0.002317   0.023885
     16      -0.087952   0.022740   0.031317  -0.174494   0.013836  -0.077909
     17      -0.112233  -0.070967   0.042719  -0.067904   0.019833   0.082368
     18      -0.212641   0.194105  -0.294320  -0.198289   0.430664  -0.019383
     19      -0.030911  -0.074751   0.258493   0.062148  -0.268401   0.012200
     20       0.023535   0.035346  -0.218536  -0.025406   0.214208  -0.015918
     21      -0.207660  -0.199361  -0.291857   0.198247   0.429212  -0.019477
     22      -0.043225   0.048273   0.267410  -0.034054  -0.259156   0.017614
     23       0.009767  -0.077842  -0.205135   0.067788   0.226050  -0.008411
     24      -0.434417   0.407811  -0.419465  -0.313856  -0.364472   0.054554
     25      -0.030274  -0.053807  -0.210837   0.025424  -0.179205   0.003152
     26      -0.023413   0.196616   0.128804  -0.133579   0.102396  -0.008248
     27      -0.425566  -0.428730  -0.415265   0.320742  -0.365840   0.054433
     28      -0.013112   0.179451  -0.207354  -0.118042  -0.167200   0.011576
     29       0.005980  -0.022566   0.136581   0.008102   0.117028   0.003068
     30      -0.289363   0.074241   0.093328   0.272511  -0.020978  -0.382399
     31       0.052234  -0.072642  -0.028543   0.014958  -0.019625  -0.160802
     32       0.202818  -0.283698  -0.128158   0.128979  -0.030510  -0.342205
     33       0.067723   0.003117  -0.068049   0.077989   0.006183   0.093918
     34       0.025718   0.244224   0.003478  -0.253752  -0.010932   0.269546
     35       0.076154   0.140105  -0.018403  -0.250406  -0.017672   0.179785
     36       0.373901  -0.011656  -0.205920  -0.008362   0.001443   0.346612
     37      -0.032838   0.189582   0.021141   0.135649  -0.005643  -0.049740
     38       0.039378   0.254445  -0.028818   0.181923   0.004314   0.056455
     39       0.074901  -0.025444  -0.068754  -0.046673   0.004688   0.122794
     40      -0.063189   0.063285   0.013963  -0.171477   0.014359  -0.089414
     41      -0.047446   0.272629  -0.006713  -0.318774   0.016319  -0.301474
     42      -0.269321  -0.054275   0.082193  -0.283819  -0.023884  -0.416084
     43      -0.188013  -0.256639   0.122557   0.103448   0.022201   0.260728
     44      -0.123456  -0.156018   0.071896   0.030953   0.025776   0.223761
                 24         25         26         27         28         29    
      0      -0.000321  -0.004687   0.005559   0.001908   0.053017  -0.002274
      1       0.003902   0.065052   0.003101  -0.026055   0.019767   0.032651
      2       0.005184   0.087201  -0.001984  -0.034940  -0.011977   0.043684
      3       0.000224   0.004891   0.005425   0.000995   0.019964  -0.001798
      4      -0.003084  -0.067402  -0.012803  -0.013862  -0.029525   0.025716
      5      -0.003985  -0.090325   0.009852  -0.018559   0.023036   0.034618
      6       0.000122   0.000175  -0.012857  -0.007252  -0.165074   0.010891
      7      -0.001011  -0.002238   0.043910   0.099685   0.011534  -0.155248
      8      -0.001922  -0.002997  -0.033523   0.133483  -0.017095  -0.208159
      9       0.010878   0.006164  -0.013643   0.060531  -0.081014   0.151626
     10      -0.004065   0.000585   0.018591  -0.004150  -0.015436   0.067761
     11      -0.013300   0.005831  -0.027421  -0.038746   0.048591   0.052726
     12      -0.001729   0.000094   0.004866   0.001082   0.058176   0.000036
     13       0.023612  -0.001345  -0.077712  -0.014851   0.041539   0.001290
     14       0.031469  -0.001811   0.058229  -0.019808  -0.027847   0.001613
     15      -0.009690  -0.006569  -0.014361  -0.057401  -0.077719  -0.158562
     16      -0.012441   0.005096   0.030912  -0.039012  -0.055188   0.023012
     17      -0.008060   0.001782  -0.011002  -0.019082  -0.004745   0.069175
     18       0.062757  -0.050294   0.002134  -0.222427   0.134238   0.296129
     19      -0.024950   0.336580   0.026290   0.043529   0.079507  -0.059920
     20       0.012984  -0.330789  -0.032034  -0.015731  -0.141050   0.020007
     21      -0.062105   0.055215   0.001135   0.220446   0.128938  -0.292687
     22       0.016363  -0.409981   0.038224  -0.015808   0.164485   0.021590
     23      -0.024576   0.232029  -0.015963   0.052588  -0.026664  -0.072332
     24       0.067495  -0.260056   0.014924   0.132574   0.029221  -0.200725
     25       0.012689  -0.322563  -0.012729  -0.006976  -0.106518   0.028109
     26       0.004096   0.294098   0.013289   0.046861   0.160393  -0.084971
     27      -0.068077   0.255345   0.015280  -0.134899   0.034199   0.204572
     28      -0.003297   0.386944  -0.015557   0.039800  -0.182175  -0.079507
     29       0.008682  -0.207623   0.009436  -0.002649   0.058629   0.017126
     30      -0.468706  -0.039073  -0.263024  -0.453270   0.450381  -0.312848
     31      -0.060307  -0.007337  -0.008666  -0.069249   0.054201   0.013758
     32       0.075749  -0.026903   0.095434   0.014073  -0.028630   0.135054
     33       0.492267   0.030380   0.572726  -0.426069   0.326813  -0.374536
     34       0.016129   0.028417  -0.013762  -0.119344   0.173824  -0.004149
     35      -0.078782   0.013698  -0.135199  -0.010440   0.064275   0.108146
     36       0.007462  -0.000847  -0.358076  -0.002566   0.290033   0.010032
     37      -0.095070   0.011815   0.021207   0.033632  -0.010665  -0.130911
     38      -0.127202   0.015832  -0.034939   0.045048   0.024185  -0.175332
     39      -0.484731  -0.032822   0.560187   0.432270   0.338306   0.367905
     40      -0.105703   0.003396   0.155065   0.046340   0.004759   0.124139
     41      -0.042135   0.028953   0.091222  -0.087640  -0.161933   0.051787
     42       0.463205   0.041139  -0.256903   0.453431   0.448244   0.303054
     43       0.115024  -0.021620  -0.107671   0.056557   0.065737   0.141757
     44      -0.002966  -0.011898  -0.036861  -0.030862  -0.012780   0.072911
                 30         31         32         33         34         35    
      0       0.009442   0.052797   0.000164   0.000083  -0.075381  -0.054582
      1       0.025628   0.044531  -0.002690  -0.001340  -0.051329  -0.036164
      2      -0.018613  -0.030379  -0.003560  -0.001781   0.034226   0.024041
      3      -0.007504  -0.016715   0.000233   0.000136  -0.040713  -0.020440
      4       0.024212   0.037155  -0.003120  -0.001890   0.074915   0.042130
      5      -0.018472  -0.028612  -0.004135  -0.002521  -0.058101  -0.032546
      6       0.152962  -0.093830  -0.001216  -0.000699   0.104733   0.120782
      7       0.014822   0.002692   0.018134   0.010460  -0.004494   0.009234
      8      -0.002784  -0.007086   0.024297   0.014001   0.009025  -0.000368
      9      -0.086224   0.049946  -0.004462  -0.006881  -0.023129  -0.029717
     10      -0.030517   0.015646  -0.043738  -0.046154   0.010686  -0.057569
     11      -0.007594   0.004724   0.023945  -0.049983   0.020722  -0.069503
     12       0.001573  -0.000981  -0.003785  -0.000232  -0.005544  -0.008848
     13       0.009736  -0.006233   0.052490   0.003189   0.000078  -0.000590
     14      -0.007224   0.004686   0.070343   0.004270  -0.000364  -0.000035
     15      -0.088031   0.050912   0.004909   0.012651  -0.021058  -0.037419
     16      -0.005933   0.002589   0.035636  -0.034243  -0.017976   0.048541
     17       0.025399  -0.012916  -0.034789  -0.057729  -0.017702   0.072682
     18      -0.371070  -0.173030  -0.020630  -0.014099   0.189089   0.067705
     19      -0.120092  -0.051379   0.011790   0.004433   0.040122   0.017296
     20       0.442276   0.268526  -0.014141  -0.003020  -0.287111  -0.144970
     21      -0.345114  -0.156363   0.020978   0.014000   0.170469   0.058217
     22      -0.476693  -0.280568  -0.015673  -0.003432   0.295963   0.147172
     23      -0.035722  -0.038666   0.008754   0.004371   0.055768   0.029046
     24      -0.014803   0.166325   0.022227   0.001008   0.122658   0.027412
     25       0.005672  -0.183135  -0.007290  -0.007995  -0.098068  -0.035543
     26       0.026136   0.523614   0.016668   0.006317   0.409355   0.164346
     27      -0.012634   0.192680  -0.023203  -0.001126   0.145721   0.036966
     28      -0.024201  -0.544958   0.017615   0.008492  -0.413552  -0.166099
     29      -0.013814   0.039125  -0.003875  -0.005959  -0.013083  -0.010428
     30       0.247976  -0.145138   0.075673   0.042507   0.026432   0.069288
     31       0.000345   0.001650  -0.048377  -0.014746   0.002961  -0.024935
     32      -0.143425   0.104600  -0.189245   0.482556  -0.294200   0.459193
     33       0.194876  -0.102139  -0.091097  -0.073750   0.046418  -0.014090
     34      -0.050416   0.054726  -0.060050   0.459859  -0.268531   0.439023
     35      -0.060834   0.042653   0.029843   0.162356  -0.097533   0.121695
     36       0.084897  -0.049093   0.040423   0.008031   0.006422   0.015452
     37      -0.010108   0.005108  -0.557287  -0.110216  -0.003525  -0.007235
     38       0.012579  -0.007416  -0.746722  -0.147651   0.002947   0.006257
     39       0.187494  -0.095914   0.092145   0.038494   0.025642   0.017122
     40       0.053859  -0.030353   0.050537   0.027737   0.018985   0.008276
     41       0.078755  -0.071336  -0.042523   0.490667   0.287900  -0.455913
     42       0.237147  -0.137387  -0.059505  -0.074865   0.006085   0.099579
     43       0.150180  -0.107185  -0.170971   0.463387   0.283930  -0.443296
     44       0.057330  -0.041234  -0.104843   0.118904   0.081993  -0.100882
                 36         37         38         39         40         41    
      0      -0.000009  -0.000259  -0.009066  -0.039906   0.000489   0.000062
      1       0.000197  -0.000477  -0.009267  -0.036031  -0.000112   0.000265
      2       0.000270   0.000328   0.006308   0.024301   0.000041   0.000363
      3      -0.000081  -0.000719   0.022456  -0.007490  -0.000413  -0.000159
      4       0.001087   0.003232  -0.041735   0.014507   0.000437   0.001283
      5       0.001350  -0.002513   0.032549  -0.011223  -0.000749   0.001508
      6      -0.000007   0.002411  -0.002452   0.003450   0.000491   0.000055
      7       0.000792   0.000592  -0.000011  -0.000762  -0.001500  -0.000154
      8       0.001052  -0.000344  -0.000123   0.000756   0.001113   0.000255
      9       0.000543   0.000645  -0.000395   0.000304   0.008788   0.012628
     10      -0.037460  -0.038920  -0.001864   0.000917  -0.040674  -0.055587
     11      -0.028904  -0.027186  -0.001606   0.000297   0.040249   0.051559
     12       0.000067   0.002331   0.000111  -0.000055   0.000627   0.000028
     13      -0.000157   0.001306   0.000229  -0.000090   0.004651   0.001471
     14      -0.000305  -0.000833  -0.000164   0.000063  -0.003672   0.000508
     15       0.003355  -0.003501  -0.000617   0.000367   0.012849  -0.009942
     16      -0.016869   0.016154   0.001052  -0.000014  -0.066125   0.047265
     17      -0.041876   0.046382   0.002200  -0.000968   0.038916  -0.030057
     18      -0.000557  -0.001449   0.058470   0.198607   0.003124   0.000055
     19      -0.002105   0.004215   0.164427   0.556463   0.002473   0.001441
     20      -0.002294   0.002495   0.097488   0.336701   0.000490   0.000362
     21       0.000702  -0.001111   0.073064   0.248360   0.003255   0.000704
     22      -0.001544  -0.001181  -0.042979  -0.151821   0.000374   0.000120
     23      -0.002570  -0.004644  -0.179597  -0.609437  -0.002804   0.001057
     24      -0.000383   0.005268  -0.154443   0.045609  -0.002837   0.000582
     25      -0.007907  -0.036839   0.592329  -0.171195   0.003704  -0.012661
     26      -0.004177  -0.020769   0.284415  -0.084203  -0.000052  -0.005723
     27       0.001062   0.001894  -0.103706   0.030667  -0.002657  -0.000208
     28      -0.001397   0.009723  -0.111226   0.033970   0.001511  -0.001486
     29      -0.007537   0.042006  -0.659678   0.190703   0.000682  -0.013879
     30      -0.075645  -0.075386  -0.001256   0.000254  -0.034742  -0.051207
     31       0.590480   0.580577   0.032841  -0.014982   0.297592   0.432512
     32      -0.027133  -0.023566   0.000076  -0.000584  -0.006580  -0.008597
     33       0.055177   0.050685   0.003328  -0.003362  -0.071460  -0.095068
     34      -0.150842  -0.134605  -0.007017   0.000702   0.176485   0.232032
     35       0.369872   0.333255   0.020643  -0.005981  -0.473226  -0.620822
     36      -0.000145  -0.017637  -0.000249   0.000602  -0.013620  -0.001700
     37      -0.004265  -0.023620  -0.000837   0.000849  -0.049810  -0.011085
     38      -0.004299   0.016791   0.000611  -0.000602   0.037599   0.000514
     39      -0.070989   0.070611   0.004538  -0.003787  -0.126542   0.092267
     40       0.384513  -0.376090  -0.022431   0.005932   0.664399  -0.479483
     41      -0.042645   0.040508   0.001188   0.000778  -0.053697   0.039189
     42       0.044556  -0.048323   0.000452  -0.000536  -0.027804   0.022677
     43      -0.182128   0.191059   0.009235  -0.003861   0.125234  -0.099276
     44       0.536580  -0.573102  -0.031485   0.014904  -0.399529   0.319293
                 42         43         44    
      0      -0.001862   0.004225   0.000147
      1       0.024577  -0.056288  -0.000082
      2       0.033071  -0.075670   0.000067
      3       0.004136   0.001772  -0.000066
      4      -0.056581  -0.024170   0.000026
      5      -0.075695  -0.032306  -0.000020
      6       0.000029   0.000004   0.000731
      7      -0.000463  -0.000127  -0.000044
      8      -0.000617  -0.000184   0.000072
      9       0.000274   0.000550   0.002866
     10      -0.001666  -0.000523  -0.005666
     11       0.000982   0.000011   0.001512
     12      -0.000019  -0.000000  -0.027586
     13       0.000243  -0.000002  -0.053917
     14       0.000328  -0.000003   0.038737
     15      -0.000260  -0.000520   0.002672
     16       0.001422   0.000120  -0.002897
     17      -0.001364  -0.000541   0.005193
     18      -0.082526   0.189714   0.000079
     19      -0.225655   0.527816  -0.000278
     20      -0.139583   0.314547  -0.000131
     21       0.104606  -0.239929   0.000051
     22      -0.065341   0.141207   0.000052
     23      -0.251967   0.584677   0.000321
     24      -0.151567  -0.062142  -0.000450
     25       0.567662   0.248069  -0.000205
     26       0.269248   0.114288  -0.000264
     27       0.102571   0.040963  -0.000482
     28       0.102920   0.041494   0.000166
     29       0.627838   0.273084   0.000220
     30       0.000711   0.000354  -0.001885
     31       0.012815   0.008309   0.041706
     32       0.001862   0.000256  -0.004499
     33      -0.001595   0.001334  -0.006630
     34       0.002185   0.001156   0.008854
     35      -0.005757  -0.000484  -0.022922
     36       0.000012   0.000006   0.324709
     37       0.000023  -0.000107   0.762048
     38      -0.000027  -0.000134  -0.551164
     39       0.001901  -0.001370  -0.007713
     40      -0.006199  -0.000710   0.023990
     41       0.000589   0.000852  -0.002433
     42      -0.001468  -0.000788  -0.000021
     43      -0.002016  -0.002176   0.016108
     44       0.013042   0.008065  -0.038725
# -----------------------------------------------------------
$ THERMOCHEMISTRY_Energies
   description: The Thermochemistry energies
   geom. index: 1
   prop. index: 1
        Temperature (Kelvin)           :        298.1500000000
        Pressure (atm)                 :          1.0000000000
        Total Mass (AMU)               :         83.1340000000
        Spin Degeneracy                :          1.0000000000
        Electronic Energy (Hartree)    :       -250.7494805733
        Translational Energy (Hartree) :          0.0014162714
        Rotational Energy (Hartree)    :          0.0014162714
        Vibrational Energy (Hartree)   :          0.0023737494
        Number of frequencies          :     45      
        Scaling Factor for frequencies :          1.0000000000
        Vibrational frequencies        :     
                  0    
      0       0.000000
      1       0.000000
      2       0.000000
      3       0.000000
      4       0.000000
      5       0.000000
      6     142.684993
      7     322.422901
      8     398.127167
      9     416.612672
     10     570.327750
     11     844.932343
     12     894.972026
     13     935.113825
     14     991.829079
     15     1005.559023
     16     1043.639576
     17     1045.846815
     18     1079.874116
     19     1085.533816
     20     1090.169337
     21     1108.381410
     22     1136.109511
     23     1193.258608
     24     1208.074138
     25     1262.052257
     26     1283.774491
     27     1335.909233
     28     1365.444204
     29     1380.369738
     30     1472.707574
     31     1481.243887
     32     1488.919535
     33     1531.727307
     34     1543.763399
     35     1554.907800
     36     2908.010881
     37     2913.784928
     38     2937.510854
     39     2950.747778
     40     2983.892496
     41     2984.627100
     42     3049.378334
     43     3072.433247
     44     3216.198333
        Zero Point Energy (Hartree)    :          0.1349378564
        Inner Energy (Hartree)         :       -250.6093364247
        Enthalpy (Hartree)             :       -250.6083922157
        Electronic entropy             :          0.0000000000
        Rotational entropy             :          0.0123514079
        Vibrational entropy            :          0.0036914194
        Translational entropy          :          0.0123514079
        Entropy                        :          0.0346524609
        Gibbs Energy (Hartree)         :       -250.6430446766
        Is Linear                      :                 false
# -----------------------------------------------------------
$ PAL_Flags
   description: The PAL Flags
   geom. index: 2
   prop. index: 1
        Diskflag:     2
# -----------------------------------------------------------
$ SCF_Energy
   description: The SCF energy
   geom. index: 2
   prop. index: 1
        SCF Energy:     -250.7407586075
# -----------------------------------------------------------
$ DFT_Energy
   description: The DFT energy
   geom. index: 2
   prop. index: 1
   Number of Alpha Electrons                 23.0000781166 
   Number of Beta  Electrons                 23.0000781166 
   Total number of  Electrons                46.0001562333 
   Exchange energy                          -23.7305285182 
   Correlation energy                        -1.8693744167 
   Correlation energy NL                      0.0000000000 
   Exchange-Correlation energy              -25.5999029349 
   Embedding correction                       0.0000000000 
   Total DFT Energy (No VdW correction)    -250.7407586075 
# -----------------------------------------------------------
$ VdW_Correction
   description: The Van der Waals Correction
   geom. index: 2
   prop. index: 1
        Van der Waals Correction:       -0.0216635021
# -----------------------------------------------------------
$ PAL_Flags
   description: The PAL Flags
   geom. index: 3
   prop. index: 1
        Diskflag:     2
# -----------------------------------------------------------
$ SCF_Energy
   description: The SCF energy
   geom. index: 3
   prop. index: 1
        SCF Energy:     -250.7459839293
# -----------------------------------------------------------
$ DFT_Energy
   description: The DFT energy
   geom. index: 3
   prop. index: 1
   Number of Alpha Electrons                 23.0000740693 
   Number of Beta  Electrons                 23.0000740693 
   Total number of  Electrons                46.0001481385 
   Exchange energy                          -23.7334413381 
   Correlation energy                        -1.8691885122 
   Correlation energy NL                      0.0000000000 
   Exchange-Correlation energy              -25.6026298503 
   Embedding correction                       0.0000000000 
   Total DFT Energy (No VdW correction)    -250.7459839293 
# -----------------------------------------------------------
$ VdW_Correction
   description: The Van der Waals Correction
   geom. index: 3
   prop. index: 1
        Van der Waals Correction:       -0.0215336690
# -----------------------------------------------------------
$ PAL_Flags
   description: The PAL Flags
   geom. index: 4
   prop. index: 1
        Diskflag:     2
# -----------------------------------------------------------
$ SCF_Energy
   description: The SCF energy
   geom. index: 4
   prop. index: 1
        SCF Energy:     -250.7487608754
# -----------------------------------------------------------
$ DFT_Energy
   description: The DFT energy
   geom. index: 4
   prop. index: 1
   Number of Alpha Electrons                 23.0000695202 
   Number of Beta  Electrons                 23.0000695202 
   Total number of  Electrons                46.0001390403 
   Exchange energy                          -23.7335994609 
   Correlation energy                        -1.8690447965 
   Correlation energy NL                      0.0000000000 
   Exchange-Correlation energy              -25.6026442573 
   Embedding correction                       0.0000000000 
   Total DFT Energy (No VdW correction)    -250.7487608754 
# -----------------------------------------------------------
$ VdW_Correction
   description: The Van der Waals Correction
   geom. index: 4
   prop. index: 1
        Van der Waals Correction:       -0.0214568523
# -----------------------------------------------------------
$ PAL_Flags
   description: The PAL Flags
   geom. index: 5
   prop. index: 1
        Diskflag:     2
# -----------------------------------------------------------
$ SCF_Energy
   description: The SCF energy
   geom. index: 5
   prop. index: 1
        SCF Energy:     -250.7503138054
# -----------------------------------------------------------
$ DFT_Energy
   description: The DFT energy
   geom. index: 5
   prop. index: 1
   Number of Alpha Electrons                 23.0000685904 
   Number of Beta  Electrons                 23.0000685904 
   Total number of  Electrons                46.0001371807 
   Exchange energy                          -23.7344326853 
   Correlation energy                        -1.8689919479 
   Correlation energy NL                      0.0000000000 
   Exchange-Correlation energy              -25.6034246331 
   Embedding correction                       0.0000000000 
   Total DFT Energy (No VdW correction)    -250.7503138054 
# -----------------------------------------------------------
$ VdW_Correction
   description: The Van der Waals Correction
   geom. index: 5
   prop. index: 1
        Van der Waals Correction:       -0.0214094418
# -----------------------------------------------------------
$ PAL_Flags
   description: The PAL Flags
   geom. index: 6
   prop. index: 1
        Diskflag:     2
# -----------------------------------------------------------
$ SCF_Energy
   description: The SCF energy
   geom. index: 6
   prop. index: 1
        SCF Energy:     -250.7511721672
# -----------------------------------------------------------
$ DFT_Energy
   description: The DFT energy
   geom. index: 6
   prop. index: 1
   Number of Alpha Electrons                 23.0000670165 
   Number of Beta  Electrons                 23.0000670165 
   Total number of  Electrons                46.0001340330 
   Exchange energy                          -23.7343144460 
   Correlation energy                        -1.8688740984 
   Correlation energy NL                      0.0000000000 
   Exchange-Correlation energy              -25.6031885444 
   Embedding correction                       0.0000000000 
   Total DFT Energy (No VdW correction)    -250.7511721672 
# -----------------------------------------------------------
$ VdW_Correction
   description: The Van der Waals Correction
   geom. index: 6
   prop. index: 1
        Van der Waals Correction:       -0.0213702179
# -----------------------------------------------------------
$ PAL_Flags
   description: The PAL Flags
   geom. index: 7
   prop. index: 1
        Diskflag:     2
# -----------------------------------------------------------
$ SCF_Energy
   description: The SCF energy
   geom. index: 7
   prop. index: 1
        SCF Energy:     -250.7516116720
# -----------------------------------------------------------
$ DFT_Energy
   description: The DFT energy
   geom. index: 7
   prop. index: 1
   Number of Alpha Electrons                 23.0000553434 
   Number of Beta  Electrons                 23.0000553434 
   Total number of  Electrons                46.0001106869 
   Exchange energy                          -23.7338198242 
   Correlation energy                        -1.8687473129 
   Correlation energy NL                      0.0000000000 
   Exchange-Correlation energy              -25.6025671371 
   Embedding correction                       0.0000000000 
   Total DFT Energy (No VdW correction)    -250.7516116720 
# -----------------------------------------------------------
$ VdW_Correction
   description: The Van der Waals Correction
   geom. index: 7
   prop. index: 1
        Van der Waals Correction:       -0.0213373822
# -----------------------------------------------------------
$ PAL_Flags
   description: The PAL Flags
   geom. index: 8
   prop. index: 1
        Diskflag:     2
# -----------------------------------------------------------
$ SCF_Energy
   description: The SCF energy
   geom. index: 8
   prop. index: 1
        SCF Energy:     -250.7518866819
# -----------------------------------------------------------
$ DFT_Energy
   description: The DFT energy
   geom. index: 8
   prop. index: 1
   Number of Alpha Electrons                 23.0000384813 
   Number of Beta  Electrons                 23.0000384813 
   Total number of  Electrons                46.0000769626 
   Exchange energy                          -23.7335130602 
   Correlation energy                        -1.8686700380 
   Correlation energy NL                      0.0000000000 
   Exchange-Correlation energy              -25.6021830983 
   Embedding correction                       0.0000000000 
   Total DFT Energy (No VdW correction)    -250.7518866819 
# -----------------------------------------------------------
$ VdW_Correction
   description: The Van der Waals Correction
   geom. index: 8
   prop. index: 1
        Van der Waals Correction:       -0.0213134916
# -----------------------------------------------------------
$ PAL_Flags
   description: The PAL Flags
   geom. index: 9
   prop. index: 1
        Diskflag:     2
# -----------------------------------------------------------
$ SCF_Energy
   description: The SCF energy
   geom. index: 9
   prop. index: 1
        SCF Energy:     -250.7521364951
# -----------------------------------------------------------
$ DFT_Energy
   description: The DFT energy
   geom. index: 9
   prop. index: 1
   Number of Alpha Electrons                 23.0000425877 
   Number of Beta  Electrons                 23.0000425877 
   Total number of  Electrons                46.0000851754 
   Exchange energy                          -23.7336362501 
   Correlation energy                        -1.8686639313 
   Correlation energy NL                      0.0000000000 
   Exchange-Correlation energy              -25.6023001814 
   Embedding correction                       0.0000000000 
   Total DFT Energy (No VdW correction)    -250.7521364951 
# -----------------------------------------------------------
$ VdW_Correction
   description: The Van der Waals Correction
   geom. index: 9
   prop. index: 1
        Van der Waals Correction:       -0.0212999732
# -----------------------------------------------------------
$ PAL_Flags
   description: The PAL Flags
   geom. index: 10
   prop. index: 1
        Diskflag:     2
# -----------------------------------------------------------
$ SCF_Energy
   description: The SCF energy
   geom. index: 10
   prop. index: 1
        SCF Energy:     -250.7523893965
# -----------------------------------------------------------
$ DFT_Energy
   description: The DFT energy
   geom. index: 10
   prop. index: 1
   Number of Alpha Electrons                 23.0000474798 
   Number of Beta  Electrons                 23.0000474798 
   Total number of  Electrons                46.0000949597 
   Exchange energy                          -23.7341728873 
   Correlation energy                        -1.8687206051 
   Correlation energy NL                      0.0000000000 
   Exchange-Correlation energy              -25.6028934924 
   Embedding correction                       0.0000000000 
   Total DFT Energy (No VdW correction)    -250.7523893965 
# -----------------------------------------------------------
$ VdW_Correction
   description: The Van der Waals Correction
   geom. index: 10
   prop. index: 1
        Van der Waals Correction:       -0.0212947643
# -----------------------------------------------------------
$ PAL_Flags
   description: The PAL Flags
   geom. index: 11
   prop. index: 1
        Diskflag:     2
# -----------------------------------------------------------
$ SCF_Energy
   description: The SCF energy
   geom. index: 11
   prop. index: 1
        SCF Energy:     -250.7526417529
# -----------------------------------------------------------
$ DFT_Energy
   description: The DFT energy
   geom. index: 11
   prop. index: 1
   Number of Alpha Electrons                 23.0000150502 
   Number of Beta  Electrons                 23.0000150502 
   Total number of  Electrons                46.0000301005 
   Exchange energy                          -23.7349938158 
   Correlation energy                        -1.8688209008 
   Correlation energy NL                      0.0000000000 
   Exchange-Correlation energy              -25.6038147166 
   Embedding correction                       0.0000000000 
   Total DFT Energy (No VdW correction)    -250.7526417529 
# -----------------------------------------------------------
$ VdW_Correction
   description: The Van der Waals Correction
   geom. index: 11
   prop. index: 1
        Van der Waals Correction:       -0.0212952592
# -----------------------------------------------------------
$ PAL_Flags
   description: The PAL Flags
   geom. index: 12
   prop. index: 1
        Diskflag:     2
# -----------------------------------------------------------
$ SCF_Energy
   description: The SCF energy
   geom. index: 12
   prop. index: 1
        SCF Energy:     -250.7528882991
# -----------------------------------------------------------
$ DFT_Energy
   description: The DFT energy
   geom. index: 12
   prop. index: 1
   Number of Alpha Electrons                 22.9999905818 
   Number of Beta  Electrons                 22.9999905818 
   Total number of  Electrons                45.9999811636 
   Exchange energy                          -23.7355327139 
   Correlation energy                        -1.8688967134 
   Correlation energy NL                      0.0000000000 
   Exchange-Correlation energy              -25.6044294273 
   Embedding correction                       0.0000000000 
   Total DFT Energy (No VdW correction)    -250.7528882991 
# -----------------------------------------------------------
$ VdW_Correction
   description: The Van der Waals Correction
   geom. index: 12
   prop. index: 1
        Van der Waals Correction:       -0.0212949197
# -----------------------------------------------------------
$ PAL_Flags
   description: The PAL Flags
   geom. index: 13
   prop. index: 1
        Diskflag:     2
# -----------------------------------------------------------
$ SCF_Energy
   description: The SCF energy
   geom. index: 13
   prop. index: 1
        SCF Energy:     -250.7531136605
# -----------------------------------------------------------
$ DFT_Energy
   description: The DFT energy
   geom. index: 13
   prop. index: 1
   Number of Alpha Electrons                 22.9999998280 
   Number of Beta  Electrons                 22.9999998280 
   Total number of  Electrons                45.9999996560 
   Exchange energy                          -23.7355806473 
   Correlation energy                        -1.8689277354 
   Correlation energy NL                      0.0000000000 
   Exchange-Correlation energy              -25.6045083827 
   Embedding correction                       0.0000000000 
   Total DFT Energy (No VdW correction)    -250.7531136605 
# -----------------------------------------------------------
$ VdW_Correction
   description: The Van der Waals Correction
   geom. index: 13
   prop. index: 1
        Van der Waals Correction:       -0.0212939980
# -----------------------------------------------------------
$ PAL_Flags
   description: The PAL Flags
   geom. index: 14
   prop. index: 1
        Diskflag:     2
# -----------------------------------------------------------
$ SCF_Energy
   description: The SCF energy
   geom. index: 14
   prop. index: 1
        SCF Energy:     -250.7532830339
# -----------------------------------------------------------
$ DFT_Energy
   description: The DFT energy
   geom. index: 14
   prop. index: 1
   Number of Alpha Electrons                 23.0000036526 
   Number of Beta  Electrons                 23.0000036526 
   Total number of  Electrons                46.0000073051 
   Exchange energy                          -23.7354264449 
   Correlation energy                        -1.8689482430 
   Correlation energy NL                      0.0000000000 
   Exchange-Correlation energy              -25.6043746879 
   Embedding correction                       0.0000000000 
   Total DFT Energy (No VdW correction)    -250.7532830339 
# -----------------------------------------------------------
$ VdW_Correction
   description: The Van der Waals Correction
   geom. index: 14
   prop. index: 1
        Van der Waals Correction:       -0.0212983911
# -----------------------------------------------------------
$ PAL_Flags
   description: The PAL Flags
   geom. index: 15
   prop. index: 1
        Diskflag:     2
# -----------------------------------------------------------
$ SCF_Energy
   description: The SCF energy
   geom. index: 15
   prop. index: 1
        SCF Energy:     -250.7533670593
# -----------------------------------------------------------
$ DFT_Energy
   description: The DFT energy
   geom. index: 15
   prop. index: 1
   Number of Alpha Electrons                 22.9999874752 
   Number of Beta  Electrons                 22.9999874752 
   Total number of  Electrons                45.9999749504 
   Exchange energy                          -23.7357946037 
   Correlation energy                        -1.8690420272 
   Correlation energy NL                      0.0000000000 
   Exchange-Correlation energy              -25.6048366309 
   Embedding correction                       0.0000000000 
   Total DFT Energy (No VdW correction)    -250.7533670593 
# -----------------------------------------------------------
$ VdW_Correction
   description: The Van der Waals Correction
   geom. index: 15
   prop. index: 1
        Van der Waals Correction:       -0.0213128465
# -----------------------------------------------------------
$ PAL_Flags
   description: The PAL Flags
   geom. index: 16
   prop. index: 1
        Diskflag:     2
# -----------------------------------------------------------
$ SCF_Energy
   description: The SCF energy
   geom. index: 16
   prop. index: 1
        SCF Energy:     -250.7533590833
# -----------------------------------------------------------
$ DFT_Energy
   description: The DFT energy
   geom. index: 16
   prop. index: 1
   Number of Alpha Electrons                 22.9999818065 
   Number of Beta  Electrons                 22.9999818065 
   Total number of  Electrons                45.9999636131 
   Exchange energy                          -23.7350484555 
   Correlation energy                        -1.8689958067 
   Correlation energy NL                      0.0000000000 
   Exchange-Correlation energy              -25.6040442622 
   Embedding correction                       0.0000000000 
   Total DFT Energy (No VdW correction)    -250.7533590833 
# -----------------------------------------------------------
$ VdW_Correction
   description: The Van der Waals Correction
   geom. index: 16
   prop. index: 1
        Van der Waals Correction:       -0.0213191522
# -----------------------------------------------------------
$ PAL_Flags
   description: The PAL Flags
   geom. index: 17
   prop. index: 1
        Diskflag:     2
# -----------------------------------------------------------
$ SCF_Energy
   description: The SCF energy
   geom. index: 17
   prop. index: 1
        SCF Energy:     -250.7533756384
# -----------------------------------------------------------
$ DFT_Energy
   description: The DFT energy
   geom. index: 17
   prop. index: 1
   Number of Alpha Electrons                 22.9999831651 
   Number of Beta  Electrons                 22.9999831651 
   Total number of  Electrons                45.9999663301 
   Exchange energy                          -23.7356443236 
   Correlation energy                        -1.8690459317 
   Correlation energy NL                      0.0000000000 
   Exchange-Correlation energy              -25.6046902553 
   Embedding correction                       0.0000000000 
   Total DFT Energy (No VdW correction)    -250.7533756384 
# -----------------------------------------------------------
$ VdW_Correction
   description: The Van der Waals Correction
   geom. index: 17
   prop. index: 1
        Van der Waals Correction:       -0.0213186735
# -----------------------------------------------------------
$ PAL_Flags
   description: The PAL Flags
   geom. index: 18
   prop. index: 1
        Diskflag:     2
# -----------------------------------------------------------
$ SCF_Energy
   description: The SCF energy
   geom. index: 18
   prop. index: 1
        SCF Energy:     -250.7533764003
# -----------------------------------------------------------
$ DFT_Energy
   description: The DFT energy
   geom. index: 18
   prop. index: 1
   Number of Alpha Electrons                 22.9999835099 
   Number of Beta  Electrons                 22.9999835099 
   Total number of  Electrons                45.9999670198 
   Exchange energy                          -23.7356271271 
   Correlation energy                        -1.8690410125 
   Correlation energy NL                      0.0000000000 
   Exchange-Correlation energy              -25.6046681396 
   Embedding correction                       0.0000000000 
   Total DFT Energy (No VdW correction)    -250.7533764003 
# -----------------------------------------------------------
$ Mayer_Pop
   description: The Mayer population analysis
   geom. index: 18
   prop. index: 1
     Number of atoms                     : 15
     Threshold for printing              : 0.1000000
     Number of bond orders printed       : 17
  NA   - Mulliken gross atomic population
  ZA   - Total nuclear charge
  QA   - Mulliken gross atomic charge
  VA   - Mayer's total valence
  BVA  - Mayer's bonded valence
  FA   - Mayer's free valence
  ATOM       NA         ZA         QA         VA         BVA        FA
  0   0     6.3534     6.0000    -0.3534     3.7973     3.7973    -0.0000
  1   0     6.3824     6.0000    -0.3824     3.8641     3.8641    -0.0000
  2   0     5.9857     6.0000     0.0143     3.5791     3.5791     0.0000
  3   0     6.2210     6.0000    -0.2210     3.7627     3.7627     0.0000
  4   0     7.3725     7.0000    -0.3725     2.5717     2.5717    -0.0000
  5   0     6.2213     6.0000    -0.2213     3.7645     3.7645    -0.0000
  6   0     0.8397     1.0000     0.1603     0.9661     0.9661    -0.0000
  7   0     0.8395     1.0000     0.1605     0.9660     0.9660     0.0000
  8   0     0.8422     1.0000     0.1578     0.9634     0.9634     0.0000
  9   0     0.8420     1.0000     0.1580     0.9633     0.9633     0.0000
 10   0     0.8537     1.0000     0.1463     0.9140     0.9140     0.0000
 11   0     0.8436     1.0000     0.1564     0.9116     0.9116     0.0000
 12   0     0.7055     1.0000     0.2945     0.8632     0.8632     0.0000
 13   0     0.8438     1.0000     0.1562     0.9118     0.9118    -0.0000
 14   0     0.8536     1.0000     0.1464     0.9139     0.9139     0.0000
      Bond orders larger than 0.1000000
           Atom A     A.N. of A          Atom B    A.N. of B              Bond order
                0             6               1            6                0.949982
                0             6               2            6                0.841241
                0             6               6            1                0.955281
                0             6               7            1                0.955518
                1             6               2            6                0.854872
                1             6               8            1                0.955935
                1             6               9            1                0.955625
                2             6               3            6                0.912371
                2             6               4            7                0.218530
                2             6               5            6                0.914143
                3             6               4            7                0.804545
                3             6              10            1                0.950534
                3             6              11            1                0.991130
                4             7               5            6                0.803972
                4             7              12            1                0.872610
                5             6              13            1                0.990626
                5             6              14            1                0.950664
# -----------------------------------------------------------
$ VdW_Correction
   description: The Van der Waals Correction
   geom. index: 18
   prop. index: 1
        Van der Waals Correction:       -0.0213175058
# -----------------------------------------------------------
$ SCF_Electric_Properties
   description: The SCF Calculated Electric Properties
   geom. index: 18
   prop. index: 1
       Filename                          : file.scfp 
       Do Dipole Moment Calculation      : true 
       Do Quadrupole Moment Calculation  : false 
       Do Polarizability Calculation     : false 
** Dipole moment part of electric properties **
        Magnitude of dipole moment (Debye) :        1.4806271366
        Electronic Contribution:
                  0    
      0       1.351370
      1      -0.317517
      2       0.310755
        Nuclear Contribution:
                  0    
      0      -1.507092
      1       0.763311
      2      -0.651839
        Total Dipole moment:
                  0    
      0      -0.155722
      1       0.445794
      2      -0.341084
# -------------------------------------------------------------
----------------------- !GEOMETRIES! ------------------------
# -------------------------------------------------------------
------------------------ !GEOMETRY! -------------------------
    Number of atoms:    15 
    Geometry Index:     1 
    Coordinates:
               0 C     -1.611000000000   -0.600900000000    0.361300000000
               1 C     -1.205500000000    0.586600000000   -0.503000000000
               2 C     -0.146400000000   -0.267100000000    0.191500000000
               3 C      0.860700000000    0.515200000000    0.970500000000
               4 N      1.936900000000    0.043400000000    0.072400000000
               5 C      0.951500000000   -0.736800000000   -0.706900000000
               6 H     -1.920700000000   -1.509600000000   -0.196300000000
               7 H     -2.005400000000   -0.343200000000    1.366500000000
               8 H     -1.469900000000    1.555000000000   -0.026600000000
               9 H     -1.385600000000    0.393800000000   -1.582400000000
              10 H      0.732400000000    1.621700000000    0.935200000000
              11 H      0.994000000000    0.111200000000    1.996600000000
              12 H      2.255900000000    0.851600000000   -0.513500000000
              13 H      1.134500000000   -1.827300000000   -0.600500000000
              14 H      0.878500000000   -0.393500000000   -1.764600000000
------------------------ !GEOMETRY! -------------------------
    Number of atoms:    15 
    Geometry Index:     2 
    Coordinates:
               0 C     -1.609229775125   -0.594267983642    0.356532691292
               1 C     -1.234453464350    0.590261570566   -0.507425635039
               2 C     -0.160465351585   -0.246604875869    0.175328431579
               3 C      0.868965179580    0.524544001440    0.990881470402
               4 N      1.942130151881    0.055453628454    0.063762444485
               5 C      0.961628899929   -0.753220494603   -0.721139464991
               6 H     -1.931195574187   -1.496196875064   -0.163282781835
               7 H     -2.012696931116   -0.371232753223    1.343839778208
               8 H     -1.490272962191    1.554176348773   -0.067394783359
               9 H     -1.408830574836    0.431368826957   -1.571610205306
              10 H      0.733133267628    1.613660613629    0.992435200926
              11 H      1.025438046159    0.133722103786    2.006304912939
              12 H      2.265126726544    0.837360324332   -0.502100135985
              13 H      1.167746673296   -1.828424329390   -0.622812213044
              14 H      0.882875688374   -0.450500106147   -1.773119710271
------------------------ !GEOMETRY! -------------------------
    Number of atoms:    15 
    Geometry Index:     3 
    Coordinates:
               0 C     -1.599915966342   -0.591664550105    0.355142766231
               1 C     -1.257466211852    0.595472766152   -0.512633986530
               2 C     -0.167214604315   -0.216877431075    0.152766319727
               3 C      0.873108809760    0.522213011598    0.996086991693
               4 N      1.942391609058    0.066300529580    0.055681786211
               5 C      0.965954377537   -0.758608878284   -0.720172863530
               6 H     -1.934516432666   -1.500625070560   -0.138673613123
               7 H     -2.014407505745   -0.396108699794    1.341027358794
               8 H     -1.505583174614    1.569265952806   -0.097094614043
               9 H     -1.425466258083    0.462994885397   -1.578782347386
              10 H      0.732773941943    1.607956972761    1.038782791893
              11 H      1.040611673219    0.122872798989    2.004063768074
              12 H      2.282059970709    0.841814363874   -0.504304296173
              13 H      1.182187793844   -1.828509372708   -0.610861374442
              14 H      0.885381977549   -0.496397278631   -1.780828687395
------------------------ !GEOMETRY! -------------------------
    Number of atoms:    15 
    Geometry Index:     4 
    Coordinates:
               0 C     -1.586411947844   -0.592956028873    0.356794124890
               1 C     -1.282442146156    0.601859153934   -0.518735948775
               2 C     -0.171005943662   -0.182063521897    0.126646998945
               3 C      0.875515212783    0.521069684587    0.993360393164
               4 N      1.944062481607    0.072963588174    0.050729587722
               5 C      0.967999626631   -0.756209245683   -0.718095097120
               6 H     -1.924090231390   -1.509444031332   -0.122154730909
               7 H     -2.003352532342   -0.414130519563    1.345510943877
               8 H     -1.526457241312    1.582802985381   -0.116216872242
               9 H     -1.447000614518    0.483858309953   -1.587729988269
              10 H      0.743969069291    1.606641397946    1.073707661130
              11 H      1.035020137230    0.097530097912    1.992970401902
              12 H      2.300929565551    0.843155768308   -0.504218921962
              13 H      1.174462994304   -1.825422523702   -0.583789669395
              14 H      0.898701569826   -0.529555115145   -1.788578882958
------------------------ !GEOMETRY! -------------------------
    Number of atoms:    15 
    Geometry Index:     5 
    Coordinates:
               0 C     -1.569850398436   -0.595815891269    0.359678997721
               1 C     -1.309768398713    0.607730915351   -0.524483952282
               2 C     -0.173339887829   -0.146201142748    0.099855194832
               3 C      0.877116825761    0.523200857631    0.987259023668
               4 N      1.950061136086    0.069499501981    0.053556879094
               5 C      0.969163851682   -0.749775256641   -0.718130562457
               6 H     -1.902186697560   -1.518298165865   -0.111512703109
               7 H     -1.981449924890   -0.426240407905    1.352301324056
               8 H     -1.556672381272    1.589906865318   -0.126525790508
               9 H     -1.477522051106    0.494341553005   -1.593569055589
              10 H      0.768347219464    1.609322452771    1.094190667987
              11 H      1.011330093050    0.074584673638    1.979393752089
              12 H      2.321803761041    0.835422212262   -0.497419383576
              13 H      1.148523303201   -1.820313035211   -0.559336835965
              14 H      0.924343549521   -0.547265132317   -1.795057555961
------------------------ !GEOMETRY! -------------------------
    Number of atoms:    15 
    Geometry Index:     6 
    Coordinates:
               0 C     -1.552734397515   -0.599267530839    0.363146941455
               1 C     -1.337721739557    0.610751306548   -0.528266878543
               2 C     -0.174392452242   -0.112799193735    0.074905993837
               3 C      0.878359691114    0.529209779626    0.980001671306
               4 N      1.959401583175    0.052474070070    0.066742732061
               5 C      0.970205801821   -0.741021002384   -0.721673496721
               6 H     -1.875180609018   -1.527839604945   -0.102951423300
               7 H     -1.954591814334   -0.435818504503    1.360813988767
               8 H     -1.593737679945    1.590581848330   -0.130062496977
               9 H     -1.514755368169    0.495995442636   -1.595803210408
              10 H      0.801552848733    1.617321335677    1.096471327721
              11 H      0.975443613880    0.068090192944    1.970414128613
              12 H      2.348382181406    0.813221184933   -0.479526600165
              13 H      1.111732570984   -1.815436039482   -0.553044339688
              14 H      0.957935769668   -0.545363284876   -1.800968337958
------------------------ !GEOMETRY! -------------------------
    Number of atoms:    15 
    Geometry Index:     7 
    Coordinates:
               0 C     -1.537703206522   -0.603656581329    0.367406230443
               1 C     -1.362923957675    0.609048348713   -0.528601149109
               2 C     -0.174291189255   -0.086775235408    0.055452365782
               3 C      0.878210627710    0.539246408578    0.972996423914
               4 N      1.967024766678    0.021711628750    0.090166111561
               5 C      0.970233202678   -0.731237029278   -0.729410013622
               6 H     -1.848817607954   -1.538427988572   -0.093877243167
               7 H     -1.928151335730   -0.445319991527    1.370392138185
               8 H     -1.630832436490    1.584823131654   -0.128411495237
               9 H     -1.551925504111    0.490287353104   -1.593602059398
              10 H      0.834641944139    1.630775063681    1.075605242764
              11 H      0.934716925950    0.088419740523    1.970926022247
              12 H      2.387066138766    0.772507866221   -0.447097567497
              13 H      1.072416874356   -1.812097762987   -0.576047085603
              14 H      0.990234757459   -0.519204952122   -1.805697921263
------------------------ !GEOMETRY! -------------------------
    Number of atoms:    15 
    Geometry Index:     8 
    Coordinates:
               0 C     -1.526219564147   -0.608883108006    0.372076995805
               1 C     -1.382941502038    0.603886853496   -0.526080239076
               2 C     -0.173655869178   -0.069692358255    0.042671417947
               3 C      0.876302339594    0.551439453918    0.966819424063
               4 N      1.968329969400   -0.013956522138    0.116970799827
               5 C      0.968695023942   -0.721790157432   -0.739525650537
               6 H     -1.826930182705   -1.549152135306   -0.084907666732
               7 H     -1.906100448021   -0.454897463251    1.379785493302
               8 H     -1.662213761350    1.575350184690   -0.123285857235
               9 H     -1.583233790704    0.480558917000   -1.588454195826
              10 H      0.860595796608    1.646335264380    1.038642131312
              11 H      0.898055820147    0.128445887531    1.978073668996
              12 H      2.436168709588    0.719132060539   -0.404711528985
              13 H      1.038629519749   -1.809326746480   -0.619549746155
              14 H      1.014417939115   -0.477350130686   -1.808325046707
------------------------ !GEOMETRY! -------------------------
    Number of atoms:    15 
    Geometry Index:     9 
    Coordinates:
               0 C     -1.517042322897   -0.614535746339    0.376796389484
               1 C     -1.399074136920    0.597650779974   -0.522376440538
               2 C     -0.173213385191   -0.057874518284    0.033734146486
               3 C      0.873233372197    0.564170136503    0.960514956066
               4 N      1.963970844148   -0.048670488553    0.142839425269
               5 C      0.966070750624   -0.712345893791   -0.750137896993
               6 H     -1.808210941607   -1.559469715974   -0.076741693339
               7 H     -1.887225936241   -0.464267357281    1.388663127268
               8 H     -1.688843493649    1.564553876150   -0.116159409374
               9 H     -1.609897526882    0.469449742919   -1.582067983595
              10 H      0.880632663783    1.661061143094    0.994790200589
              11 H      0.866834915099    0.175875458790    1.985937228971
              12 H      2.489630884655    0.659490725480   -0.357435449176
              13 H      1.010721041234   -1.804984722893   -0.669538348001
              14 H      1.032313271644   -0.430003419796   -1.808618253118
------------------------ !GEOMETRY! -------------------------
    Number of atoms:    15 
    Geometry Index:     10 
    Coordinates:
               0 C     -1.509259443626   -0.620687288410    0.381734746128
               1 C     -1.412929300944    0.591059965857   -0.518113231169
               2 C     -0.173507377174   -0.049044784300    0.026910334437
               3 C      0.869689145200    0.577052647026    0.953203936084
               4 N      1.955682830519   -0.081530737819    0.167108281681
               5 C      0.962979957837   -0.702074357657   -0.760675911654
               6 H     -1.791628779626   -1.569669122335   -0.068899714121
               7 H     -1.870465398537   -0.473861105609    1.397341090540
               8 H     -1.712062947238    1.553489546226   -0.108223400499
               9 H     -1.633382380829    0.458205523331   -1.575190893131
              10 H      0.896962012351    1.674299792104    0.947462500582
              11 H      0.840262558603    0.226076837265    1.991848268739
              12 H      2.543532872318    0.595133249890   -0.306515627696
              13 H      0.987578305919   -1.797844634169   -0.720924173290
              14 H      1.046447945228   -0.380505531399   -1.806866206630
------------------------ !GEOMETRY! -------------------------
    Number of atoms:    15 
    Geometry Index:     11 
    Coordinates:
               0 C     -1.502312146962   -0.627573779455    0.387287449359
               1 C     -1.425529484240    0.584258921063   -0.513657485855
               2 C     -0.175070341602   -0.042076675402    0.021482815420
               3 C      0.866316108771    0.589832189809    0.944531812060
               4 N      1.944613334660   -0.112611896912    0.189649278112
               5 C      0.959822271857   -0.690383605598   -0.770830697979
               6 H     -1.776705520481   -1.580184387624   -0.060587043926
               7 H     -1.855469382872   -0.483982572848    1.406181425780
               8 H     -1.732738470337    1.542790516041   -0.100776080064
               9 H     -1.654206510793    0.447271713285   -1.568410519025
              10 H      0.911250955326    1.685861799058    0.898190312617
              11 H      0.817851977878    0.277182426155    1.994903353233
              12 H      2.595348875750    0.526539986631   -0.252528122697
              13 H      0.968410140677   -1.787352033222   -0.772134290129
              14 H      1.058318192369   -0.329472600979   -1.803102206905
------------------------ !GEOMETRY! -------------------------
    Number of atoms:    15 
    Geometry Index:     12 
    Coordinates:
               0 C     -1.495059913074   -0.635135003611    0.393554046094
               1 C     -1.438998426590    0.577086158964   -0.509215322520
               2 C     -0.178070962079   -0.034757545297    0.015929031878
               3 C      0.864012089527    0.602503462686    0.934614729788
               4 N      1.932230785272   -0.143789389615    0.211959650272
               5 C      0.957322671541   -0.677114537545   -0.780512399706
               6 H     -1.761953039090   -1.591374401708   -0.051087368835
               7 H     -1.840827539994   -0.494841588498    1.415432207081
               8 H     -1.753386979188    1.532626141196   -0.094895397526
               9 H     -1.674501003123    0.436797553331   -1.562035915209
              10 H      0.927877865394    1.695753601486    0.848795764956
              11 H      0.797607299373    0.328746918393    1.994851106691
              12 H      2.640894177657    0.454686170443   -0.196476724620
              13 H      0.950906967377   -1.773286924190   -0.823306674642
              14 H      1.071846006996   -0.277800616036   -1.797406733702
------------------------ !GEOMETRY! -------------------------
    Number of atoms:    15 
    Geometry Index:     13 
    Coordinates:
               0 C     -1.486570702766   -0.642918002902    0.400035343992
               1 C     -1.453909450372    0.569785475648   -0.504823807566
               2 C     -0.181829524994   -0.025823435821    0.009191355005
               3 C      0.862735383643    0.614937557649    0.923910736071
               4 N      1.918666582080   -0.176092315838    0.235207941777
               5 C      0.955688280464   -0.663070364893   -0.789569267192
               6 H     -1.746003837115   -1.602826250010   -0.041094086736
               7 H     -1.824967153041   -0.506099191290    1.424832578447
               8 H     -1.775390851104    1.522668907292   -0.089784871964
               9 H     -1.695989671214    0.426689697705   -1.555802066477
              10 H      0.949392676536    1.703508390272    0.799623516393
              11 H      0.777859789388    0.380697981822    1.992131680522
              12 H      2.677082284798    0.381755733096   -0.139937718096
              13 H      0.933494918136   -1.756472224746   -0.874375667327
              14 H      1.089641275561   -0.226641957984   -1.789345666850
------------------------ !GEOMETRY! -------------------------
    Number of atoms:    15 
    Geometry Index:     14 
    Coordinates:
               0 C     -1.476569374180   -0.650079974621    0.405761287055
               1 C     -1.469425437142    0.562728547719   -0.500297527349
               2 C     -0.184893308073   -0.014968641943    0.000952018439
               3 C      0.861737944714    0.627085338755    0.912987429913
               4 N      1.903483659154   -0.209359984700    0.259407018865
               5 C      0.954494569412   -0.649373999581   -0.797924231965
               6 H     -1.727829886309   -1.613522830611   -0.032385825743
               7 H     -1.806908542534   -0.517086040499    1.433647615836
               8 H     -1.798782502509    1.512109584191   -0.083377573094
               9 H     -1.719335187583    0.416614414584   -1.549018502557
              10 H      0.975328068519    1.708583472035    0.750537264813
              11 H      0.757751308921    0.433218554769    1.987473938794
              12 H      2.703220756992    0.309625589898   -0.084576260914
              13 H      0.915614383454   -1.738159832644   -0.924543484786
              14 H      1.112013547163   -0.177314197352   -1.778443167306
------------------------ !GEOMETRY! -------------------------
    Number of atoms:    15 
    Geometry Index:     15 
    Coordinates:
               0 C     -1.466427659291   -0.657903791528    0.411817849377
               1 C     -1.483801212634    0.556138166071   -0.495831513106
               2 C     -0.189061058273   -0.005062882026   -0.006457207968
               3 C      0.860861037418    0.638480452209    0.900598493417
               4 N      1.885746414721   -0.241569021138    0.282476665225
               5 C      0.953074829638   -0.634541497573   -0.804910913217
               6 H     -1.710005756267   -1.624352379536   -0.023991953484
               7 H     -1.789742698944   -0.529076898165    1.442402192204
               8 H     -1.820857524727    1.501917351756   -0.076903544474
               9 H     -1.741357838823    0.407321067551   -1.542340307745
              10 H      1.000818509802    1.710678672153    0.697878864212
              11 H      0.741270309434    0.485845053295    1.980023897731
              12 H      2.724942386286    0.235360638045   -0.028123242057
              13 H      0.900861005609   -1.717086320330   -0.972724642815
              14 H      1.133579256053   -0.126048610784   -1.763714637299
------------------------ !GEOMETRY! -------------------------
    Number of atoms:    15 
    Geometry Index:     16 
    Coordinates:
               0 C     -1.457613398210   -0.659602613998    0.413211898933
               1 C     -1.495360466517    0.551586946627   -0.492775831054
               2 C     -0.188137778101    0.006714783601   -0.015354667155
               3 C      0.860072158076    0.646411570715    0.894921490921
               4 N      1.874106676760   -0.264646276691    0.299425160388
               5 C      0.952776834105   -0.627302150528   -0.810762822436
               6 H     -1.692857902400   -1.628915946341   -0.020753601157
               7 H     -1.772777722514   -0.533611536968    1.446677800540
               8 H     -1.840014557790    1.492835050701   -0.070011063948
               9 H     -1.761244413435    0.399122631482   -1.536562834879
              10 H      1.023931664930    1.711073638552    0.671888864004
              11 H      0.725111507492    0.520185071027    1.975814691762
              12 H      2.729590374865    0.191872004484    0.004179485409
              13 H      0.886667377697   -1.704647379864   -1.004356877256
              14 H      1.155649645041   -0.100975792799   -1.755341694072
------------------------ !GEOMETRY! -------------------------
    Number of atoms:    15 
    Geometry Index:     17 
    Coordinates:
               0 C     -1.461440555013   -0.659516553483    0.413130692868
               1 C     -1.490181436614    0.553784083300   -0.494260857712
               2 C     -0.189403738267    0.001161155194   -0.011063313138
               3 C      0.860411614357    0.642607121269    0.896737697007
               4 N      1.879139472593   -0.254623112876    0.291902187354
               5 C      0.952687827388   -0.629807061675   -0.807714394737
               6 H     -1.700772274163   -1.627472678838   -0.021611838837
               7 H     -1.780860336451   -0.532454253267    1.445144500331
               8 H     -1.831413322404    1.497264432251   -0.073626890873
               9 H     -1.752125187015    0.403234757913   -1.539390472960
              10 H      1.013326575593    1.710569226526    0.680941411499
              11 H      0.732946240596    0.505052307510    1.977202220581
              12 H      2.728925344188    0.209620590441   -0.008994438003
              13 H      0.893438870254   -1.709525537209   -0.990119671228
              14 H      1.145220904959   -0.109794477056   -1.758076832153
------------------------ !GEOMETRY! -------------------------
    Number of atoms:    15 
    Geometry Index:     18 
    Coordinates:
               0 C     -1.462110385018   -0.659361064778    0.412971282565
               1 C     -1.489458889123    0.553818651852   -0.494240418728
               2 C     -0.189133393059    0.000282389834   -0.010366268077
               3 C      0.860476625618    0.642252223391    0.897228156691
               4 N      1.879902561806   -0.253437358564    0.291038855709
               5 C      0.952739100721   -0.630374135907   -0.807505441398
               6 H     -1.702029579984   -1.627126721075   -0.021882229632
               7 H     -1.782162524678   -0.532181988300    1.444776327309
               8 H     -1.830077693079    1.497660795127   -0.073928666324
               9 H     -1.750738156833    0.403714315201   -1.539596846402
              10 H      1.011952139730    1.710639183695    0.682588909254
              11 H      0.733928860248    0.503581097711    1.977653151930
              12 H      2.728332256468    0.212388260129   -0.011096086920
              13 H      0.894332550876   -1.710328748115   -0.988742161621
              14 H      1.143946526306   -0.111426900201   -1.758698564358
