    31
     1    0.392384   -4.157043    0.925164      1
     2    0.436341   -2.312365    0.079378      1
     3   -3.435091   -2.198923   -1.204476      1
     4   -2.988451   -1.166814    1.898707      1
     5    1.122193   -2.518495   -1.847599      1
     6   -2.207503   -1.139920    0.024319      1
     7    3.783872   -1.353998    1.748152      1
     8    2.061131   -0.661827    1.588985      1
     9   -2.022836    1.593957   -0.892598      1
    10    2.145722    1.868813    0.522688      1
    11   -1.433831    1.636454   -2.854348      1
    12   -3.795769    2.562296   -0.736671      1
    13    2.801513    1.859215   -1.433358      1
    14   -0.267557    2.994862    0.588795      1
    15    3.373689    3.030522    1.637762      1
    16    0.409373   -3.482234    0.618238      2
    17    0.870875   -2.435500   -1.134967      2
    18   -2.976224   -1.804337   -0.753513      2
    19   -0.899003   -1.718174    0.048201      2
    20   -2.702108   -1.155807    1.214505      2
    21    1.100404   -1.651144    0.656981      2
    22    3.372613   -1.186991    1.700097      2
    23   -2.111205    0.208082   -0.427792      2
    24    0.042147    0.358083    0.282171      3
    25    2.113628    0.834458    0.930497      2
    26   -1.401379    2.045234   -0.399778      2
    27   -1.641550    1.617715   -2.136988      2
    28   -3.158073    2.212134   -0.789728      2
    29    1.313579    2.220883    0.522576      2
    30    2.557807    1.855863   -0.724422      2
    31    2.937499    2.614371    1.242197      2
