-------------------------------------------------------------
----------------------- !PROPERTIES! ------------------------
-------------------------------------------------------------
# -----------------------------------------------------------
$ PAL_Flags
   description: The PAL Flags
   geom. index: 1
   prop. index: 1
        Diskflag:     2
# -----------------------------------------------------------
$ SCF_Energy
   description: The SCF energy
   geom. index: 1
   prop. index: 1
        SCF Energy:     -287.9157437288
# -----------------------------------------------------------
$ DFT_Energy
   description: The DFT energy
   geom. index: 1
   prop. index: 1
   Number of Alpha Electrons                 23.9999724948 
   Number of Beta  Electrons                 23.9999724948 
   Total number of  Electrons                47.9999449896 
   Exchange energy                          -25.9531265134 
   Correlation energy                        -1.9762133602 
   Correlation energy NL                      0.0000000000 
   Exchange-Correlation energy              -27.9293398736 
   Embedding correction                       0.0000000000 
   Total DFT Energy (No VdW correction)    -287.9157437288 
# -----------------------------------------------------------
$ Mayer_Pop
   description: The Mayer population analysis
   geom. index: 1
   prop. index: 1
     Number of atoms                     : 15
     Threshold for printing              : 0.1000000
     Number of bond orders printed       : 15
  NA   - Mulliken gross atomic population
  ZA   - Total nuclear charge
  QA   - Mulliken gross atomic charge
  VA   - Mayer's total valence
  BVA  - Mayer's bonded valence
  FA   - Mayer's free valence
  ATOM       NA         ZA         QA         VA         BVA        FA
  0   0     6.2981     6.0000    -0.2981     3.6548     3.6548    -0.0000
  1   0     6.2812     6.0000    -0.2812     3.8396     3.8396    -0.0000
  2   0     7.3512     7.0000    -0.3512     2.6827     2.6827    -0.0000
  3   0     6.0391     6.0000    -0.0391     3.7542     3.7542     0.0000
  4   0     8.3307     8.0000    -0.3307     1.6352     1.6352     0.0000
  5   0     6.1774     6.0000    -0.1774     3.7822     3.7822    -0.0000
  6   0     0.8210     1.0000     0.1790     0.9174     0.9174     0.0000
  7   0     0.8598     1.0000     0.1402     0.9646     0.9646    -0.0000
  8   0     0.8525     1.0000     0.1475     0.9492     0.9492    -0.0000
  9   0     0.8567     1.0000     0.1433     0.9172     0.9172    -0.0000
 10   0     0.7070     1.0000     0.2930     0.8591     0.8591    -0.0000
 11   0     0.8269     1.0000     0.1731     0.8971     0.8971     0.0000
 12   0     0.8905     1.0000     0.1095     0.9337     0.9337    -0.0000
 13   0     0.8457     1.0000     0.1543     0.9438     0.9438    -0.0000
 14   0     0.8623     1.0000     0.1377     0.9332     0.9332    -0.0000
      Bond orders larger than 0.1000000
           Atom A     A.N. of A          Atom B    A.N. of B              Bond order
                0             6               1            6                0.954105
                0             6               5            6                0.938328
                0             6               6            1                0.952966
                0             6               7            1                0.948870
                1             6               2            7                0.960785
                1             6               8            1                0.975628
                1             6               9            1                0.997135
                2             7               3            6                0.966560
                2             7              10            1                0.860661
                3             6               4            8                0.866027
                3             6              11            1                1.002396
                3             6              12            1                0.946102
                4             8               5            6                0.907815
                5             6              13            1                0.990729
                5             6              14            1                0.987292
# -----------------------------------------------------------
$ VdW_Correction
   description: The Van der Waals Correction
   geom. index: 1
   prop. index: 1
        Van der Waals Correction:       -0.0210782054
# -----------------------------------------------------------
$ Hessian
   description: Details about the Hessian
   geom. index: 1
   prop. index: 1
Normal modes:
Number of Rows: 45 Number of Columns: 45
                  0          1          2          3          4          5    
      0       0.000000   0.000000   0.000000   0.000000   0.000000   0.000000
      1       0.000000   0.000000   0.000000   0.000000   0.000000   0.000000
      2       0.000000   0.000000   0.000000   0.000000   0.000000   0.000000
      3       0.000000   0.000000   0.000000   0.000000   0.000000   0.000000
      4       0.000000   0.000000   0.000000   0.000000   0.000000   0.000000
      5       0.000000   0.000000   0.000000   0.000000   0.000000   0.000000
      6       0.000000   0.000000   0.000000   0.000000   0.000000   0.000000
      7       0.000000   0.000000   0.000000   0.000000   0.000000   0.000000
      8       0.000000   0.000000   0.000000   0.000000   0.000000   0.000000
      9       0.000000   0.000000   0.000000   0.000000   0.000000   0.000000
     10       0.000000   0.000000   0.000000   0.000000   0.000000   0.000000
     11       0.000000   0.000000   0.000000   0.000000   0.000000   0.000000
     12       0.000000   0.000000   0.000000   0.000000   0.000000   0.000000
     13       0.000000   0.000000   0.000000   0.000000   0.000000   0.000000
     14       0.000000   0.000000   0.000000   0.000000   0.000000   0.000000
     15       0.000000   0.000000   0.000000   0.000000   0.000000   0.000000
     16       0.000000   0.000000   0.000000   0.000000   0.000000   0.000000
     17       0.000000   0.000000   0.000000   0.000000   0.000000   0.000000
     18       0.000000   0.000000   0.000000   0.000000   0.000000   0.000000
     19       0.000000   0.000000   0.000000   0.000000   0.000000   0.000000
     20       0.000000   0.000000   0.000000   0.000000   0.000000   0.000000
     21       0.000000   0.000000   0.000000   0.000000   0.000000   0.000000
     22       0.000000   0.000000   0.000000   0.000000   0.000000   0.000000
     23       0.000000   0.000000   0.000000   0.000000   0.000000   0.000000
     24       0.000000   0.000000   0.000000   0.000000   0.000000   0.000000
     25       0.000000   0.000000   0.000000   0.000000   0.000000   0.000000
     26       0.000000   0.000000   0.000000   0.000000   0.000000   0.000000
     27       0.000000   0.000000   0.000000   0.000000   0.000000   0.000000
     28       0.000000   0.000000   0.000000   0.000000   0.000000   0.000000
     29       0.000000   0.000000   0.000000   0.000000   0.000000   0.000000
     30       0.000000   0.000000   0.000000   0.000000   0.000000   0.000000
     31       0.000000   0.000000   0.000000   0.000000   0.000000   0.000000
     32       0.000000   0.000000   0.000000   0.000000   0.000000   0.000000
     33       0.000000   0.000000   0.000000   0.000000   0.000000   0.000000
     34       0.000000   0.000000   0.000000   0.000000   0.000000   0.000000
     35       0.000000   0.000000   0.000000   0.000000   0.000000   0.000000
     36       0.000000   0.000000   0.000000   0.000000   0.000000   0.000000
     37       0.000000   0.000000   0.000000   0.000000   0.000000   0.000000
     38       0.000000   0.000000   0.000000   0.000000   0.000000   0.000000
     39       0.000000   0.000000   0.000000   0.000000   0.000000   0.000000
     40       0.000000   0.000000   0.000000   0.000000   0.000000   0.000000
     41       0.000000   0.000000   0.000000   0.000000   0.000000   0.000000
     42       0.000000   0.000000   0.000000   0.000000   0.000000   0.000000
     43       0.000000   0.000000   0.000000   0.000000   0.000000   0.000000
     44       0.000000   0.000000   0.000000   0.000000   0.000000   0.000000
                  6          7          8          9         10         11    
      0       0.038573   0.023332  -0.033741   0.148834  -0.139406   0.057998
      1      -0.043476  -0.010331   0.090555   0.025004  -0.151478   0.029406
      2      -0.007052  -0.162757   0.035771   0.066567   0.005093  -0.019820
      3       0.076924   0.013603   0.024080   0.055179  -0.074557   0.007279
      4       0.046999  -0.037910   0.176107  -0.141296   0.052365  -0.032663
      5      -0.105702   0.119106  -0.030598  -0.065297  -0.037957  -0.039357
      6      -0.111982   0.020093   0.058557  -0.138005  -0.142240  -0.137703
      7       0.000365   0.042362   0.019361  -0.029116   0.148096   0.102739
      8       0.158182   0.030087   0.117805  -0.005832  -0.033744  -0.047748
      9       0.018887  -0.014901  -0.012649  -0.142565   0.087993   0.074390
     10      -0.078381  -0.036638  -0.087334  -0.042289   0.087737   0.045173
     11      -0.030846  -0.131104  -0.085705  -0.084148  -0.080407  -0.020651
     12       0.075190   0.004728  -0.047431  -0.056407   0.086182   0.029784
     13       0.056842  -0.018838  -0.184745   0.149088  -0.006011  -0.155767
     14      -0.119667   0.091193   0.098030   0.087703   0.079395   0.039500
     15      -0.101335  -0.030884   0.000619   0.137995   0.149477  -0.020977
     16       0.016432   0.075014   0.004088   0.022442  -0.128094   0.010795
     17       0.109014   0.051052  -0.111094  -0.010896   0.096351  -0.031522
     18       0.096550  -0.198931   0.057132   0.353032  -0.299684   0.383708
     19      -0.199223  -0.143120   0.234915   0.148220  -0.324599   0.262438
     20       0.016270  -0.268661   0.080745   0.164950  -0.076910   0.139714
     21       0.039619   0.191300  -0.050001  -0.084430  -0.015000  -0.216455
     22       0.000032   0.030227  -0.057365   0.090535  -0.003361  -0.052176
     23      -0.044044  -0.348659   0.172262   0.225705  -0.231730   0.302218
     24       0.139524  -0.108369   0.070669   0.034209   0.178252  -0.064277
     25      -0.066943   0.055957   0.051582  -0.139779   0.010561   0.090589
     26      -0.333059   0.296119  -0.285266  -0.061589  -0.095862   0.207255
     27       0.180954   0.124163   0.017870   0.096964  -0.107955   0.102340
     28       0.338679  -0.268065   0.463519  -0.119995   0.206044  -0.292879
     29      -0.109108   0.196853  -0.077355  -0.051176  -0.074403   0.038177
     30      -0.098809   0.017378   0.039806  -0.081610  -0.175804  -0.146150
     31      -0.008614   0.031436  -0.029501   0.080429   0.031149   0.023097
     32       0.334369   0.051715   0.058832   0.174803   0.169533   0.369729
     33       0.064476   0.131164   0.092275   0.087494   0.185648  -0.015206
     34      -0.037598   0.001928   0.054624  -0.115339   0.040052   0.010439
     35      -0.128389  -0.340629  -0.358749  -0.278620  -0.137152   0.128284
     36       0.029074  -0.243372  -0.257936  -0.389260  -0.005567   0.204495
     37      -0.297561  -0.164943  -0.290053  -0.166930   0.054463   0.178133
     38      -0.027407  -0.212260  -0.171736  -0.169479  -0.116798   0.023636
     39      -0.103172  -0.051369   0.036083   0.068870   0.198440  -0.019493
     40      -0.022553   0.014299   0.099296  -0.091599   0.000672  -0.015359
     41       0.378411   0.198373  -0.274989  -0.249900  -0.181344   0.230500
     42      -0.379349  -0.110749   0.191681   0.351231   0.370228  -0.202444
     43       0.082672   0.270178  -0.049316  -0.025094  -0.315590   0.212335
     44       0.026371   0.035650  -0.053339   0.051702   0.155015  -0.076151
                 12         13         14         15         16         17    
      0       0.204201   0.057543  -0.059714  -0.054021   0.046900  -0.089921
      1       0.143784   0.018616   0.122841  -0.044880   0.052099   0.050990
      2       0.060780  -0.071165   0.016853   0.049488   0.058109  -0.052758
      3      -0.028780  -0.125384   0.059430   0.060425  -0.035764   0.026214
      4       0.161614  -0.019125  -0.102391  -0.096275  -0.103492   0.000363
      5       0.061459  -0.026143  -0.093766   0.076282   0.042978  -0.000031
      6      -0.100297   0.011368   0.054420  -0.035724   0.010646   0.071196
      7       0.002628  -0.008474   0.009197   0.057274  -0.060068   0.055674
      8      -0.124097   0.121927   0.062594  -0.028268   0.018664  -0.065545
      9      -0.102056  -0.042355  -0.048156  -0.158182   0.085962  -0.014900
     10      -0.097873   0.120741   0.053339  -0.014552   0.101070  -0.088260
     11       0.007313  -0.011115  -0.029138   0.007985  -0.087226   0.088824
     12      -0.008371   0.018279  -0.014516   0.073685  -0.063717  -0.029968
     13      -0.090082  -0.031619  -0.092275  -0.092425  -0.006317   0.036808
     14      -0.059738  -0.023856  -0.067474  -0.043393   0.020748  -0.018247
     15       0.068032   0.109207   0.001280   0.091235   0.004681   0.077193
     16      -0.080046  -0.102981   0.020187   0.132838   0.000431  -0.108846
     17       0.097355   0.042322   0.121080  -0.026095  -0.040592   0.017916
     18      -0.166147   0.182897  -0.053626  -0.226214  -0.296252  -0.116152
     19      -0.133559   0.203555  -0.190862   0.078076   0.094468   0.361370
     20      -0.125803  -0.007251   0.010516  -0.025992  -0.104615  -0.056886
     21       0.564767  -0.180048  -0.157199  -0.020352   0.209247  -0.335603
     22       0.235112   0.140409   0.486899  -0.007174   0.136589   0.290549
     23      -0.334899   0.052335  -0.199464  -0.014364  -0.166846  -0.024698
     24      -0.151821  -0.206615  -0.134337   0.468887   0.088546   0.200812
     25       0.177964  -0.056713  -0.024260  -0.241213  -0.286854   0.018786
     26       0.069530  -0.114631   0.043720  -0.167473  -0.311939   0.046625
     27      -0.156103  -0.032777   0.181507  -0.062970  -0.258452  -0.052543
     28       0.103645   0.068050  -0.294258   0.300572   0.285051   0.034929
     29       0.009776   0.007386  -0.007508  -0.037627  -0.105907  -0.038091
     30      -0.106241  -0.010838   0.107110   0.035899  -0.006339   0.101396
     31       0.005998   0.018054   0.102937   0.273207  -0.172125   0.085139
     32      -0.022731  -0.638614   0.224965  -0.262345   0.446638   0.453071
     33      -0.176048  -0.034256  -0.201356  -0.228450  -0.007094   0.110844
     34      -0.167564   0.230072   0.199114  -0.038952   0.104771  -0.069612
     35       0.157226  -0.134290  -0.008050   0.114657   0.015978  -0.077393
     36       0.021631  -0.074733   0.028333  -0.017723   0.132303  -0.220550
     37       0.021625  -0.053446   0.055319   0.042436   0.222203  -0.130337
     38       0.041571  -0.020436  -0.000573   0.044398  -0.058767   0.010785
     39       0.017030   0.047973   0.085123   0.155844  -0.078584  -0.009508
     40      -0.193177  -0.275159   0.236533   0.232462  -0.178270  -0.320428
     41       0.109570   0.344641  -0.189191   0.214556   0.090948   0.290431
     42      -0.005340  -0.127915   0.180574  -0.056626  -0.132759  -0.175517
     43      -0.175758   0.139228  -0.354423   0.304188   0.132045   0.108500
     44       0.064598  -0.017145   0.147661  -0.067109  -0.075650  -0.046283
                 18         19         20         21         22         23    
      0       0.004516   0.031606   0.083692   0.057974   0.069057  -0.011292
      1      -0.067706   0.051347  -0.110398   0.014994   0.011182   0.001077
      2       0.029278   0.104504   0.047844  -0.057538  -0.104333   0.007226
      3      -0.049301  -0.001420  -0.206461  -0.109036  -0.026344  -0.017542
      4       0.047976  -0.083287  -0.060003  -0.085368  -0.041818  -0.001903
      5      -0.045410  -0.081724  -0.084649   0.005863   0.121230   0.041465
      6       0.050162  -0.037319   0.081443   0.081672  -0.033657   0.008497
      7      -0.049686   0.069129   0.197357   0.130153  -0.015996   0.008610
      8      -0.020760   0.002776   0.038704   0.004523  -0.092617  -0.011953
      9      -0.082897   0.047306   0.192466  -0.073645   0.056835   0.012620
     10       0.078520   0.028243  -0.212909  -0.061135   0.067429  -0.001481
     11       0.061516   0.130322   0.039443   0.005259   0.118598   0.009298
     12       0.030979   0.041808  -0.262935   0.111983  -0.013241  -0.035200
     13      -0.024885  -0.017613  -0.030719   0.016717  -0.047792  -0.002694
     14      -0.039117   0.032018  -0.094454   0.031115  -0.065734  -0.002969
     15       0.065581  -0.068709   0.153479  -0.099754  -0.075925   0.045620
     16       0.041284  -0.019381   0.207264  -0.041210   0.038760   0.006736
     17      -0.010338  -0.119074   0.077726   0.004003   0.091018  -0.043853
     18       0.025610  -0.263250   0.222752   0.114955   0.273456   0.179063
     19      -0.133140  -0.166767  -0.420228   0.060153   0.107355  -0.313061
     20       0.036962  -0.046598   0.107182  -0.030898  -0.003803   0.089090
     21       0.197904   0.244483   0.044369   0.095179  -0.133714  -0.072577
     22      -0.326182   0.162744   0.016616  -0.206151   0.034633   0.120267
     23       0.067679  -0.192677  -0.021287   0.089408   0.069159  -0.036125
     24      -0.271223   0.057520   0.019210  -0.432030   0.270530  -0.220430
     25       0.103475  -0.008534  -0.004296  -0.228988  -0.183755  -0.091134
     26       0.042397   0.078076   0.041755  -0.336425  -0.131471  -0.160737
     27      -0.207959  -0.121607  -0.300708  -0.193048  -0.033541   0.345421
     28      -0.158800  -0.209341  -0.027833   0.197957   0.326078   0.169885
     29      -0.075680  -0.106596  -0.103984  -0.059314   0.048879   0.162683
     30       0.048271   0.010996   0.066459   0.198009  -0.106512  -0.002581
     31      -0.109250   0.218286   0.171884   0.394129  -0.181318  -0.014387
     32       0.516905  -0.276475  -0.095185   0.245555   0.008252   0.003709
     33      -0.017369   0.371990  -0.039849  -0.067122   0.248284   0.238331
     34       0.260557   0.073054   0.072996  -0.169424   0.225543  -0.282982
     35      -0.207938  -0.269925  -0.001329   0.122707  -0.262462   0.050551
     36      -0.339900  -0.247437   0.225343   0.034535  -0.299973  -0.247346
     37      -0.064789  -0.333499  -0.245174   0.120301  -0.237074   0.321925
     38      -0.030471   0.020213   0.058090   0.031702  -0.015905  -0.082232
     39       0.153222  -0.060969   0.007879  -0.098295  -0.025638   0.157296
     40       0.185918  -0.018128  -0.050703  -0.023666   0.187255   0.200058
     41       0.182344   0.013975  -0.033586  -0.183042  -0.236721   0.181145
     42      -0.037336  -0.241387   0.136841   0.110114   0.203482  -0.286956
     43       0.135172  -0.123865   0.329574  -0.160161  -0.198148  -0.240209
     44      -0.040457  -0.172231   0.052088   0.068986   0.155325  -0.163295
                 24         25         26         27         28         29    
      0       0.041634  -0.043590  -0.004105   0.022354  -0.097141  -0.007205
      1      -0.057498   0.012944  -0.023894  -0.059685   0.136289  -0.061451
      2       0.015207   0.040825   0.048496   0.001257  -0.049699  -0.018300
      3      -0.058194   0.021850   0.002876   0.077921   0.025561   0.074388
      4       0.035759  -0.009068   0.011227   0.032948  -0.016132   0.031304
      5       0.028616   0.030875  -0.020933   0.043211   0.034108   0.023923
      6       0.032874  -0.013061  -0.000929  -0.010995  -0.013886  -0.028772
      7      -0.002754   0.004146  -0.002091  -0.017594  -0.034871  -0.025645
      8      -0.007504  -0.078442   0.017316  -0.001266   0.007941  -0.003032
      9      -0.056833   0.011662   0.004430  -0.006244  -0.005039   0.019379
     10      -0.003880   0.008984   0.017745   0.057217   0.042588   0.015232
     11      -0.007459   0.016652   0.026514  -0.015710  -0.010242   0.002954
     12       0.070153  -0.003599   0.026358  -0.034889  -0.001744   0.004723
     13       0.003614   0.004064  -0.037582  -0.008281  -0.013110  -0.025957
     14       0.036035   0.011659  -0.059936  -0.008653  -0.008642   0.002663
     15      -0.030359   0.017941  -0.028047  -0.018220   0.038346   0.051244
     16       0.027937  -0.008152   0.021100  -0.035359  -0.008362   0.145557
     17      -0.080097  -0.015319   0.017162  -0.007185   0.003817   0.018553
     18       0.264526  -0.056596  -0.138972   0.048316   0.365958  -0.137195
     19      -0.426842  -0.136734  -0.000472  -0.022879  -0.559858   0.126501
     20       0.109841   0.036168  -0.009505   0.015588   0.151924  -0.064933
     21      -0.320784   0.013007  -0.041492  -0.229150   0.148759  -0.177861
     22       0.529228  -0.023782   0.084393   0.308263  -0.308110  -0.013569
     23      -0.144253   0.017947  -0.009140  -0.074217   0.094384   0.085808
     24       0.205105  -0.417187  -0.118140  -0.352216   0.195196  -0.319342
     25       0.056802  -0.118469   0.024799   0.004967  -0.022836  -0.000617
     26       0.100088  -0.237018  -0.004017  -0.071876   0.045861  -0.088911
     27      -0.091501   0.480185   0.170632  -0.409720  -0.255523  -0.210963
     28       0.062878   0.118532  -0.011378  -0.010117  -0.002619  -0.044035
     29       0.013970   0.186455   0.057977  -0.142766  -0.086283  -0.080955
     30      -0.040954   0.003290  -0.009134   0.080000   0.096186   0.055068
     31      -0.189189   0.053229  -0.020539   0.202935   0.224230   0.183776
     32       0.134940   0.015024  -0.025708   0.007052   0.018243  -0.034538
     33      -0.211411  -0.135313   0.260332   0.258846   0.149160  -0.001886
     34       0.160128   0.277756  -0.239218  -0.311294  -0.165814   0.029676
     35      -0.005990  -0.100574   0.011440   0.072069   0.035393   0.009399
     36       0.055842   0.244188  -0.310763   0.186852   0.057222  -0.066422
     37      -0.037401  -0.408177   0.354857  -0.278645  -0.096034  -0.014313
     38       0.030278   0.088957  -0.092224   0.056586   0.014453  -0.017919
     39      -0.163537  -0.065621  -0.231933   0.137226  -0.113432  -0.271266
     40      -0.237794  -0.174682  -0.349097   0.287570  -0.321589  -0.506126
     41      -0.106605   0.004597  -0.206534   0.002031   0.000563  -0.040993
     42      -0.031297   0.078971   0.310097   0.083069   0.033162  -0.187331
     43       0.035484   0.234112   0.470265   0.253259   0.105686  -0.549617
     44      -0.078816   0.023179   0.139532   0.033409   0.014626  -0.090353
                 30         31         32         33         34         35    
      0      -0.019750  -0.076700   0.012773  -0.008902  -0.034510  -0.008770
      1       0.030015  -0.047233  -0.019089  -0.002678   0.003395   0.006876
      2      -0.013448   0.018541   0.001250   0.001337   0.004452  -0.005424
      3       0.106169   0.005160  -0.035087   0.010963   0.051785   0.026041
      4      -0.023119   0.010706  -0.025648   0.014162  -0.081941  -0.003528
      5       0.033139   0.012360  -0.026322   0.013908  -0.030109   0.002456
      6      -0.045967  -0.009119  -0.016509  -0.012074   0.026290   0.019078
      7       0.015078  -0.009508  -0.071829  -0.007333   0.060207   0.042538
      8       0.004526  -0.000454  -0.007505   0.002789   0.002573   0.003662
      9       0.065550   0.013351  -0.007020  -0.008998  -0.025295  -0.091685
     10      -0.095108  -0.007432  -0.003272  -0.037788   0.021033  -0.019975
     11       0.024896   0.003178   0.002613   0.015696  -0.002393   0.025067
     12       0.009283   0.006169  -0.002410  -0.010732  -0.000226  -0.002497
     13       0.022882  -0.000472  -0.003283   0.004832  -0.002016  -0.005215
     14       0.002171   0.000351   0.003225  -0.005035  -0.002018  -0.000663
     15       0.001241   0.003009   0.003455  -0.039846  -0.004985   0.030957
     16      -0.054008   0.006564   0.003092   0.017810   0.021546   0.006040
     17      -0.002465   0.009673   0.010191  -0.058155  -0.015253   0.034130
     18       0.036524   0.487558  -0.009871   0.061139   0.101717  -0.009308
     19      -0.185890   0.386425   0.055481  -0.001758   0.069625   0.004970
     20       0.010637   0.283293  -0.008924   0.033331   0.069195  -0.003575
     21      -0.086227   0.392770  -0.009353   0.010335   0.130303   0.017172
     22       0.017289   0.121895   0.029417   0.048773  -0.040908  -0.055770
     23       0.053322  -0.529522  -0.017744  -0.061242  -0.115471   0.023872
     24      -0.313843  -0.018438  -0.026824   0.009457  -0.270370  -0.035656
     25       0.002341  -0.048832   0.234634  -0.043653   0.152830  -0.060934
     26       0.021780  -0.098672   0.472772  -0.099118   0.390199  -0.111227
     27      -0.335153  -0.011940   0.134498  -0.056102  -0.059129  -0.065659
     28       0.127323  -0.094264   0.487901  -0.101195   0.464901  -0.105838
     29      -0.154978   0.018916  -0.013405   0.002212  -0.145394  -0.021468
     30      -0.074361   0.037828   0.200633   0.013737  -0.197008  -0.155237
     31      -0.033568   0.108822   0.446961   0.063900  -0.486892  -0.367959
     32      -0.155412  -0.015275   0.080767  -0.017738  -0.056010  -0.031046
     33      -0.294059  -0.031250   0.142189   0.125841  -0.000823   0.349577
     34       0.454938   0.062014   0.106130   0.127761  -0.157423  -0.028974
     35      -0.143143  -0.016899  -0.262822  -0.295891   0.144495  -0.449927
     36      -0.249738  -0.041117   0.221210   0.196553  -0.025890   0.467371
     37       0.406336   0.049146   0.178751   0.264091  -0.171918   0.226103
     38      -0.089573  -0.014017   0.065515   0.069985   0.000286   0.209567
     39       0.069943  -0.035099   0.009996  -0.010746  -0.042887  -0.013379
     40       0.114444  -0.037221   0.036000  -0.040511  -0.093670  -0.032802
     41      -0.115065  -0.125292  -0.096962   0.604830   0.191971  -0.271621
     42      -0.087265  -0.094002  -0.086445   0.545349   0.157316  -0.262532
     43       0.218732   0.037210   0.010170  -0.190980  -0.112611   0.039026
     44      -0.026830  -0.023124  -0.019904   0.129064   0.032994  -0.054938
                 36         37         38         39         40         41    
      0       0.000362  -0.000947  -0.004338  -0.055895   0.014475   0.007217
      1       0.000068  -0.003954  -0.003590  -0.028793   0.010307   0.007346
      2      -0.000735  -0.005046  -0.009319   0.022227   0.004729   0.011788
      3      -0.003492  -0.029098  -0.004407   0.004642   0.011106  -0.001272
      4       0.002524   0.028694   0.005435   0.014302   0.067644  -0.000826
      5       0.006150   0.059073   0.008343  -0.013267  -0.052244   0.001268
      6      -0.001300   0.002562   0.000982   0.000180  -0.000097  -0.000925
      7       0.001609   0.000259  -0.000230   0.000119  -0.000145   0.000283
      8      -0.001997   0.002360   0.000508  -0.000082  -0.000459   0.000250
      9       0.031749  -0.001628  -0.005440   0.000340   0.002171   0.037719
     10       0.004887  -0.001391   0.000141  -0.000209   0.001263   0.038296
     11      -0.067420   0.004981   0.009216  -0.001161   0.003014   0.044747
     12       0.002294  -0.000534   0.001381   0.000007  -0.000019   0.000332
     13      -0.000746  -0.000058   0.001294  -0.000012   0.000001  -0.000375
     14      -0.000295  -0.000357   0.001717  -0.000093  -0.000032   0.000033
     15      -0.001815   0.001199  -0.002152   0.011340  -0.008031   0.044693
     16      -0.002603   0.002270  -0.015677  -0.002893   0.002433  -0.020115
     17       0.008860  -0.012563   0.069435  -0.006421   0.003683  -0.014903
     18      -0.006470  -0.013668  -0.022373   0.302208  -0.036838   0.019603
     19      -0.001302  -0.002335  -0.001129   0.009961   0.000491   0.000691
     20       0.011412   0.028148   0.042564  -0.666661   0.078095  -0.038895
     21       0.001354   0.031336   0.062979   0.350237  -0.130151  -0.099112
     22       0.001500   0.037628   0.051226   0.323780  -0.117039  -0.091729
     23       0.001797   0.038218   0.071471   0.401710  -0.143353  -0.108975
     24      -0.002424  -0.024965  -0.003237  -0.015459  -0.048944   0.001366
     25      -0.022620  -0.233652  -0.046627  -0.186162  -0.831214   0.009909
     26       0.015248   0.134455   0.024233   0.092316   0.415585  -0.004920
     27       0.040207   0.339886   0.052991  -0.029438  -0.088208   0.003766
     28      -0.004596  -0.117093  -0.019520   0.014252   0.040599  -0.002747
     29      -0.082109  -0.867087  -0.131125   0.069687   0.213494  -0.011683
     30       0.013993  -0.012643  -0.005933  -0.000818  -0.000119   0.008812
     31       0.004017   0.013773   0.001953  -0.000543   0.003250   0.001799
     32      -0.001732  -0.000145   0.000554   0.000133   0.001476  -0.000935
     33      -0.082927   0.005246   0.009204   0.000955  -0.028421  -0.482425
     34      -0.079176   0.005976   0.005904   0.001076  -0.025420  -0.450174
     35      -0.097143   0.005017   0.006706   0.001191  -0.024569  -0.433347
     36      -0.314341   0.021103   0.050751  -0.005171   0.003541   0.037661
     37       0.009519   0.008934  -0.003261  -0.000413  -0.002454   0.006536
     38       0.920794  -0.069784  -0.126618   0.013636  -0.008355  -0.093689
     39      -0.030750   0.040622  -0.264430  -0.115101   0.086089  -0.493416
     40       0.015151  -0.017196   0.120978   0.051783  -0.040601   0.244702
     41       0.007776  -0.007293   0.031991   0.008638  -0.005804   0.036013
     42       0.043618  -0.050918   0.279150  -0.018500   0.009711  -0.041495
     43       0.008895  -0.003993   0.036276  -0.005574   0.001511  -0.011296
     44      -0.110342   0.157924  -0.879635   0.065539  -0.033321   0.141261
                 42         43         44    
      0      -0.011290  -0.007752   0.000358
      1      -0.011840  -0.027277  -0.000432
      2      -0.018685  -0.084393  -0.000163
      3       0.000223   0.003945  -0.000763
      4      -0.004909   0.005947   0.001743
      5       0.001141  -0.013093   0.002802
      6      -0.000662   0.000143  -0.065595
      7       0.000287   0.000246   0.027384
      8       0.000196   0.000107   0.000052
      9       0.029853  -0.000654  -0.002484
     10       0.028674  -0.000902  -0.001743
     11       0.033487  -0.001912   0.002482
     12       0.000187   0.000116   0.000318
     13      -0.000471   0.000135   0.000062
     14       0.000216   0.000310  -0.000141
     15      -0.059682   0.022526   0.000166
     16       0.026074  -0.008457  -0.000041
     17       0.017080  -0.016000   0.000368
     18      -0.030356  -0.284732   0.000426
     19      -0.001331  -0.017764  -0.000260
     20       0.060997   0.598464   0.000612
     21       0.156819   0.380791   0.000373
     22       0.144972   0.345540   0.002107
     23       0.171590   0.414341   0.001083
     24       0.002275  -0.003791  -0.001806
     25       0.046258  -0.091379  -0.006709
     26      -0.024089   0.046137   0.000908
     27      -0.002859  -0.044725   0.007424
     28      -0.000643   0.017213  -0.001661
     29       0.006508   0.103011  -0.012538
     30       0.006568  -0.000508   0.921891
     31       0.000916  -0.000452  -0.377340
     32      -0.000276   0.001311  -0.046009
     33      -0.361667   0.010895   0.006864
     34      -0.337794   0.010607   0.008794
     35      -0.326716   0.010939   0.003651
     36       0.030079  -0.006074   0.004171
     37       0.004203  -0.000932  -0.001262
     38      -0.068475   0.011910  -0.010162
     39       0.645171  -0.220509  -0.000542
     40      -0.319571   0.110971   0.000361
     41      -0.048877   0.016689   0.000293
     42       0.047506  -0.050433   0.000081
     43       0.013682  -0.013683   0.000106
     44      -0.170313   0.165844  -0.001728
# -----------------------------------------------------------
$ THERMOCHEMISTRY_Energies
   description: The Thermochemistry energies
   geom. index: 1
   prop. index: 1
        Temperature (Kelvin)           :        298.1500000000
        Pressure (atm)                 :          1.0000000000
        Total Mass (AMU)               :         87.1220000000
        Spin Degeneracy                :          1.0000000000
        Electronic Energy (Hartree)    :       -287.9368219343
        Translational Energy (Hartree) :          0.0014162714
        Rotational Energy (Hartree)    :          0.0014162714
        Vibrational Energy (Hartree)   :          0.0021382455
        Number of frequencies          :     45      
        Scaling Factor for frequencies :          1.0000000000
        Vibrational frequencies        :     
                  0    
      0       0.000000
      1       0.000000
      2       0.000000
      3       0.000000
      4       0.000000
      5       0.000000
      6     299.336471
      7     307.313826
      8     453.645316
      9     478.013871
     10     512.170401
     11     675.025396
     12     873.498214
     13     913.856471
     14     937.235850
     15     948.594517
     16     973.785390
     17     1043.656805
     18     1102.205767
     19     1126.858607
     20     1171.255192
     21     1185.556825
     22     1208.194067
     23     1252.756953
     24     1288.892957
     25     1340.568708
     26     1346.165977
     27     1393.827345
     28     1425.321470
     29     1447.564912
     30     1479.998221
     31     1500.863139
     32     1524.295648
     33     1530.566364
     34     1538.642008
     35     1555.566027
     36     2890.887858
     37     2909.032049
     38     2929.338389
     39     2956.363925
     40     2982.576906
     41     2996.004878
     42     2998.851489
     43     3010.652898
     44     3236.578689
        Zero Point Energy (Hartree)    :          0.1361103092
        Inner Energy (Hartree)         :       -287.7957408367
        Enthalpy (Hartree)             :       -287.7947966277
        Electronic entropy             :          0.0000000000
        Rotational entropy             :          0.0123911021
        Vibrational entropy            :          0.0030648584
        Translational entropy          :          0.0123911021
        Entropy                        :          0.0341319543
        Gibbs Energy (Hartree)         :       -287.8289285820
        Is Linear                      :                 false
# -----------------------------------------------------------
$ PAL_Flags
   description: The PAL Flags
   geom. index: 2
   prop. index: 1
        Diskflag:     2
# -----------------------------------------------------------
$ SCF_Energy
   description: The SCF energy
   geom. index: 2
   prop. index: 1
        SCF Energy:     -287.9191312652
# -----------------------------------------------------------
$ DFT_Energy
   description: The DFT energy
   geom. index: 2
   prop. index: 1
   Number of Alpha Electrons                 23.9999896460 
   Number of Beta  Electrons                 23.9999896460 
   Total number of  Electrons                47.9999792921 
   Exchange energy                          -25.9946390361 
   Correlation energy                        -1.9790769595 
   Correlation energy NL                      0.0000000000 
   Exchange-Correlation energy              -27.9737159956 
   Embedding correction                       0.0000000000 
   Total DFT Energy (No VdW correction)    -287.9191312652 
# -----------------------------------------------------------
$ VdW_Correction
   description: The Van der Waals Correction
   geom. index: 2
   prop. index: 1
        Van der Waals Correction:       -0.0211620728
# -----------------------------------------------------------
$ PAL_Flags
   description: The PAL Flags
   geom. index: 3
   prop. index: 1
        Diskflag:     2
# -----------------------------------------------------------
$ SCF_Energy
   description: The SCF energy
   geom. index: 3
   prop. index: 1
        SCF Energy:     -287.9193825927
# -----------------------------------------------------------
$ DFT_Energy
   description: The DFT energy
   geom. index: 3
   prop. index: 1
   Number of Alpha Electrons                 23.9999973955 
   Number of Beta  Electrons                 23.9999973955 
   Total number of  Electrons                47.9999947911 
   Exchange energy                          -25.9934943350 
   Correlation energy                        -1.9790694689 
   Correlation energy NL                      0.0000000000 
   Exchange-Correlation energy              -27.9725638038 
   Embedding correction                       0.0000000000 
   Total DFT Energy (No VdW correction)    -287.9193825927 
# -----------------------------------------------------------
$ VdW_Correction
   description: The Van der Waals Correction
   geom. index: 3
   prop. index: 1
        Van der Waals Correction:       -0.0211794838
# -----------------------------------------------------------
$ PAL_Flags
   description: The PAL Flags
   geom. index: 4
   prop. index: 1
        Diskflag:     2
# -----------------------------------------------------------
$ SCF_Energy
   description: The SCF energy
   geom. index: 4
   prop. index: 1
        SCF Energy:     -287.9194469141
# -----------------------------------------------------------
$ DFT_Energy
   description: The DFT energy
   geom. index: 4
   prop. index: 1
   Number of Alpha Electrons                 23.9999963530 
   Number of Beta  Electrons                 23.9999963530 
   Total number of  Electrons                47.9999927061 
   Exchange energy                          -25.9924059209 
   Correlation energy                        -1.9790174097 
   Correlation energy NL                      0.0000000000 
   Exchange-Correlation energy              -27.9714233306 
   Embedding correction                       0.0000000000 
   Total DFT Energy (No VdW correction)    -287.9194469141 
# -----------------------------------------------------------
$ VdW_Correction
   description: The Van der Waals Correction
   geom. index: 4
   prop. index: 1
        Van der Waals Correction:       -0.0211793111
# -----------------------------------------------------------
$ PAL_Flags
   description: The PAL Flags
   geom. index: 5
   prop. index: 1
        Diskflag:     2
# -----------------------------------------------------------
$ SCF_Energy
   description: The SCF energy
   geom. index: 5
   prop. index: 1
        SCF Energy:     -287.9194546793
# -----------------------------------------------------------
$ DFT_Energy
   description: The DFT energy
   geom. index: 5
   prop. index: 1
   Number of Alpha Electrons                 23.9999958971 
   Number of Beta  Electrons                 23.9999958971 
   Total number of  Electrons                47.9999917943 
   Exchange energy                          -25.9924597973 
   Correlation energy                        -1.9790164880 
   Correlation energy NL                      0.0000000000 
   Exchange-Correlation energy              -27.9714762853 
   Embedding correction                       0.0000000000 
   Total DFT Energy (No VdW correction)    -287.9194546793 
# -----------------------------------------------------------
$ VdW_Correction
   description: The Van der Waals Correction
   geom. index: 5
   prop. index: 1
        Van der Waals Correction:       -0.0211748823
# -----------------------------------------------------------
$ PAL_Flags
   description: The PAL Flags
   geom. index: 6
   prop. index: 1
        Diskflag:     2
# -----------------------------------------------------------
$ SCF_Energy
   description: The SCF energy
   geom. index: 6
   prop. index: 1
        SCF Energy:     -287.9194559114
# -----------------------------------------------------------
$ DFT_Energy
   description: The DFT energy
   geom. index: 6
   prop. index: 1
   Number of Alpha Electrons                 23.9999959540 
   Number of Beta  Electrons                 23.9999959540 
   Total number of  Electrons                47.9999919080 
   Exchange energy                          -25.9925347191 
   Correlation energy                        -1.9790217830 
   Correlation energy NL                      0.0000000000 
   Exchange-Correlation energy              -27.9715565021 
   Embedding correction                       0.0000000000 
   Total DFT Energy (No VdW correction)    -287.9194559114 
# -----------------------------------------------------------
$ Mayer_Pop
   description: The Mayer population analysis
   geom. index: 6
   prop. index: 1
     Number of atoms                     : 15
     Threshold for printing              : 0.1000000
     Number of bond orders printed       : 15
  NA   - Mulliken gross atomic population
  ZA   - Total nuclear charge
  QA   - Mulliken gross atomic charge
  VA   - Mayer's total valence
  BVA  - Mayer's bonded valence
  FA   - Mayer's free valence
  ATOM       NA         ZA         QA         VA         BVA        FA
  0   0     6.3011     6.0000    -0.3011     3.6587     3.6587     0.0000
  1   0     6.2764     6.0000    -0.2764     3.8443     3.8443     0.0000
  2   0     7.3574     7.0000    -0.3574     2.6737     2.6737    -0.0000
  3   0     6.0449     6.0000    -0.0449     3.7979     3.7979    -0.0000
  4   0     8.3447     8.0000    -0.3447     1.6125     1.6125     0.0000
  5   0     6.1586     6.0000    -0.1586     3.7644     3.7644     0.0000
  6   0     0.8207     1.0000     0.1793     0.9218     0.9218     0.0000
  7   0     0.8592     1.0000     0.1408     0.9631     0.9631     0.0000
  8   0     0.8577     1.0000     0.1423     0.9578     0.9578    -0.0000
  9   0     0.8546     1.0000     0.1454     0.9170     0.9170     0.0000
 10   0     0.6941     1.0000     0.3059     0.8500     0.8500     0.0000
 11   0     0.8332     1.0000     0.1668     0.9050     0.9050     0.0000
 12   0     0.8897     1.0000     0.1103     0.9354     0.9354    -0.0000
 13   0     0.8414     1.0000     0.1586     0.9392     0.9392    -0.0000
 14   0     0.8663     1.0000     0.1337     0.9398     0.9398     0.0000
      Bond orders larger than 0.1000000
           Atom A     A.N. of A          Atom B    A.N. of B              Bond order
                0             6               1            6                0.957428
                0             6               5            6                0.943765
                0             6               6            1                0.957441
                0             6               7            1                0.949550
                1             6               2            7                0.954687
                1             6               8            1                0.979467
                1             6               9            1                0.999746
                2             7               3            6                0.985904
                2             7              10            1                0.854687
                3             6               4            8                0.862570
                3             6              11            1                1.002932
                3             6              12            1                0.965265
                4             8               5            6                0.903497
                5             6              13            1                0.993380
                5             6              14            1                0.984923
# -----------------------------------------------------------
$ VdW_Correction
   description: The Van der Waals Correction
   geom. index: 6
   prop. index: 1
        Van der Waals Correction:       -0.0211739523
# -----------------------------------------------------------
$ SCF_Electric_Properties
   description: The SCF Calculated Electric Properties
   geom. index: 6
   prop. index: 1
       Filename                          : file.scfp 
       Do Dipole Moment Calculation      : true 
       Do Quadrupole Moment Calculation  : false 
       Do Polarizability Calculation     : false 
** Dipole moment part of electric properties **
        Magnitude of dipole moment (Debye) :        2.3655379048
        Electronic Contribution:
                  0    
      0       0.582989
      1       2.358491
      2       1.704267
        Nuclear Contribution:
                  0    
      0      -0.307049
      1      -3.013526
      2      -2.305021
        Total Dipole moment:
                  0    
      0       0.275940
      1      -0.655035
      2      -0.600755
# -------------------------------------------------------------
----------------------- !GEOMETRIES! ------------------------
# -------------------------------------------------------------
------------------------ !GEOMETRY! -------------------------
    Number of atoms:    15 
    Geometry Index:     1 
    Coordinates:
               0 C     -1.175000000000   -0.598100000000    0.005900000000
               1 C      0.220300000000   -1.216000000000    0.077300000000
               2 N      1.114600000000   -0.352600000000    0.855200000000
               3 C      1.125700000000    1.000900000000    0.283900000000
               4 O     -0.164000000000    1.579700000000    0.355000000000
               5 C     -1.058000000000    0.853500000000   -0.466100000000
               6 H     -1.643900000000   -0.622500000000    1.013800000000
               7 H     -1.811200000000   -1.176700000000   -0.697900000000
               8 H      0.153900000000   -2.211500000000    0.566400000000
               9 H      0.622200000000   -1.363700000000   -0.951300000000
              10 H      2.083200000000   -0.742300000000    0.778400000000
              11 H      1.818800000000    1.630900000000    0.880100000000
              12 H      1.512900000000    0.994600000000   -0.762700000000
              13 H     -2.059400000000    1.329100000000   -0.405100000000
              14 H     -0.740100000000    0.894900000000   -1.533100000000
------------------------ !GEOMETRY! -------------------------
    Number of atoms:    15 
    Geometry Index:     2 
    Coordinates:
               0 C     -1.169249982894   -0.600948277507    0.009099915042
               1 C      0.226875032086   -1.225364848920    0.060150418743
               2 N      1.106647867042   -0.353302237203    0.845660249664
               3 C      1.130343633037    0.992980213077    0.286004014661
               4 O     -0.148120301375    1.578061159163    0.331321511674
               5 C     -1.066271723089    0.845839280923   -0.470144932412
               6 H     -1.614580465349   -0.619115105947    1.009430399565
               7 H     -1.813732451661   -1.173007521229   -0.669159916940
               8 H      0.186123774697   -2.209230155259    0.538242319909
               9 H      0.600826830901   -1.366098871471   -0.972307409500
              10 H      2.048974495974   -0.724186687525    0.834558999839
              11 H      1.792527483591    1.621060247281    0.886530213883
              12 H      1.483998191806    0.996481531623   -0.767456963000
              13 H     -2.026345107322    1.361950146421   -0.398008676713
              14 H     -0.738017277445    0.875081126574   -1.524120144414
------------------------ !GEOMETRY! -------------------------
    Number of atoms:    15 
    Geometry Index:     3 
    Coordinates:
               0 C     -1.168906693151   -0.602266868411    0.013230939968
               1 C      0.229202110453   -1.223760796298    0.048523939826
               2 N      1.095416905525   -0.351995597824    0.845334248651
               3 C      1.132880134654    0.989904333146    0.282127822417
               4 O     -0.144596005545    1.581830960327    0.318611927791
               5 C     -1.069075553781    0.843130084389   -0.472552881511
               6 H     -1.598679866772   -0.616368020757    1.020372787280
               7 H     -1.824826777604   -1.174954581842   -0.653338536461
               8 H      0.200885259364   -2.215308805278    0.511243015017
               9 H      0.598723534145   -1.343224430061   -0.988434453713
              10 H      2.038090521084   -0.725800742393    0.886033286737
              11 H      1.793517892600    1.618184393168    0.884331171839
              12 H      1.485019895961    0.987707616231   -0.772108560489
              13 H     -2.025018077535    1.367377309524   -0.396445051228
              14 H     -0.742633279398    0.865745146078   -1.527129656125
------------------------ !GEOMETRY! -------------------------
    Number of atoms:    15 
    Geometry Index:     4 
    Coordinates:
               0 C     -1.168514348550   -0.603168871742    0.013992306509
               1 C      0.230639898392   -1.223266812190    0.042108534151
               2 N      1.090085947709   -0.350691799765    0.842804099105
               3 C      1.134976767856    0.988671218628    0.277906742798
               4 O     -0.142103085207    1.584456440750    0.311381732159
               5 C     -1.070369278363    0.842716722043   -0.473219424992
               6 H     -1.588629378791   -0.616002077341    1.025697656201
               7 H     -1.831390059224   -1.175277961083   -0.646854804976
               8 H      0.207856322510   -2.219254949281    0.496515125366
               9 H      0.599653531329   -1.332145831842   -0.996595258879
              10 H      2.028868855002   -0.726791006676    0.922755836894
              11 H      1.796567231429    1.616286452271    0.880617568935
              12 H      1.489252013462    0.983338829879   -0.775742364206
              13 H     -2.026367431152    1.367194908813   -0.391493187658
              14 H     -0.750526986403    0.864134737534   -1.530074561405
------------------------ !GEOMETRY! -------------------------
    Number of atoms:    15 
    Geometry Index:     5 
    Coordinates:
               0 C     -1.168319632849   -0.603235634026    0.013158660751
               1 C      0.230790966483   -1.223604539308    0.041951138267
               2 N      1.090514995710   -0.350339297684    0.841228302921
               3 C      1.135381599656    0.988891431393    0.276927501844
               4 O     -0.141696311681    1.584751250008    0.311302248111
               5 C     -1.070436280501    0.843242149081   -0.472682330404
               6 H     -1.588774970228   -0.617030864988    1.024687218684
               7 H     -1.830941994704   -1.174636646645   -0.648545503145
               8 H      0.207406244812   -2.219040843841    0.497443480103
               9 H      0.600151606896   -1.333991664359   -0.996437858744
              10 H      2.028546998526   -0.727153714810    0.927534312083
              11 H      1.797598589790    1.616160028354    0.879221527196
              12 H      1.489331613463    0.983978645506   -0.776762790958
              13 H     -2.026952714102    1.366360837194   -0.389134464460
              14 H     -0.752600711273    0.865848864125   -1.530091442250
------------------------ !GEOMETRY! -------------------------
    Number of atoms:    15 
    Geometry Index:     6 
    Coordinates:
               0 C     -1.168160580511   -0.603219540758    0.012869544199
               1 C      0.230900804714   -1.223651963239    0.042004469168
               2 N      1.090701450521   -0.350223463862    0.840859334950
               3 C      1.135469795240    0.988933565756    0.276593955565
               4 O     -0.141586071974    1.584817073649    0.311579510863
               5 C     -1.070440190003    0.843484521165   -0.472343890694
               6 H     -1.589292891038   -0.617657892672    1.024115159100
               7 H     -1.830277004476   -1.174371984738   -0.649564070529
               8 H      0.207063638236   -2.218738822647    0.498248533105
               9 H      0.600419801587   -1.334908629413   -0.996235048886
              10 H      2.028411562710   -0.727207714108    0.928580403811
              11 H      1.798103893226    1.616152404527    0.878476402234
              12 H      1.488985140258    0.984037499174   -0.777247463039
              13 H     -2.027150317854    1.366141350493   -0.388237574197
              14 H     -0.753149030636    0.866613596674   -1.529899265650
