    61
     1   -1.577484   -3.811824    2.212603      1
     2   -3.641174   -3.923790   -1.915554      1
     3   -0.427261   -3.864068   -2.508623      1
     4    4.111207   -2.445899    3.431411      1
     5    4.057741   -3.199093    0.211846      1
     6   -1.481823   -2.140186    1.059233      1
     7   -1.971108   -2.777815   -1.743010      1
     8   -5.364592   -0.904980    1.335627      1
     9    3.696571   -1.723350    1.578267      1
    10   -3.514250    0.081042    3.845307      1
    11   -3.522164   -0.194460    1.831307      1
    12    1.021486   -0.693623    1.321021      1
    13    0.805439    0.575666    2.905759      1
    14   -2.320427   -0.433677   -3.249471      1
    15   -4.135633   -0.168146   -3.582830      1
    16    1.977872   -0.299299   -2.555663      1
    17    5.202067    0.608615    1.084407      1
    18    6.760671    0.225991    0.149099      1
    19    1.329818    0.920432   -1.056054      1
    20   -2.989639    2.343480    0.439274      1
    21   -1.308009    1.791982   -1.878636      1
    22   -4.732889    3.202566   -0.162817      1
    23   -2.077195    3.682732    1.670782      1
    24    3.619597    2.492293   -0.303469      1
    25   -1.251418    3.371259   -3.155883      1
    26    3.123004    4.033771    0.934493      1
    27    4.635283    3.260472   -1.886291      1
    28   -1.543672   -3.192612    1.784303      2
    29   -3.030854   -3.495814   -1.850781      2
    30   -0.989712   -3.461580   -2.225140      2
    31   -1.719869   -2.456463   -0.332378      2
    32    3.959360   -2.180061    2.754088      2
    33    3.926621   -2.648663    0.712513      2
    34   -2.499110   -1.170612    1.448261      2
    35   -0.216865   -1.453287    1.191832      2
    36   -4.677460   -0.640497    1.513485      2
    37   -2.122101   -1.805566   -2.333791      2
    38    2.329212   -1.243152    1.452686      2
    39   -3.511684   -0.018935    3.099357      2
    40    4.312452   -0.769411    1.350020      2
    41    0.883122    0.105587    2.313604      2
    42   -0.910045   -0.508995   -0.854169      3
    43   -2.105781   -0.213739   -0.527680      3
    44   -1.457856   -0.137380   -0.377767      4
    45   -1.239345    0.240319    0.144725      3
    46    1.162893    0.113922    0.129284      2
    47   -3.698141   -0.232026   -3.491386      2
    48   -3.251435    1.073595    1.133844      2
    49    3.007323    0.309221    0.497610      3
    50    1.738448    0.147098   -1.998810      2
    51    6.382835    0.314188    0.364991      2
    52   -1.732452    0.882474   -2.414779      2
    53    0.028486    1.386766   -1.456376      2
    54   -2.144374    2.069658   -0.720293      2
    55    4.266268    1.699595    0.248499      2
    56    2.445116    1.740833   -0.696176      2
    57   -4.085308    2.877850    0.057144      2
    58   -2.411352    3.181503    1.215181      2
    59   -1.275693    2.793771   -2.687698      2
    60    3.301940    3.465298    0.482485      2
    61    4.265756    2.972198   -1.304833      2
