    29
     1   -2.188785   -3.442210   -0.613355      1
     2    1.020266   -2.648676    2.229148      1
     3    1.381784   -2.182166    0.458379      1
     4   -0.992759   -1.832890   -0.927164      1
     5   -0.556350   -1.751703   -2.911614      1
     6   -2.988060    0.494614    1.769664      1
     7    4.460395   -0.073154    1.657010      1
     8    2.871409    0.101651    0.415602      1
     9   -2.328064    0.622756   -0.160719      1
    10   -3.906871    1.006937   -1.382483      1
    11    3.479739    0.461662   -1.490935      1
    12    1.509041    2.260264    1.297665      1
    13   -0.495615    2.679973   -0.485152      1
    14   -1.223274    4.291139    0.111483      1
    15    1.102248   -2.529101    1.806241      2
    16   -1.752592   -2.851967   -0.720446      2
    17   -0.048828   -1.951021   -0.357696      2
    18   -0.712937   -1.775633   -2.192588      2
    19   -1.652559   -0.620588   -0.545717      2
    20    2.247720   -0.790674    0.445460      2
    21   -2.742565    0.542955    1.064458      2
    22    3.889890   -0.011850    1.220883      2
    23    0.278262    0.287538    0.138638      3
    24   -3.327573    0.868686   -0.938624      2
    25    2.382057    0.831623    0.690271      2
    26    3.259305    0.335537   -0.819065      2
    27   -1.609886    1.440903   -0.256475      2
    28    0.423595    2.465603    0.325159      2
    29   -1.059310    3.914551   -0.017832      2
