-------------------------------------------------------------
----------------------- !PROPERTIES! ------------------------
-------------------------------------------------------------
# -----------------------------------------------------------
$ PAL_Flags
   description: The PAL Flags
   geom. index: 1
   prop. index: 1
        Diskflag:     2
# -----------------------------------------------------------
$ SCF_Energy
   description: The SCF energy
   geom. index: 1
   prop. index: 1
        SCF Energy:     -303.8998948952
# -----------------------------------------------------------
$ DFT_Energy
   description: The DFT energy
   geom. index: 1
   prop. index: 1
   Number of Alpha Electrons                 24.0001029895 
   Number of Beta  Electrons                 24.0001029895 
   Total number of  Electrons                48.0002059790 
   Exchange energy                          -26.8314630648 
   Correlation energy                        -1.9999849948 
   Correlation energy NL                      0.0000000000 
   Exchange-Correlation energy              -28.8314480596 
   Embedding correction                       0.0000000000 
   Total DFT Energy (No VdW correction)    -303.8998948952 
# -----------------------------------------------------------
$ Mayer_Pop
   description: The Mayer population analysis
   geom. index: 1
   prop. index: 1
     Number of atoms                     : 14
     Threshold for printing              : 0.1000000
     Number of bond orders printed       : 15
  NA   - Mulliken gross atomic population
  ZA   - Total nuclear charge
  QA   - Mulliken gross atomic charge
  VA   - Mayer's total valence
  BVA  - Mayer's bonded valence
  FA   - Mayer's free valence
  ATOM       NA         ZA         QA         VA         BVA        FA
  0   0     6.2506     6.0000    -0.2506     3.6542     3.6542     0.0000
  1   0     6.3238     6.0000    -0.3238     3.9258     3.9258    -0.0000
  2   0     7.3777     7.0000    -0.3777     2.8271     2.8271    -0.0000
  3   0     8.1365     8.0000    -0.1365     1.6321     1.6321    -0.0000
  4   0     6.0564     6.0000    -0.0564     3.7316     3.7316    -0.0000
  5   0     7.4254     7.0000    -0.4254     2.6525     2.6525    -0.0000
  6   0     0.8254     1.0000     0.1746     0.9185     0.9185    -0.0000
  7   0     0.8451     1.0000     0.1549     0.9470     0.9470    -0.0000
  8   0     0.8503     1.0000     0.1497     0.9435     0.9435     0.0000
  9   0     0.8597     1.0000     0.1403     0.9410     0.9410    -0.0000
 10   0     0.6881     1.0000     0.3119     0.8498     0.8498    -0.0000
 11   0     0.8297     1.0000     0.1703     0.9256     0.9256    -0.0000
 12   0     0.8328     1.0000     0.1672     0.9275     0.9275    -0.0000
 13   0     0.6984     1.0000     0.3016     0.8623     0.8623    -0.0000
      Bond orders larger than 0.1000000
           Atom A     A.N. of A          Atom B    A.N. of B              Bond order
                0             6               1            6                0.948386
                0             6               2            7               -0.100955
                0             6               5            7                0.925878
                0             6               6            1                0.979763
                0             6               7            1                0.984369
                1             6               2            7                1.046888
                1             6               8            1                0.965497
                1             6               9            1                0.981795
                2             7               3            8                0.966925
                2             7              10            1                0.896716
                3             8               4            6                0.777773
                4             6               5            7                0.981509
                4             6              11            1                0.980716
                4             6              12            1                0.966008
                5             7              13            1                0.883128
# -----------------------------------------------------------
$ VdW_Correction
   description: The Van der Waals Correction
   geom. index: 1
   prop. index: 1
        Van der Waals Correction:       -0.0193995370
# -----------------------------------------------------------
$ Hessian
   description: Details about the Hessian
   geom. index: 1
   prop. index: 1
Normal modes:
Number of Rows: 42 Number of Columns: 42
                  0          1          2          3          4          5    
      0       0.000000   0.000000   0.000000   0.000000   0.000000   0.000000
      1       0.000000   0.000000   0.000000   0.000000   0.000000   0.000000
      2       0.000000   0.000000   0.000000   0.000000   0.000000   0.000000
      3       0.000000   0.000000   0.000000   0.000000   0.000000   0.000000
      4       0.000000   0.000000   0.000000   0.000000   0.000000   0.000000
      5       0.000000   0.000000   0.000000   0.000000   0.000000   0.000000
      6       0.000000   0.000000   0.000000   0.000000   0.000000   0.000000
      7       0.000000   0.000000   0.000000   0.000000   0.000000   0.000000
      8       0.000000   0.000000   0.000000   0.000000   0.000000   0.000000
      9       0.000000   0.000000   0.000000   0.000000   0.000000   0.000000
     10       0.000000   0.000000   0.000000   0.000000   0.000000   0.000000
     11       0.000000   0.000000   0.000000   0.000000   0.000000   0.000000
     12       0.000000   0.000000   0.000000   0.000000   0.000000   0.000000
     13       0.000000   0.000000   0.000000   0.000000   0.000000   0.000000
     14       0.000000   0.000000   0.000000   0.000000   0.000000   0.000000
     15       0.000000   0.000000   0.000000   0.000000   0.000000   0.000000
     16       0.000000   0.000000   0.000000   0.000000   0.000000   0.000000
     17       0.000000   0.000000   0.000000   0.000000   0.000000   0.000000
     18       0.000000   0.000000   0.000000   0.000000   0.000000   0.000000
     19       0.000000   0.000000   0.000000   0.000000   0.000000   0.000000
     20       0.000000   0.000000   0.000000   0.000000   0.000000   0.000000
     21       0.000000   0.000000   0.000000   0.000000   0.000000   0.000000
     22       0.000000   0.000000   0.000000   0.000000   0.000000   0.000000
     23       0.000000   0.000000   0.000000   0.000000   0.000000   0.000000
     24       0.000000   0.000000   0.000000   0.000000   0.000000   0.000000
     25       0.000000   0.000000   0.000000   0.000000   0.000000   0.000000
     26       0.000000   0.000000   0.000000   0.000000   0.000000   0.000000
     27       0.000000   0.000000   0.000000   0.000000   0.000000   0.000000
     28       0.000000   0.000000   0.000000   0.000000   0.000000   0.000000
     29       0.000000   0.000000   0.000000   0.000000   0.000000   0.000000
     30       0.000000   0.000000   0.000000   0.000000   0.000000   0.000000
     31       0.000000   0.000000   0.000000   0.000000   0.000000   0.000000
     32       0.000000   0.000000   0.000000   0.000000   0.000000   0.000000
     33       0.000000   0.000000   0.000000   0.000000   0.000000   0.000000
     34       0.000000   0.000000   0.000000   0.000000   0.000000   0.000000
     35       0.000000   0.000000   0.000000   0.000000   0.000000   0.000000
     36       0.000000   0.000000   0.000000   0.000000   0.000000   0.000000
     37       0.000000   0.000000   0.000000   0.000000   0.000000   0.000000
     38       0.000000   0.000000   0.000000   0.000000   0.000000   0.000000
     39       0.000000   0.000000   0.000000   0.000000   0.000000   0.000000
     40       0.000000   0.000000   0.000000   0.000000   0.000000   0.000000
     41       0.000000   0.000000   0.000000   0.000000   0.000000   0.000000
                  6          7          8          9         10         11    
      0       0.072209  -0.043276  -0.175098   0.000430   0.010488   0.018662
      1       0.036458   0.040477  -0.156759  -0.127698   0.077623   0.031467
      2      -0.158450  -0.043601  -0.042830  -0.074022  -0.040393   0.049038
      3       0.003395   0.002801  -0.038411   0.212678  -0.066666  -0.055829
      4      -0.092283  -0.017618  -0.108699  -0.047073  -0.025417   0.009817
      5       0.066360   0.162990  -0.090189   0.016951   0.036952   0.026339
      6      -0.091397   0.042321   0.065485   0.096173   0.098436   0.029157
      7      -0.010380  -0.087237  -0.155323   0.078392  -0.184327  -0.077835
      8       0.082281  -0.145369   0.100967  -0.042018  -0.053809  -0.005177
      9       0.135319  -0.041639   0.181080  -0.036624  -0.031862   0.047606
     10       0.111583   0.048411   0.166147   0.085679  -0.113931   0.129726
     11      -0.134337  -0.011040   0.067694   0.107772   0.104937   0.038298
     12      -0.017167   0.023209   0.049263  -0.176687   0.039304  -0.094379
     13      -0.065623   0.010735   0.091577   0.044620   0.054051   0.003879
     14       0.026707   0.143133   0.046362  -0.054020  -0.115746   0.004037
     15      -0.114647   0.002234  -0.097104  -0.070230  -0.062292   0.037741
     16       0.007933   0.002171   0.160366  -0.045479   0.162430  -0.119157
     17       0.125294  -0.111922  -0.096382   0.021679   0.098599  -0.022885
     18       0.331481  -0.121370  -0.356132   0.008606   0.177181   0.136538
     19       0.304859   0.201333  -0.421510  -0.250412   0.300747   0.351832
     20      -0.104508  -0.057797  -0.078602  -0.073236  -0.004468   0.071439
     21       0.067932   0.011496  -0.079843  -0.103340   0.107830   0.020016
     22      -0.042495  -0.016579  -0.152499  -0.027752  -0.055012  -0.044643
     23      -0.499405  -0.097946   0.295087   0.009016  -0.273165  -0.275671
     24      -0.078898  -0.188481   0.120410  -0.007476  -0.075630   0.175021
     25      -0.025717  -0.019561   0.140796  -0.009203   0.054451  -0.010164
     26       0.185724   0.392389  -0.207084   0.295934   0.071080  -0.261476
     27       0.108706   0.319394  -0.254817   0.538457  -0.009581  -0.377371
     28      -0.296571   0.022315  -0.152120  -0.114533   0.008008   0.150407
     29       0.096173   0.287218  -0.175257   0.138692   0.059099  -0.092135
     30      -0.111467   0.078804   0.000040  -0.060116   0.185811   0.066007
     31      -0.057998   0.003948  -0.147288   0.008839  -0.047642   0.032007
     32       0.176570  -0.342797  -0.044178  -0.059626  -0.319078  -0.277435
     33      -0.041329  -0.133336  -0.027830  -0.007802   0.201292   0.053928
     34      -0.045331  -0.056307  -0.130154   0.033354   0.037029   0.027011
     35       0.062722   0.351924   0.113501  -0.301354  -0.344109  -0.207807
     36       0.036449   0.281018   0.173065  -0.467915  -0.248502  -0.354334
     37      -0.257172   0.048352   0.152427   0.103763   0.124884   0.023425
     38       0.001418   0.235782   0.098627  -0.132055  -0.190193  -0.074448
     39      -0.293815  -0.000019  -0.052540  -0.113611  -0.133865   0.162444
     40       0.130523  -0.170098   0.075089  -0.010471   0.424007  -0.389669
     41       0.108158  -0.146408  -0.107664   0.018439   0.133072  -0.046654
                 12         13         14         15         16         17    
      0       0.125343  -0.040530  -0.039606  -0.095992   0.089954   0.069103
      1       0.160932   0.142220  -0.064055   0.130463  -0.008609   0.086121
      2       0.134345  -0.030688   0.074020   0.055153  -0.005809  -0.015188
      3       0.180943   0.181025   0.078868   0.002088  -0.031014  -0.100234
      4      -0.082297   0.039225  -0.054502  -0.136774   0.006040  -0.074275
      5      -0.001479   0.000655   0.060552  -0.085237   0.045034   0.021039
      6      -0.026515  -0.082218   0.041343  -0.031476  -0.044838   0.073238
      7      -0.071072  -0.169542   0.046818   0.053559   0.041476   0.026966
      8       0.007555   0.079113  -0.014241  -0.112728   0.002211  -0.048475
      9      -0.012414  -0.047424  -0.011417   0.015446  -0.026060   0.086952
     10      -0.026381   0.014414  -0.028688   0.069506   0.096248  -0.051608
     11      -0.031991  -0.041511  -0.013318   0.110592   0.094014  -0.023494
     12      -0.154456   0.040445  -0.009480   0.179467   0.031993  -0.119874
     13      -0.129964   0.091477   0.088077  -0.041626  -0.148834   0.073465
     14      -0.001878  -0.010715  -0.055026  -0.002726  -0.082509   0.094825
     15      -0.102310   0.017228  -0.054817  -0.036472   0.007421   0.030808
     16       0.215401  -0.144980  -0.034151  -0.053719  -0.028335  -0.053316
     17      -0.087408   0.014758  -0.037405   0.011159  -0.051437  -0.042904
     18      -0.020750  -0.195390   0.073957  -0.082553  -0.055944  -0.286659
     19       0.066165  -0.112399   0.370723   0.197814  -0.122475  -0.095397
     20       0.100593  -0.055757   0.095225   0.058590  -0.031937  -0.081624
     21       0.111643  -0.341356  -0.048799  -0.231689   0.158193   0.139770
     22       0.221294   0.441322  -0.158722   0.209799  -0.019584   0.108724
     23       0.301883   0.223471  -0.343454  -0.057859   0.184277   0.321482
     24       0.312910   0.288943   0.283145  -0.149755   0.005431  -0.108741
     25      -0.321838   0.129941  -0.179977  -0.449023  -0.190125  -0.327839
     26      -0.223724  -0.094959  -0.224281  -0.000933  -0.060503  -0.045261
     27      -0.012610   0.002952  -0.204386   0.172452  -0.149364  -0.126571
     28      -0.068138  -0.134259   0.225820  -0.078687   0.007481  -0.015747
     29      -0.074829  -0.065938  -0.037532  -0.024825   0.000993   0.005644
     30      -0.122321  -0.037531  -0.078323  -0.341739   0.057381   0.092557
     31      -0.137682  -0.052566  -0.078837  -0.241829   0.242973  -0.073789
     32       0.039820  -0.242369   0.187478   0.324883  -0.428829   0.292583
     33      -0.213390   0.028185  -0.211966   0.328293  -0.073916  -0.016663
     34      -0.274172   0.223377  -0.033715  -0.110110  -0.335315   0.148824
     35       0.044001   0.029506   0.205114  -0.216933   0.033384  -0.041849
     36      -0.066738   0.035296   0.315351  -0.037562   0.177538  -0.285747
     37      -0.111944   0.053542   0.142357   0.029290  -0.054426   0.037527
     38       0.027000  -0.018563   0.061646  -0.055531  -0.005358   0.032363
     39       0.189250  -0.281324  -0.115412   0.022046  -0.269283  -0.434535
     40      -0.348922   0.340757   0.354860  -0.087015   0.565285   0.386424
     41      -0.158177   0.064595   0.036998   0.019641   0.015566  -0.040282
                 18         19         20         21         22         23    
      0      -0.037295   0.042934   0.186430   0.043674  -0.004128  -0.016070
      1      -0.047592  -0.030555  -0.033101   0.043829  -0.061074   0.016425
      2      -0.082720  -0.041862   0.075150  -0.104265  -0.046112   0.042785
      3       0.064396   0.013496  -0.023226  -0.055482   0.033042  -0.011377
      4       0.033485  -0.042985   0.110041  -0.021546   0.071175  -0.040804
      5       0.099259   0.085761  -0.007723   0.117053   0.041484   0.038467
      6      -0.028210  -0.004237  -0.070577   0.051291  -0.159651   0.052918
      7      -0.000173   0.080414  -0.072958   0.003154  -0.002651   0.034769
      8      -0.053643   0.019302  -0.055490  -0.085772  -0.080463  -0.009748
      9      -0.044266  -0.020403   0.023911  -0.007299   0.125962  -0.060884
     10       0.013872  -0.042831   0.009518   0.017203  -0.074718   0.014423
     11      -0.009163  -0.025045   0.027522   0.049620   0.032195  -0.067228
     12       0.045586   0.116218   0.080247  -0.027484  -0.044054   0.032358
     13      -0.089057   0.072359   0.088524   0.017295   0.031903  -0.028417
     14       0.073466   0.025859  -0.000202  -0.116695   0.067766   0.065115
     15       0.051690  -0.126502  -0.183299  -0.000758   0.039873  -0.010777
     16       0.060042   0.002114  -0.078721  -0.018494   0.040045  -0.007557
     17       0.008877   0.008033  -0.069210   0.084715   0.009551  -0.041952
     18      -0.297191  -0.122541   0.224545   0.021453   0.201791   0.320375
     19       0.074251  -0.113241  -0.196589  -0.350389  -0.151756  -0.143279
     20      -0.135073  -0.079473   0.078373  -0.106054  -0.005410   0.116899
     21       0.158916  -0.030963   0.321661  -0.171162  -0.432317  -0.059309
     22      -0.172399   0.047889  -0.121787   0.272488   0.245971   0.031218
     23       0.033150   0.076653   0.153121   0.156474  -0.154239  -0.031784
     24       0.327440   0.149766  -0.053789   0.162248   0.019614   0.127722
     25       0.209067  -0.367524   0.377381   0.176074  -0.261549   0.350334
     26      -0.170810  -0.178356   0.112463  -0.094500  -0.050458  -0.005272
     27      -0.252674  -0.242127   0.113461  -0.339927  -0.068539  -0.174675
     28       0.313625  -0.087034   0.288016  -0.129983   0.178433  -0.524703
     29      -0.009890  -0.024298   0.067444  -0.010337   0.009749  -0.058489
     30      -0.238104   0.276604  -0.217701  -0.135090   0.020199   0.095660
     31      -0.207884   0.348379  -0.264372  -0.197746   0.097621   0.031250
     32       0.269447  -0.346008   0.297356   0.276538  -0.103837   0.083349
     33       0.264276   0.232044   0.119702  -0.236635   0.049243   0.155607
     34       0.064478   0.194208  -0.124406  -0.053118  -0.453515  -0.295555
     35      -0.199960  -0.108512  -0.099743   0.161653  -0.146647  -0.156764
     36      -0.282729  -0.068971   0.011126   0.346691  -0.104385  -0.203279
     37      -0.176963  -0.039949   0.165533   0.019066   0.402460   0.374383
     38      -0.051006  -0.062194  -0.010393   0.005739   0.122521   0.070155
     39      -0.169731  -0.110470  -0.271567   0.234256   0.159939   0.060155
     40       0.072991  -0.435628  -0.138754  -0.267876   0.108139   0.198391
     41      -0.040823  -0.091363  -0.103668   0.075732   0.050364   0.023302
                 24         25         26         27         28         29    
      0       0.027291  -0.004791   0.088852  -0.056091  -0.065653   0.020983
      1      -0.019108  -0.024789  -0.065023   0.019377   0.101799   0.012016
      2      -0.047221   0.028040   0.032078  -0.008015  -0.027746   0.021141
      3      -0.037321  -0.012566  -0.031578   0.019455   0.004923  -0.080317
      4       0.043383   0.028414  -0.051819   0.110233  -0.143626  -0.005965
      5       0.004417   0.031064  -0.022679   0.014602   0.002077   0.015914
      6       0.096300   0.010289   0.017976   0.007350  -0.008378  -0.016145
      7      -0.063023  -0.012603   0.005104  -0.032369   0.034521   0.001545
      8       0.095531  -0.014771   0.012730  -0.009252   0.032864  -0.005260
      9      -0.095718  -0.000241  -0.036277  -0.025424  -0.001566   0.007830
     10       0.066446   0.007720   0.008908   0.007643  -0.019074   0.001273
     11      -0.075855   0.027939  -0.009449   0.001710  -0.011023   0.006929
     12       0.033175   0.004419   0.008591  -0.006956  -0.006383   0.004452
     13      -0.042174  -0.014787   0.064514   0.096690   0.060119  -0.008029
     14      -0.001842   0.022892   0.011309   0.004457   0.017364   0.001221
     15      -0.006685  -0.000552   0.025741   0.025275   0.017412  -0.003502
     16       0.006174   0.031374   0.022662  -0.014704  -0.019002   0.000433
     17       0.010297  -0.082415  -0.004784   0.012776  -0.002599  -0.003307
     18       0.096239   0.481271  -0.268053   0.036502   0.324230  -0.189708
     19      -0.194005  -0.282892   0.270580  -0.100335  -0.393231  -0.172030
     20      -0.036682   0.126355  -0.038887   0.003885   0.052882  -0.026206
     21      -0.200145  -0.304657  -0.443763   0.270968   0.209018  -0.043810
     22       0.155755   0.163479   0.331414  -0.250104  -0.104419  -0.011905
     23      -0.046403  -0.151169  -0.055474  -0.037279   0.007704  -0.250110
     24      -0.135054  -0.019277  -0.039653   0.015344   0.076219   0.394105
     25      -0.535498  -0.106348   0.283393  -0.373824   0.221963   0.088951
     26      -0.050699  -0.001420   0.083865  -0.116990   0.026340  -0.507991
     27       0.110222  -0.072721  -0.000532   0.031910   0.048976   0.587257
     28       0.503323  -0.032621   0.072910  -0.380121   0.605609  -0.075194
     29       0.097239   0.007297   0.003421  -0.016859   0.061836   0.257522
     30       0.123732  -0.025011   0.085881   0.085383  -0.032015   0.067550
     31      -0.123634  -0.054908   0.031788  -0.053461   0.095153   0.039989
     32       0.280774   0.067636   0.037158   0.159141  -0.189660   0.017599
     33       0.032151   0.048320   0.007629  -0.004188   0.014191  -0.023003
     34      -0.171958   0.419339  -0.444852  -0.516336  -0.311031   0.047762
     35      -0.030222   0.042253  -0.090749  -0.119548  -0.080694   0.050516
     36      -0.079476  -0.045677  -0.007639   0.067207   0.016116  -0.053976
     37       0.316330  -0.517247  -0.416514  -0.438244  -0.239425   0.002554
     38       0.034856  -0.096187  -0.089558  -0.079917  -0.037685  -0.012071
     39       0.050511  -0.039553  -0.150382  -0.033513   0.042275   0.064272
     40      -0.001695   0.160823  -0.032435  -0.051267  -0.005476   0.055752
     41       0.016519  -0.064768  -0.056982  -0.000126   0.012636   0.023736
                 30         31         32         33         34         35    
      0      -0.030917  -0.019280  -0.037737   0.022663   0.007183   0.005913
      1      -0.042723  -0.017083  -0.000958  -0.010817   0.005641   0.014309
      2      -0.052664  -0.030382   0.031807  -0.010635  -0.004272   0.018585
      3      -0.031542  -0.006285  -0.015107  -0.039240  -0.049224  -0.002895
      4      -0.006219   0.001870   0.005886   0.038765   0.003106  -0.000028
      5       0.006027   0.005840   0.006900   0.014843   0.051338  -0.001171
      6      -0.001958  -0.006811   0.011961   0.069628  -0.000014  -0.000619
      7      -0.000680   0.005654   0.008818   0.032469  -0.002726   0.000144
      8       0.001619  -0.006017   0.006253   0.047772   0.001300   0.000271
      9      -0.003703   0.008666   0.006723   0.010046  -0.000184   0.000457
     10       0.004339  -0.006738  -0.008385  -0.034393   0.000441  -0.000748
     11       0.001627   0.004038  -0.004122  -0.030334  -0.000642  -0.000997
     12      -0.031191   0.078244  -0.000158  -0.002147  -0.002105   0.043284
     13       0.002367   0.018401  -0.015817   0.020882  -0.000971   0.011003
     14       0.010272  -0.019045  -0.045526   0.030160   0.001960  -0.051781
     15      -0.003872  -0.002326   0.080189  -0.017571   0.000054  -0.000274
     16      -0.006598  -0.004153   0.037287  -0.007518   0.000037   0.000111
     17      -0.003839  -0.001193   0.024856  -0.007388  -0.000188   0.001117
     18       0.390891   0.183978   0.200461  -0.040720  -0.006669   0.059636
     19       0.434182   0.187420  -0.063178   0.022305   0.001117   0.003723
     20       0.044038   0.012113   0.085266  -0.025598   0.037320  -0.268174
     21      -0.002012   0.016876  -0.076951  -0.043534  -0.068000  -0.133347
     22       0.103107   0.033885   0.005058   0.046083  -0.076954  -0.169135
     23       0.594730   0.275660  -0.036373   0.022647   0.020395   0.047100
     24       0.145542   0.038861   0.043333  -0.016802   0.264796   0.031334
     25      -0.000641  -0.014628  -0.003560  -0.095363  -0.065297  -0.005588
     26      -0.203123  -0.055849  -0.065081  -0.060723   0.237804   0.027449
     27       0.223547   0.044905   0.066254   0.027250   0.326679   0.003052
     28       0.014599  -0.002119  -0.058051  -0.081676   0.059215   0.001398
     29       0.101132   0.022085   0.037489   0.037538  -0.859714  -0.013018
     30       0.069668  -0.037122  -0.173052  -0.800257  -0.013122   0.000788
     31       0.023428  -0.007958  -0.047057  -0.232160   0.013011   0.000414
     32       0.038556  -0.007242  -0.099802  -0.457547   0.000365   0.002369
     33       0.152378  -0.346240  -0.070302   0.060002   0.015197  -0.254987
     34       0.041282  -0.134974  -0.050673  -0.080941  -0.001962   0.039974
     35      -0.230590   0.528606   0.038936  -0.075487   0.011246  -0.193800
     36       0.258908  -0.598281   0.038537  -0.000228   0.011946  -0.255320
     37      -0.039432  -0.024760   0.208767  -0.041695   0.007311  -0.163854
     38       0.087928  -0.236474   0.008855   0.019206  -0.035152   0.819886
     39       0.016773   0.058739  -0.783929   0.154564  -0.002446   0.002281
     40       0.010709   0.011265  -0.369152   0.080778   0.001262   0.000124
     41       0.005666   0.016562  -0.254908   0.050740  -0.001703  -0.015767
                 36         37         38         39         40         41    
      0       0.017844  -0.027945  -0.040367   0.002980   0.003161   0.000335
      1       0.039004  -0.030819  -0.038833   0.002700  -0.000243  -0.000284
      2       0.047867   0.025519   0.058919  -0.002561  -0.003407  -0.000158
      3      -0.003888  -0.045225   0.020087   0.000603   0.000142  -0.002516
      4       0.000764   0.013238  -0.008256   0.000133   0.000171  -0.000494
      5      -0.012980  -0.060051   0.044040  -0.000690  -0.000120   0.002801
      6       0.000182   0.000623   0.000087   0.000622  -0.000245  -0.030144
      7      -0.000136   0.001042  -0.000454  -0.000273   0.000579   0.063407
      8      -0.000459  -0.000951   0.000649   0.000713   0.000020   0.017589
      9       0.000001   0.000568  -0.000380   0.000142  -0.000296   0.000106
     10       0.000382  -0.000250   0.000223   0.000187  -0.000258  -0.000515
     11       0.000470   0.000671  -0.000470  -0.000635   0.000169   0.001419
     12      -0.016777  -0.000501  -0.003293  -0.056335   0.000191   0.000630
     13      -0.005084   0.000583   0.000433   0.014629  -0.001277  -0.000630
     14       0.019675  -0.002297  -0.002254  -0.071615  -0.004114   0.000034
     15       0.001073   0.000669   0.001030  -0.000336   0.013312  -0.000187
     16      -0.000071   0.000164   0.000434  -0.000610   0.017783  -0.000264
     17      -0.001230  -0.000439  -0.002433   0.001705  -0.067316   0.000490
     18       0.144628   0.045811   0.120297  -0.004531  -0.007175  -0.000007
     19       0.008880  -0.000729  -0.004476   0.000670  -0.001425  -0.000445
     20      -0.691412  -0.231174  -0.586017   0.029822   0.029641   0.000055
     21      -0.361404   0.281816   0.361964  -0.023483  -0.013217  -0.001660
     22      -0.456325   0.363587   0.466164  -0.029712  -0.011771   0.000030
     23       0.121423  -0.088032  -0.112304   0.008002   0.003129   0.000044
     24       0.080246   0.611957  -0.337671  -0.001214   0.002392   0.009295
     25      -0.014959  -0.154931   0.086553   0.000226  -0.001250   0.002293
     26       0.068613   0.510378  -0.281012  -0.000438   0.002018   0.004822
     27      -0.035534  -0.092271   0.097937  -0.003857  -0.001725   0.003349
     28      -0.004974  -0.012574   0.011646  -0.000648   0.001855  -0.002514
     29       0.085747   0.219967  -0.241729   0.009688   0.002185  -0.012998
     30       0.000618  -0.004724   0.001618   0.000790   0.003412   0.426333
     31       0.000061   0.002154  -0.000342  -0.003343  -0.006826  -0.854411
     32      -0.000343  -0.000607  -0.001299   0.001882  -0.001818  -0.287391
     33       0.094229   0.017085   0.039942   0.756597   0.013822  -0.000857
     34      -0.013086  -0.002482  -0.005018  -0.104137   0.001426   0.000706
     35       0.070434   0.011814   0.027559   0.546117   0.010802  -0.001147
     36       0.096949  -0.004192   0.002158  -0.104744  -0.007246   0.000330
     37       0.063681  -0.001832   0.002472  -0.063505  -0.005278   0.000151
     38      -0.307421   0.013592  -0.001722   0.302546   0.026703  -0.001495
     39      -0.003570  -0.004618  -0.014861   0.002801  -0.208765   0.001489
     40       0.000252  -0.003437  -0.004330   0.001689  -0.211714   0.001717
     41       0.018829   0.011579   0.028807  -0.029069   0.950834  -0.007538
# -----------------------------------------------------------
$ THERMOCHEMISTRY_Energies
   description: The Thermochemistry energies
   geom. index: 1
   prop. index: 1
        Temperature (Kelvin)           :        298.1500000000
        Pressure (atm)                 :          1.0000000000
        Total Mass (AMU)               :         88.1100000000
        Spin Degeneracy                :          1.0000000000
        Electronic Energy (Hartree)    :       -303.9192944322
        Translational Energy (Hartree) :          0.0014162714
        Rotational Energy (Hartree)    :          0.0014162714
        Vibrational Energy (Hartree)   :          0.0019625855
        Number of frequencies          :     42      
        Scaling Factor for frequencies :          1.0000000000
        Vibrational frequencies        :     
                  0    
      0       0.000000
      1       0.000000
      2       0.000000
      3       0.000000
      4       0.000000
      5       0.000000
      6     312.759660
      7     341.977673
      8     468.846701
      9     530.703615
     10     532.649219
     11     698.854136
     12     890.051782
     13     923.491399
     14     947.206215
     15     985.009248
     16     992.781464
     17     1060.140896
     18     1101.965064
     19     1119.258077
     20     1161.930098
     21     1226.842013
     22     1262.133024
     23     1291.914653
     24     1331.951201
     25     1360.063544
     26     1402.963501
     27     1440.708989
     28     1448.621645
     29     1505.419797
     30     1513.683287
     31     1529.901642
     32     1560.200962
     33     1589.835659
     34     2925.138646
     35     2948.659307
     36     2954.293368
     37     2994.231642
     38     3004.252705
     39     3011.916169
     40     3229.034373
     41     3242.350917
        Zero Point Energy (Hartree)    :          0.1249386820
        Inner Energy (Hartree)         :       -303.7895606218
        Enthalpy (Hartree)             :       -303.7886164128
        Electronic entropy             :          0.0000000000
        Rotational entropy             :          0.0123325480
        Vibrational entropy            :          0.0027755120
        Translational entropy          :          0.0123325480
        Entropy                        :          0.0338000246
        Gibbs Energy (Hartree)         :       -303.8224164374
        Is Linear                      :                 false
# -----------------------------------------------------------
$ PAL_Flags
   description: The PAL Flags
   geom. index: 2
   prop. index: 1
        Diskflag:     2
# -----------------------------------------------------------
$ SCF_Energy
   description: The SCF energy
   geom. index: 2
   prop. index: 1
        SCF Energy:     -303.9074011099
# -----------------------------------------------------------
$ DFT_Energy
   description: The DFT energy
   geom. index: 2
   prop. index: 1
   Number of Alpha Electrons                 24.0001103054 
   Number of Beta  Electrons                 24.0001103054 
   Total number of  Electrons                48.0002206108 
   Exchange energy                          -26.8584257502 
   Correlation energy                        -2.0009875836 
   Correlation energy NL                      0.0000000000 
   Exchange-Correlation energy              -28.8594133338 
   Embedding correction                       0.0000000000 
   Total DFT Energy (No VdW correction)    -303.9074011099 
# -----------------------------------------------------------
$ VdW_Correction
   description: The Van der Waals Correction
   geom. index: 2
   prop. index: 1
        Van der Waals Correction:       -0.0194333671
# -----------------------------------------------------------
$ PAL_Flags
   description: The PAL Flags
   geom. index: 3
   prop. index: 1
        Diskflag:     2
# -----------------------------------------------------------
$ SCF_Energy
   description: The SCF energy
   geom. index: 3
   prop. index: 1
        SCF Energy:     -303.9077567800
# -----------------------------------------------------------
$ DFT_Energy
   description: The DFT energy
   geom. index: 3
   prop. index: 1
   Number of Alpha Electrons                 24.0001070957 
   Number of Beta  Electrons                 24.0001070957 
   Total number of  Electrons                48.0002141915 
   Exchange energy                          -26.8518083965 
   Correlation energy                        -2.0003438494 
   Correlation energy NL                      0.0000000000 
   Exchange-Correlation energy              -28.8521522459 
   Embedding correction                       0.0000000000 
   Total DFT Energy (No VdW correction)    -303.9077567800 
# -----------------------------------------------------------
$ VdW_Correction
   description: The Van der Waals Correction
   geom. index: 3
   prop. index: 1
        Van der Waals Correction:       -0.0194133442
# -----------------------------------------------------------
$ PAL_Flags
   description: The PAL Flags
   geom. index: 4
   prop. index: 1
        Diskflag:     2
# -----------------------------------------------------------
$ SCF_Energy
   description: The SCF energy
   geom. index: 4
   prop. index: 1
        SCF Energy:     -303.9077922644
# -----------------------------------------------------------
$ DFT_Energy
   description: The DFT energy
   geom. index: 4
   prop. index: 1
   Number of Alpha Electrons                 24.0001043598 
   Number of Beta  Electrons                 24.0001043598 
   Total number of  Electrons                48.0002087196 
   Exchange energy                          -26.8502365480 
   Correlation energy                        -2.0001562679 
   Correlation energy NL                      0.0000000000 
   Exchange-Correlation energy              -28.8503928159 
   Embedding correction                       0.0000000000 
   Total DFT Energy (No VdW correction)    -303.9077922644 
# -----------------------------------------------------------
$ VdW_Correction
   description: The Van der Waals Correction
   geom. index: 4
   prop. index: 1
        Van der Waals Correction:       -0.0193998462
# -----------------------------------------------------------
$ PAL_Flags
   description: The PAL Flags
   geom. index: 5
   prop. index: 1
        Diskflag:     2
# -----------------------------------------------------------
$ SCF_Energy
   description: The SCF energy
   geom. index: 5
   prop. index: 1
        SCF Energy:     -303.9077945544
# -----------------------------------------------------------
$ DFT_Energy
   description: The DFT energy
   geom. index: 5
   prop. index: 1
   Number of Alpha Electrons                 24.0001033587 
   Number of Beta  Electrons                 24.0001033587 
   Total number of  Electrons                48.0002067173 
   Exchange energy                          -26.8502321940 
   Correlation energy                        -2.0001527968 
   Correlation energy NL                      0.0000000000 
   Exchange-Correlation energy              -28.8503849908 
   Embedding correction                       0.0000000000 
   Total DFT Energy (No VdW correction)    -303.9077945544 
# -----------------------------------------------------------
$ Mayer_Pop
   description: The Mayer population analysis
   geom. index: 5
   prop. index: 1
     Number of atoms                     : 14
     Threshold for printing              : 0.1000000
     Number of bond orders printed       : 14
  NA   - Mulliken gross atomic population
  ZA   - Total nuclear charge
  QA   - Mulliken gross atomic charge
  VA   - Mayer's total valence
  BVA  - Mayer's bonded valence
  FA   - Mayer's free valence
  ATOM       NA         ZA         QA         VA         BVA        FA
  0   0     6.2488     6.0000    -0.2488     3.6492     3.6492     0.0000
  1   0     6.3107     6.0000    -0.3107     3.9139     3.9139    -0.0000
  2   0     7.3695     7.0000    -0.3695     2.8052     2.8052    -0.0000
  3   0     8.1747     8.0000    -0.1747     1.6179     1.6179    -0.0000
  4   0     6.0674     6.0000    -0.0674     3.7601     3.7601     0.0000
  5   0     7.4197     7.0000    -0.4197     2.6595     2.6595     0.0000
  6   0     0.8200     1.0000     0.1800     0.9172     0.9172     0.0000
  7   0     0.8461     1.0000     0.1539     0.9504     0.9504     0.0000
  8   0     0.8457     1.0000     0.1543     0.9383     0.9383    -0.0000
  9   0     0.8590     1.0000     0.1410     0.9464     0.9464     0.0000
 10   0     0.6795     1.0000     0.3205     0.8420     0.8420    -0.0000
 11   0     0.8336     1.0000     0.1664     0.9272     0.9272     0.0000
 12   0     0.8309     1.0000     0.1691     0.9251     0.9251     0.0000
 13   0     0.6942     1.0000     0.3058     0.8588     0.8588    -0.0000
      Bond orders larger than 0.1000000
           Atom A     A.N. of A          Atom B    A.N. of B              Bond order
                0             6               1            6                0.954457
                0             6               5            7                0.922991
                0             6               6            1                0.975334
                0             6               7            1                0.987001
                1             6               2            7                1.033184
                1             6               8            1                0.961733
                1             6               9            1                0.983519
                2             7               3            8                0.959692
                2             7              10            1                0.888404
                3             8               4            6                0.775835
                4             6               5            7                0.993310
                4             6              11            1                0.987146
                4             6              12            1                0.978141
                5             7              13            1                0.883300
# -----------------------------------------------------------
$ VdW_Correction
   description: The Van der Waals Correction
   geom. index: 5
   prop. index: 1
        Van der Waals Correction:       -0.0193978178
# -----------------------------------------------------------
$ SCF_Electric_Properties
   description: The SCF Calculated Electric Properties
   geom. index: 5
   prop. index: 1
       Filename                          : file.scfp 
       Do Dipole Moment Calculation      : true 
       Do Quadrupole Moment Calculation  : false 
       Do Polarizability Calculation     : false 
** Dipole moment part of electric properties **
        Magnitude of dipole moment (Debye) :        1.9165150116
        Electronic Contribution:
                  0    
      0       1.558170
      1       1.961325
      2       1.031261
        Nuclear Contribution:
                  0    
      0      -2.272230
      1      -2.073355
      2      -0.816592
        Total Dipole moment:
                  0    
      0      -0.714060
      1      -0.112029
      2       0.214669
# -------------------------------------------------------------
----------------------- !GEOMETRIES! ------------------------
# -------------------------------------------------------------
------------------------ !GEOMETRY! -------------------------
    Number of atoms:    14 
    Geometry Index:     1 
    Coordinates:
               0 C     -0.524600000000   -0.980800000000   -0.494100000000
               1 C     -1.209500000000    0.331600000000   -0.103600000000
               2 N     -0.224000000000    1.411300000000   -0.188200000000
               3 O      0.771300000000    1.160900000000    0.711700000000
               4 C      1.525200000000    0.079300000000    0.203500000000
               5 N      0.731500000000   -1.156900000000    0.247300000000
               6 H     -0.308300000000   -0.976400000000   -1.585000000000
               7 H     -1.205900000000   -1.834300000000   -0.286900000000
               8 H     -2.049900000000    0.535200000000   -0.801500000000
               9 H     -1.612600000000    0.257500000000    0.931600000000
              10 H     -0.693100000000    2.294000000000    0.118800000000
              11 H      2.430600000000   -0.049700000000    0.833500000000
              12 H      1.874300000000    0.282300000000   -0.835600000000
              13 H      0.495000000000   -1.353900000000    1.248600000000
------------------------ !GEOMETRY! -------------------------
    Number of atoms:    14 
    Geometry Index:     2 
    Coordinates:
               0 C     -0.521526087174   -0.973704284510   -0.490707192048
               1 C     -1.225606885078    0.329720648906   -0.091828350790
               2 N     -0.250283142509    1.416507499454   -0.226732291709
               3 O      0.795862442378    1.185053444737    0.705786276732
               4 C      1.518008412711    0.057107301629    0.216309336188
               5 N      0.736294377087   -1.156262029080    0.244564123380
               6 H     -0.296666761712   -0.949621822469   -1.563908289033
               7 H     -1.171933163131   -1.833854248117   -0.302030744393
               8 H     -2.059651412247    0.546105195005   -0.769739691708
               9 H     -1.611388956799    0.250471203134    0.938161423779
              10 H     -0.659889879982    2.289423075406    0.084626041094
              11 H      2.394696223080   -0.043585301187    0.859790821645
              12 H      1.829823774095    0.259556297083   -0.815620163683
              13 H      0.522261059281   -1.376816979991    1.211428700546
------------------------ !GEOMETRY! -------------------------
    Number of atoms:    14 
    Geometry Index:     3 
    Coordinates:
               0 C     -0.524059492595   -0.971019544436   -0.490803407226
               1 C     -1.230260133471    0.328636133106   -0.085408785471
               2 N     -0.258648198212    1.416237432410   -0.249566115355
               3 O      0.798544409278    1.193798628953    0.691952789644
               4 C      1.518745310961    0.053745219327    0.219028323683
               5 N      0.732334949940   -1.156223277532    0.243940853054
               6 H     -0.289145119040   -0.930174698012   -1.561325830477
               7 H     -1.169909526597   -1.838019069597   -0.319322046587
               8 H     -2.076229768660    0.540524169263   -0.750088274311
               9 H     -1.594101702471    0.256200768331    0.952240837521
              10 H     -0.657215617551    2.294902224873    0.070612238989
              11 H      2.382274456125   -0.040286029617    0.881061207317
              12 H      1.838163913650    0.250980654559   -0.812046426950
              13 H      0.529506518642   -1.399202611627    1.209824636169
------------------------ !GEOMETRY! -------------------------
    Number of atoms:    14 
    Geometry Index:     4 
    Coordinates:
               0 C     -0.525105764376   -0.970058678015   -0.490503010767
               1 C     -1.231932285891    0.329420466540   -0.085083907600
               2 N     -0.262099748708    1.418200463516   -0.255985502907
               3 O      0.798492362607    1.195517894356    0.687353856446
               4 C      1.519381811598    0.053450965076    0.219651549773
               5 N      0.731256917038   -1.155218207855    0.243157879122
               6 H     -0.288806546201   -0.926056928230   -1.560877214696
               7 H     -1.170267658215   -1.838502163021   -0.322204262597
               8 H     -2.083138700666    0.536979257317   -0.744717865794
               9 H     -1.588454472561    0.260012476975    0.955426900410
              10 H     -0.657647114213    2.296301004540    0.067917711906
              11 H      2.378265375289   -0.040287670745    0.888540261764
              12 H      1.845975925919    0.248092371227   -0.809820514667
              13 H      0.534079898380   -1.407751251681    1.207244119607
------------------------ !GEOMETRY! -------------------------
    Number of atoms:    14 
    Geometry Index:     5 
    Coordinates:
               0 C     -0.525346479704   -0.969923784658   -0.490635125489
               1 C     -1.231958969882    0.329547142079   -0.085048827696
               2 N     -0.262267372304    1.418181177035   -0.256737701463
               3 O      0.798551645704    1.196082729602    0.686699035793
               4 C      1.519486458435    0.053790521752    0.219926208584
               5 N      0.731210949256   -1.154755963984    0.242561969837
               6 H     -0.289896698521   -0.926261703615   -1.561205993749
               7 H     -1.170490434882   -1.838224868634   -0.321693319603
               8 H     -2.083696236185    0.536634893283   -0.744079134541
               9 H     -1.587749481383    0.260512483797    0.955722432278
              10 H     -0.658170232808    2.296290267426    0.067406821604
              11 H      2.377499125963   -0.040514504347    0.889786033267
              12 H      1.847904606418    0.248234521905   -0.808941022422
              13 H      0.534923119891   -1.409492911642    1.206338623600
