    33
     1   -2.093128   -3.311437    1.923282      1
     2   -1.858422   -3.986851   -1.278197      1
     3    4.623887   -3.267496    0.424662      1
     4   -1.654468   -2.514142    0.103388      1
     5    3.543114   -1.583071    0.320389      1
     6    0.898351   -1.242215    0.106781      1
     7   -3.447731   -0.412643   -0.476507      1
     8   -3.873960   -0.498816   -2.286108      1
     9    4.731783    0.640798    0.361821      1
    10    0.563679    1.325091    0.044096      1
    11   -2.185926    2.049765    0.005316      1
    12   -2.771775    2.808330    1.801536      1
    13    2.875596    2.399739    0.217556      1
    14   -2.685556    3.395557   -1.430226      1
    15    3.344571    4.182384    0.197072      1
    16   -1.931650   -3.019275    1.265921      2
    17   -1.786299   -3.446057   -0.779630      2
    18    4.236074   -2.665343    0.387359      2
    19   -0.374212   -1.923610    0.101250      2
    20   -2.371267   -1.633252   -0.146352      2
    21    2.207195   -1.463560    0.218051      2
    22    3.912515   -0.822325    0.331374      2
    23   -3.761771   -0.476528   -1.857054      2
    24   -1.183620   -0.158604   -0.110210      3
    25    0.733843   -0.015578    0.080170      2
    26    2.511038    0.315577    0.217182      3
    27   -2.690051    1.009286   -0.207424      2
    28   -0.840834    1.755309    0.019300      2
    29    3.838445    1.464045    0.292696      2
    30    1.319222    1.715298    0.099196      2
    31   -2.555039    2.532732    1.154372      2
    32   -2.503129    2.902267   -0.912254      2
    33    3.241911    3.799619    0.201277      2
