-------------------------------------------------------------
----------------------- !PROPERTIES! ------------------------
-------------------------------------------------------------
# -----------------------------------------------------------
$ PAL_Flags
   description: The PAL Flags
   geom. index: 1
   prop. index: 1
        Diskflag:     2
# -----------------------------------------------------------
$ SCF_Energy
   description: The SCF energy
   geom. index: 1
   prop. index: 1
        SCF Energy:     -359.0580389460
# -----------------------------------------------------------
$ DFT_Energy
   description: The DFT energy
   geom. index: 1
   prop. index: 1
   Number of Alpha Electrons                 29.0000050948 
   Number of Beta  Electrons                 29.0000050948 
   Total number of  Electrons                58.0000101896 
   Exchange energy                          -32.6052110383 
   Correlation energy                        -2.4332353571 
   Correlation energy NL                      0.0000000000 
   Exchange-Correlation energy              -35.0384463954 
   Embedding correction                       0.0000000000 
   Total DFT Energy (No VdW correction)    -359.0580389460 
# -----------------------------------------------------------
$ Mayer_Pop
   description: The Mayer population analysis
   geom. index: 1
   prop. index: 1
     Number of atoms                     : 15
     Threshold for printing              : 0.1000000
     Number of bond orders printed       : 23
  NA   - Mulliken gross atomic population
  ZA   - Total nuclear charge
  QA   - Mulliken gross atomic charge
  VA   - Mayer's total valence
  BVA  - Mayer's bonded valence
  FA   - Mayer's free valence
  ATOM       NA         ZA         QA         VA         BVA        FA
  0   0     6.1501     6.0000    -0.1501     3.9079     3.9079     0.0000
  1   0     7.2960     7.0000    -0.2960     3.0432     3.0432    -0.0000
  2   0     7.0784     7.0000    -0.0784     3.3576     3.3576     0.0000
  3   0     6.1059     6.0000    -0.1059     4.0161     4.0161    -0.0000
  4   0     5.6653     6.0000     0.3347     3.2989     3.2989    -0.0000
  5   0     6.4729     6.0000    -0.4729     3.8657     3.8657    -0.0000
  6   0     7.3387     7.0000    -0.3387     2.5063     2.5063     0.0000
  7   0     6.3427     6.0000    -0.3427     3.6639     3.6639    -0.0000
  8   0     0.8399     1.0000     0.1601     0.9249     0.9249     0.0000
  9   0     0.6490     1.0000     0.3510     0.8351     0.8351    -0.0000
 10   0     0.8403     1.0000     0.1597     0.9089     0.9089    -0.0000
 11   0     0.8284     1.0000     0.1716     0.8938     0.8938    -0.0000
 12   0     0.7173     1.0000     0.2827     0.8903     0.8903     0.0000
 13   0     0.8151     1.0000     0.1849     0.8796     0.8796    -0.0000
 14   0     0.8600     1.0000     0.1400     0.9329     0.9329     0.0000
      Bond orders larger than 0.1000000
           Atom A     A.N. of A          Atom B    A.N. of B              Bond order
                0             6               1            7                1.555396
                0             6               4            6                1.107368
                0             6               5            6                0.190636
                0             6               8            1                0.992616
                1             7               2            7                1.325787
                1             7               3            6                0.248587
                2             7               3            6                1.355255
                2             7               4            6               -0.125120
                2             7               9            1                0.783110
                3             6               4            6                1.566550
                3             6               5            6                0.208687
                3             6               6            7               -0.218517
                3             6               7            6                0.787081
                4             6               5            6                0.736378
                4             6               6            7                0.124744
                4             6               7            6                0.128228
                5             6               6            7                0.781659
                5             6              10            1                0.992043
                5             6              11            1                0.995424
                6             7               7            6                1.002977
                6             7              12            1                0.912642
                7             6              13            1                0.950254
                7             6              14            1                1.005230
# -----------------------------------------------------------
$ VdW_Correction
   description: The Van der Waals Correction
   geom. index: 1
   prop. index: 1
        Van der Waals Correction:       -0.0273793726
# -----------------------------------------------------------
$ Hessian
   description: Details about the Hessian
   geom. index: 1
   prop. index: 1
Normal modes:
Number of Rows: 45 Number of Columns: 45
                  0          1          2          3          4          5    
      0       0.000000   0.000000   0.000000   0.000000   0.000000   0.000000
      1       0.000000   0.000000   0.000000   0.000000   0.000000   0.000000
      2       0.000000   0.000000   0.000000   0.000000   0.000000   0.000000
      3       0.000000   0.000000   0.000000   0.000000   0.000000   0.000000
      4       0.000000   0.000000   0.000000   0.000000   0.000000   0.000000
      5       0.000000   0.000000   0.000000   0.000000   0.000000   0.000000
      6       0.000000   0.000000   0.000000   0.000000   0.000000   0.000000
      7       0.000000   0.000000   0.000000   0.000000   0.000000   0.000000
      8       0.000000   0.000000   0.000000   0.000000   0.000000   0.000000
      9       0.000000   0.000000   0.000000   0.000000   0.000000   0.000000
     10       0.000000   0.000000   0.000000   0.000000   0.000000   0.000000
     11       0.000000   0.000000   0.000000   0.000000   0.000000   0.000000
     12       0.000000   0.000000   0.000000   0.000000   0.000000   0.000000
     13       0.000000   0.000000   0.000000   0.000000   0.000000   0.000000
     14       0.000000   0.000000   0.000000   0.000000   0.000000   0.000000
     15       0.000000   0.000000   0.000000   0.000000   0.000000   0.000000
     16       0.000000   0.000000   0.000000   0.000000   0.000000   0.000000
     17       0.000000   0.000000   0.000000   0.000000   0.000000   0.000000
     18       0.000000   0.000000   0.000000   0.000000   0.000000   0.000000
     19       0.000000   0.000000   0.000000   0.000000   0.000000   0.000000
     20       0.000000   0.000000   0.000000   0.000000   0.000000   0.000000
     21       0.000000   0.000000   0.000000   0.000000   0.000000   0.000000
     22       0.000000   0.000000   0.000000   0.000000   0.000000   0.000000
     23       0.000000   0.000000   0.000000   0.000000   0.000000   0.000000
     24       0.000000   0.000000   0.000000   0.000000   0.000000   0.000000
     25       0.000000   0.000000   0.000000   0.000000   0.000000   0.000000
     26       0.000000   0.000000   0.000000   0.000000   0.000000   0.000000
     27       0.000000   0.000000   0.000000   0.000000   0.000000   0.000000
     28       0.000000   0.000000   0.000000   0.000000   0.000000   0.000000
     29       0.000000   0.000000   0.000000   0.000000   0.000000   0.000000
     30       0.000000   0.000000   0.000000   0.000000   0.000000   0.000000
     31       0.000000   0.000000   0.000000   0.000000   0.000000   0.000000
     32       0.000000   0.000000   0.000000   0.000000   0.000000   0.000000
     33       0.000000   0.000000   0.000000   0.000000   0.000000   0.000000
     34       0.000000   0.000000   0.000000   0.000000   0.000000   0.000000
     35       0.000000   0.000000   0.000000   0.000000   0.000000   0.000000
     36       0.000000   0.000000   0.000000   0.000000   0.000000   0.000000
     37       0.000000   0.000000   0.000000   0.000000   0.000000   0.000000
     38       0.000000   0.000000   0.000000   0.000000   0.000000   0.000000
     39       0.000000   0.000000   0.000000   0.000000   0.000000   0.000000
     40       0.000000   0.000000   0.000000   0.000000   0.000000   0.000000
     41       0.000000   0.000000   0.000000   0.000000   0.000000   0.000000
     42       0.000000   0.000000   0.000000   0.000000   0.000000   0.000000
     43       0.000000   0.000000   0.000000   0.000000   0.000000   0.000000
     44       0.000000   0.000000   0.000000   0.000000   0.000000   0.000000
                  6          7          8          9         10         11    
      0      -0.018325  -0.067314   0.028424  -0.159768  -0.104587  -0.144213
      1      -0.001859   0.005708   0.014155  -0.033571  -0.044247  -0.009569
      2      -0.037456  -0.098602  -0.156056  -0.082388  -0.131337  -0.213211
      3      -0.025245  -0.095010   0.039605   0.030655   0.008948  -0.061722
      4      -0.004494  -0.000025   0.059526  -0.140039   0.009099   0.006604
      5      -0.079390  -0.177005   0.078838   0.010649   0.309514   0.191613
      6      -0.009014  -0.031471   0.026849   0.188614  -0.101918  -0.127359
      7      -0.001721   0.003371   0.027277   0.034660  -0.072023  -0.001260
      8      -0.012141   0.112598   0.162474   0.106198  -0.393111   0.001419
      9       0.006847  -0.009655   0.002409   0.011971  -0.012656  -0.049869
     10       0.005350   0.010025  -0.031889   0.208481   0.107456  -0.075578
     11       0.058454   0.258125  -0.037410  -0.045432   0.345563  -0.295394
     12       0.006118  -0.007375   0.015370  -0.062503  -0.013835  -0.021986
     13       0.003053   0.001135  -0.032008   0.205319   0.060089  -0.063323
     14       0.054134   0.179461  -0.203123  -0.017977  -0.186996   0.214995
     15      -0.024140   0.043459  -0.100564   0.113782   0.052725   0.103191
     16      -0.004015   0.002617  -0.030804  -0.000555  -0.012512  -0.049536
     17       0.138928   0.007347   0.177867   0.013564  -0.005693   0.064937
     18       0.077527   0.055243  -0.036541  -0.006887   0.097173   0.244951
     19       0.001058  -0.001751   0.002791  -0.156949  -0.027458   0.060186
     20      -0.246271  -0.013980   0.019579   0.010460   0.012688   0.056133
     21      -0.023156   0.102047   0.031915  -0.141802   0.044811   0.058430
     22       0.002921  -0.014399  -0.015734  -0.029611   0.003115   0.106249
     23       0.124808  -0.162919  -0.117326  -0.013996   0.053264  -0.041323
     24      -0.041701  -0.147723   0.067305  -0.421143  -0.169225  -0.235899
     25      -0.002861   0.013541   0.047703  -0.128354  -0.056932   0.017047
     26      -0.082935  -0.305081  -0.217898  -0.225032  -0.206744  -0.535153
     27      -0.021366  -0.078576   0.014209   0.372939   0.182042  -0.169510
     28      -0.004708  -0.004188   0.043563   0.010757   0.058357   0.003722
     29      -0.033002   0.048870   0.221699   0.130772   0.318305   0.001919
     30      -0.031326   0.174085  -0.339491   0.232777  -0.010811   0.218526
     31      -0.253054   0.068976  -0.326970   0.021903  -0.118421   0.061676
     32       0.297029  -0.010899   0.317775   0.020440   0.049697   0.013993
     33      -0.122329  -0.028385  -0.026624   0.253707   0.173868  -0.054598
     34       0.221968  -0.062157   0.245340  -0.069492   0.065647  -0.121489
     35       0.293975  -0.083380   0.455033   0.022427   0.125829  -0.071544
     36       0.400527  -0.023208   0.000231   0.001247   0.041242   0.021462
     37       0.028672  -0.058812  -0.075296  -0.200656  -0.000547  -0.014582
     38      -0.367094   0.018824   0.011078   0.009484   0.035427   0.157440
     39      -0.071277  -0.067516   0.034185  -0.220937  -0.210597   0.239227
     40      -0.224794   0.219019   0.111389  -0.148612   0.101768   0.012245
     41       0.282816  -0.472958  -0.220573   0.026077  -0.208010   0.172044
     42      -0.086350   0.432431   0.101980  -0.330065   0.334739  -0.146790
     43       0.241506  -0.259161  -0.143477  -0.011509  -0.151131   0.224154
     44       0.265406  -0.291608  -0.188172  -0.010791  -0.020473   0.016121
                 12         13         14         15         16         17    
      0      -0.068227   0.192771  -0.018630  -0.027599   0.056807   0.010807
      1      -0.045695  -0.144899  -0.024679   0.016357   0.077469  -0.029635
      2       0.207352  -0.013403  -0.093801  -0.122444  -0.033986   0.010987
      3      -0.188555  -0.007950  -0.008958   0.003219   0.176422  -0.021645
      4      -0.046874  -0.052019  -0.018673  -0.008195   0.027423  -0.005526
      5      -0.141781  -0.020002   0.059024  -0.011986  -0.003737   0.002870
      6      -0.069267  -0.113716  -0.004074   0.004946   0.073842   0.000991
      7      -0.001460  -0.197007   0.012125  -0.007689  -0.068137   0.029571
      8       0.111130   0.042224   0.044408  -0.002794  -0.003562   0.002184
      9      -0.076735  -0.175526   0.004241  -0.006300  -0.045428   0.018757
     10       0.039023  -0.044324   0.004917   0.001165   0.034646  -0.003706
     11       0.001905   0.020600   0.033776  -0.003881   0.096806   0.011389
     12      -0.080827   0.198344   0.014745  -0.011297  -0.028364   0.015806
     13       0.038477   0.006871   0.013285  -0.003393  -0.043577   0.005901
     14      -0.322970  -0.026115  -0.024281   0.039467   0.069262   0.006610
     15       0.098663   0.212189   0.029848  -0.005016  -0.107520  -0.095658
     16      -0.140937   0.221892   0.049951  -0.008599  -0.177078   0.196809
     17      -0.031030   0.066145   0.002332   0.014175  -0.036149  -0.035050
     18       0.327367  -0.028191  -0.017596   0.019547   0.102276   0.187285
     19       0.018640   0.062704  -0.002371  -0.000304   0.011428   0.021160
     20       0.074949  -0.005304  -0.003704  -0.001139  -0.009513  -0.014345
     21       0.051176  -0.259300   0.002554  -0.014764  -0.166587  -0.049338
     22       0.157390   0.149639  -0.020275   0.011637   0.158148  -0.213995
     23       0.024436  -0.076007   0.016946  -0.007425  -0.040832  -0.030828
     24      -0.037404   0.155943   0.114989   0.304851   0.054410   0.036718
     25      -0.095325  -0.135356  -0.049958  -0.039366   0.088053  -0.013476
     26       0.509644  -0.144562   0.298761   0.838109  -0.091710  -0.008217
     27      -0.129904  -0.016840  -0.266142   0.123807  -0.044459   0.027446
     28      -0.053377  -0.156099  -0.167336   0.066908  -0.140065   0.034672
     29      -0.137586   0.296493  -0.869914   0.389916  -0.380801   0.037811
     30      -0.113685   0.159973   0.057442   0.050846  -0.138928  -0.156633
     31      -0.308030   0.195263   0.064558   0.042512  -0.217589   0.057273
     32       0.028128   0.080403   0.000526  -0.005075  -0.023873   0.035532
     33       0.225266   0.270882   0.056443  -0.045808  -0.288795  -0.150040
     34       0.030712   0.244390   0.028393  -0.048977  -0.101685   0.308372
     35       0.190936   0.111320  -0.005017  -0.040064  -0.049197   0.050612
     36       0.001954   0.027713   0.046419  -0.006509  -0.467891  -0.654813
     37       0.017412  -0.103065  -0.000417  -0.015876  -0.045888  -0.067069
     38       0.214382  -0.016320  -0.029619   0.011459   0.223740   0.342691
     39      -0.029215  -0.313473  -0.005868  -0.026411  -0.337645  -0.072539
     40       0.113360   0.165009   0.006890   0.007205   0.051450  -0.338641
     41       0.011568  -0.125701  -0.013077  -0.010568  -0.064485   0.071870
     42       0.021607  -0.209332   0.031979  -0.011650  -0.206971  -0.158488
     43       0.132849   0.124758  -0.034617   0.007986   0.181562  -0.077551
     44       0.000915  -0.093781   0.007384  -0.008019  -0.036620   0.038404
                 18         19         20         21         22         23    
      0       0.011024   0.115968  -0.000926   0.009165   0.003145  -0.009857
      1       0.002979  -0.209159  -0.007146  -0.004511  -0.153266  -0.105455
      2       0.007221  -0.018136  -0.013009   0.012291  -0.000961   0.003647
      3       0.027205  -0.227028   0.004160   0.016589   0.099099   0.071015
      4       0.001342  -0.048927  -0.032324  -0.000788   0.041110   0.039914
      5      -0.007771   0.060893   0.003594  -0.006293  -0.019457  -0.015132
      6       0.013346   0.072480   0.000920  -0.003356  -0.062295  -0.040735
      7       0.004285   0.217735   0.049296   0.008581   0.128974   0.089469
      8       0.000287  -0.037147   0.002095   0.004619   0.001582  -0.001311
      9      -0.014024   0.058375  -0.015229  -0.008170   0.011496   0.054981
     10       0.003188   0.064812  -0.005171  -0.024849   0.013159  -0.043764
     11      -0.030701   0.024173  -0.072330  -0.044516   0.031530  -0.021579
     12      -0.013464   0.076415   0.024543  -0.013130   0.066817   0.002773
     13      -0.011777  -0.061779   0.005022   0.018298  -0.009018  -0.069263
     14      -0.023201   0.029316   0.069881  -0.060977  -0.007161   0.038313
     15      -0.081792  -0.049972   0.064523  -0.013629   0.017242  -0.131253
     16       0.028599  -0.087246  -0.033038  -0.006039  -0.080384   0.200535
     17       0.043275   0.018203  -0.100599   0.117641   0.026430  -0.079096
     18       0.100443  -0.009408  -0.008652  -0.005261  -0.014438   0.034467
     19       0.014679  -0.000422   0.030386  -0.007289   0.091025  -0.328127
     20       0.031810  -0.013232  -0.016667  -0.092128  -0.001162   0.009993
     21      -0.083134  -0.051312  -0.063284  -0.000742  -0.032374   0.065465
     22      -0.047422   0.081107  -0.025147   0.015941  -0.040950   0.251497
     23       0.056472  -0.020387   0.122633   0.087882  -0.045842   0.055304
     24       0.006331   0.649341  -0.056911  -0.053062  -0.636105  -0.281630
     25       0.015963   0.090002  -0.047719  -0.028345  -0.540835  -0.276414
     26      -0.062465  -0.239469   0.037400  -0.022334   0.236906   0.110068
     27       0.016948   0.367183   0.041727  -0.021949  -0.230837  -0.246378
     28      -0.000741   0.173586   0.047010   0.014513   0.186048   0.151073
     29      -0.021424  -0.085133   0.007910   0.017564   0.067578   0.074835
     30      -0.102941  -0.000968  -0.165280   0.445058  -0.036304  -0.230587
     31       0.332990   0.015301  -0.431172   0.293319   0.029036   0.014721
     32      -0.149700  -0.042741   0.104838   0.016011  -0.053074   0.013903
     33      -0.127302  -0.169212   0.018821  -0.010610  -0.070013  -0.015861
     34      -0.227977  -0.179139   0.341454  -0.297720  -0.131823   0.251768
     35      -0.205881  -0.116794   0.210208  -0.137187  -0.065041   0.039525
     36       0.601951  -0.085560  -0.141669  -0.545148   0.001575   0.066304
     37       0.069758  -0.034725   0.228883  -0.087331   0.094083  -0.479825
     38      -0.152424   0.017735   0.021606   0.127992  -0.008025   0.006613
     39      -0.187869  -0.148795  -0.122545  -0.043745   0.000978  -0.128635
     40       0.214742   0.038921   0.360803   0.191439  -0.099307   0.228681
     41      -0.235363  -0.048555  -0.239961  -0.086574   0.033531  -0.079896
     42      -0.004969  -0.114774   0.360768   0.434517  -0.130408   0.150266
     43      -0.395748   0.085499  -0.377106  -0.079052   0.057176   0.088783
     44      -0.143091  -0.026377  -0.067804   0.049594   0.005055  -0.034788
                 24         25         26         27         28         29    
      0       0.207605  -0.005707  -0.000621   0.013194   0.055328  -0.023414
      1      -0.113348  -0.015174  -0.022717   0.042535   0.128284  -0.125185
      2      -0.061451  -0.001322   0.003704  -0.012431  -0.012424   0.006062
      3      -0.007110  -0.030489  -0.004765  -0.134317   0.000814   0.061096
      4      -0.001146   0.051614   0.036810   0.138601  -0.148402   0.117523
      5       0.003973   0.005410  -0.003767   0.021914   0.011487  -0.023994
      6      -0.150744   0.012254   0.007575   0.090759  -0.017666   0.040978
      7      -0.154239  -0.036946  -0.018839  -0.078132   0.090581   0.013273
      8       0.060553   0.001017   0.001652  -0.002169  -0.012096  -0.004300
      9      -0.131818   0.030746   0.010129  -0.009988  -0.086336  -0.103559
     10       0.267879   0.006785   0.005275  -0.028819  -0.047270  -0.005337
     11      -0.084647   0.031525   0.002205  -0.024936   0.052635   0.012415
     12       0.097352   0.014635  -0.011529   0.081115   0.037788  -0.089942
     13       0.307053  -0.000537  -0.006170  -0.033288  -0.001431  -0.010504
     14       0.066753   0.008675  -0.038120   0.006853  -0.033651   0.019351
     15      -0.161103  -0.015586   0.007910  -0.000131   0.039113  -0.039756
     16      -0.093127  -0.004999   0.013634  -0.002186   0.009125   0.014315
     17      -0.036695   0.000756  -0.020613   0.004627   0.019611  -0.034476
     18       0.012809   0.007345  -0.007740  -0.005840   0.013302   0.031633
     19      -0.089023  -0.014314  -0.012988  -0.010117  -0.039574  -0.001724
     20       0.003760  -0.061080   0.040031   0.003364   0.004034   0.032616
     21       0.164101  -0.006052   0.010279  -0.001922  -0.056907  -0.082353
     22      -0.047528   0.018529   0.003569   0.003147  -0.007590  -0.045885
     23       0.042604   0.026963   0.008173   0.006546  -0.033805  -0.039018
     24       0.120544  -0.062462  -0.016737  -0.546633  -0.228127   0.203450
     25      -0.177963  -0.051373  -0.031378  -0.271847  -0.012608  -0.018693
     26      -0.043074   0.033033  -0.004534   0.184230   0.037952  -0.049406
     27      -0.051655   0.031916  -0.003757   0.564058   0.226437   0.335805
     28      -0.195565  -0.043269  -0.015820  -0.201637   0.043980  -0.051544
     29       0.031691  -0.000047   0.009790  -0.170365  -0.058153  -0.110077
     30      -0.313042  -0.022043   0.614916  -0.178265  -0.174012   0.262814
     31      -0.064636   0.018171  -0.199628   0.046164   0.049831  -0.060478
     32      -0.097977  -0.013259   0.220064  -0.059509  -0.049232   0.073729
     33      -0.391544   0.183729  -0.619960  -0.124135  -0.457052   0.277581
     34      -0.118794  -0.068748   0.243051  -0.009903   0.079545   0.038373
     35      -0.163118   0.045792  -0.129989  -0.062231  -0.159991   0.137623
     36      -0.015804  -0.173350   0.084237  -0.011409   0.050455   0.183143
     37       0.173806   0.049587   0.097224  -0.050395  -0.144888  -0.000761
     38      -0.003386   0.014241  -0.010820   0.006191  -0.001489  -0.022010
     39       0.287384   0.521534  -0.002752  -0.174859   0.602003   0.483349
     40      -0.041506   0.393501   0.019098  -0.078910   0.249896   0.143462
     41       0.118072   0.095022  -0.016086  -0.049536   0.219321   0.200174
     42       0.280855  -0.542895  -0.180092   0.177376   0.160874   0.435590
     43      -0.003185  -0.357654  -0.105429   0.088604   0.121053   0.212668
     44       0.083946  -0.208876  -0.063248   0.060554   0.054946   0.134897
                 30         31         32         33         34         35    
      0      -0.124039   0.028017   0.008957  -0.008509   0.021912  -0.226473
      1      -0.075949   0.052781  -0.003725   0.006926   0.001787   0.036455
      2       0.032959  -0.007493  -0.003827   0.003050  -0.006650   0.057227
      3       0.010730  -0.099079  -0.004116  -0.014180  -0.012540   0.082176
      4       0.087285  -0.021402   0.002865  -0.001362  -0.002653  -0.038122
      5      -0.011825   0.028715   0.001042   0.004130   0.004158  -0.029499
      6       0.028621   0.041530  -0.001723   0.022356   0.005277  -0.207996
      7      -0.055328  -0.058700  -0.006087  -0.001253  -0.004614  -0.002241
      8       0.002988  -0.007774   0.002573  -0.006598  -0.000975   0.057198
      9       0.076899   0.166000   0.007311   0.009808   0.010293   0.126707
     10       0.052113   0.011625   0.008532  -0.010437   0.002369   0.107463
     11      -0.010369  -0.004845  -0.001147   0.006233  -0.000673  -0.018380
     12       0.008127   0.069109  -0.005386   0.017964  -0.009730   0.291183
     13      -0.006658   0.040517   0.011361  -0.004849   0.012703  -0.086361
     14      -0.015608   0.002796   0.002051  -0.002492   0.006717  -0.029800
     15       0.134723  -0.102153  -0.002017  -0.000701  -0.018039  -0.104293
     16      -0.009857  -0.015336   0.017578   0.004116  -0.087555  -0.027570
     17       0.043877  -0.041985  -0.024187   0.023112  -0.026452  -0.029037
     18      -0.016931   0.020455  -0.007603   0.007100  -0.002719  -0.005593
     19      -0.014085   0.007215   0.073743  -0.053563   0.025921   0.000968
     20      -0.017573   0.027599  -0.001405   0.003563  -0.000421   0.004619
     21      -0.057340  -0.139786  -0.015027  -0.049862  -0.004003  -0.047336
     22      -0.017352  -0.028910   0.036087   0.070941   0.012253   0.011631
     23      -0.001636  -0.043719   0.017274  -0.044924   0.010648  -0.014967
     24       0.269707  -0.167174  -0.002683  -0.014959  -0.025265   0.149833
     25       0.142021  -0.047172  -0.011654   0.005564  -0.026334   0.274428
     26      -0.052280   0.045010  -0.001165   0.007869   0.000666  -0.003325
     27      -0.277882  -0.618613  -0.013869  -0.116316  -0.055529   0.696319
     28       0.011380   0.081019  -0.004738   0.029913   0.008280  -0.213770
     29       0.070417   0.164067   0.003814   0.019591   0.014868  -0.153456
     30      -0.521448   0.255479  -0.023908  -0.016866   0.172196   0.260041
     31       0.134723  -0.159320  -0.293912   0.088750   0.500892   0.025378
     32      -0.161581   0.104068   0.144907  -0.025832  -0.331688   0.003503
     33      -0.519245   0.168655   0.019223   0.006270  -0.059699   0.088495
     34       0.091820  -0.086216  -0.186134   0.007263   0.496671   0.006868
     35      -0.185771   0.028049  -0.181253   0.028561   0.441858   0.085885
     36      -0.083463   0.143317   0.073210  -0.048036   0.045737   0.020295
     37      -0.152694  -0.051271  -0.652981   0.600938  -0.325075  -0.028670
     38       0.015516  -0.013087   0.016766  -0.020517   0.003741  -0.004265
     39       0.164397   0.197587   0.045160   0.064248   0.010879   0.028722
     40       0.130228   0.237876  -0.275576  -0.405863  -0.081134  -0.012673
     41       0.033213  -0.023449   0.300059   0.407202   0.094440   0.052253
     42       0.199163   0.283731   0.163095   0.286359   0.045229   0.108312
     43       0.081753   0.314905  -0.387054  -0.340650  -0.136110  -0.000044
     44       0.060930   0.155750  -0.196618  -0.253106  -0.066752  -0.013144
                 36         37         38         39         40         41    
      0       0.210446  -0.094578   0.000220   0.000456  -0.000063  -0.000169
      1       0.011412  -0.081998   0.000322   0.000228   0.000167   0.000214
      2      -0.041122   0.012102  -0.000042   0.000303   0.000152   0.000209
      3       0.007562   0.027210   0.000365  -0.000805   0.000111   0.000008
      4      -0.002836   0.042220  -0.000491  -0.000460  -0.000192  -0.000022
      5      -0.002677   0.000549  -0.000020   0.000249   0.000069  -0.000122
      6      -0.239973  -0.054038  -0.000308  -0.000108   0.000019  -0.000064
      7      -0.026890   0.037643   0.000018   0.000320   0.000429  -0.000189
      8       0.049250  -0.003283  -0.000190   0.000308  -0.000273   0.000039
      9       0.356195   0.140666  -0.000961   0.000914  -0.001328   0.000573
     10       0.061731  -0.519130   0.000613   0.000151   0.000112  -0.000420
     11      -0.008262   0.048619  -0.000009  -0.000182   0.000348  -0.000479
     12      -0.332706   0.050170   0.000175   0.000592   0.000614   0.000937
     13      -0.029806   0.521266   0.000954   0.000628   0.000175   0.000707
     14       0.007035   0.008402   0.000229   0.000092   0.000119  -0.000509
     15       0.099079  -0.040492  -0.002815  -0.003154   0.013483   0.027926
     16       0.019112  -0.066815  -0.032879  -0.051768   0.009082   0.021944
     17       0.029850  -0.020602  -0.016893  -0.028795  -0.037032  -0.076398
     18       0.001169   0.014765  -0.000718   0.003188  -0.000069  -0.000086
     19      -0.011536  -0.000594  -0.000343   0.000418   0.001296   0.000532
     20       0.000490   0.011432  -0.000636   0.002919  -0.001457   0.004372
     21      -0.103726  -0.050621   0.015460  -0.009053  -0.031997   0.015879
     22       0.006313   0.055834  -0.047904   0.030706   0.017546  -0.010038
     23      -0.031275  -0.026114   0.029854  -0.020262   0.075295  -0.036378
     24      -0.135962   0.252056  -0.000379   0.000101  -0.000395  -0.000700
     25      -0.213616   0.117170  -0.001065  -0.004423   0.000468   0.000645
     26       0.008781  -0.069890  -0.000718  -0.001533   0.000059  -0.000893
     27       0.653733   0.426216   0.002627  -0.001881   0.000521  -0.000137
     28      -0.258049  -0.080410  -0.000160   0.000303   0.000461   0.000734
     29      -0.132086  -0.105628   0.000976  -0.000705   0.001004  -0.001472
     30      -0.119699  -0.136940  -0.074311  -0.119208  -0.031619  -0.059388
     31       0.021885  -0.064499   0.229413   0.369094   0.114130   0.219854
     32      -0.006649  -0.049718   0.393974   0.628224   0.182377   0.349866
     33      -0.025976  -0.171168   0.092688   0.136775  -0.130315  -0.273964
     34       0.029928  -0.035535   0.159182   0.236835  -0.233217  -0.489738
     35      -0.013287  -0.062038  -0.199365  -0.295859   0.265509   0.558580
     36      -0.015525   0.045558   0.005558  -0.020113   0.004164  -0.011756
     37       0.133850   0.014496  -0.007599  -0.005208  -0.002730  -0.003820
     38      -0.003285   0.002375   0.007088  -0.032818   0.013652  -0.041970
     39       0.001876  -0.159464  -0.193812   0.115978   0.377289  -0.186367
     40       0.009807  -0.006570   0.219995  -0.132534  -0.438659   0.216876
     41       0.031261  -0.055677   0.294163  -0.176930  -0.532420   0.263484
     42       0.122751  -0.149947   0.032890  -0.021193   0.009367  -0.003648
     43       0.030225   0.036307   0.351637  -0.228963   0.215553  -0.096853
     44      -0.017110  -0.047268  -0.640922   0.413350  -0.370403   0.165887
                 42         43         44    
      0      -0.000038   0.040988  -0.003197
      1      -0.000071  -0.077833   0.010893
      2       0.000029  -0.017968   0.001519
      3       0.000049   0.000762  -0.000888
      4       0.000017   0.001939  -0.000114
      5       0.000076   0.000031  -0.000092
      6      -0.000028  -0.002341  -0.013937
      7       0.000131  -0.006361  -0.072640
      8      -0.000014   0.001970   0.017889
      9      -0.000434   0.000509   0.003805
     10      -0.000359   0.001135   0.000335
     11      -0.000067  -0.000263  -0.000930
     12      -0.000425  -0.005448  -0.000353
     13       0.000195   0.000455   0.002029
     14      -0.000106   0.001281  -0.000116
     15      -0.003033   0.000371  -0.000074
     16       0.001956  -0.000405   0.000009
     17       0.004523  -0.000114   0.000138
     18       0.030240   0.000155   0.000022
     19       0.005095  -0.000024  -0.000099
     20       0.065414   0.000049   0.000064
     21      -0.002543  -0.000154  -0.000377
     22      -0.002432  -0.000039  -0.000215
     23       0.004409  -0.000124   0.000075
     24       0.000332  -0.432589   0.047079
     25      -0.000086   0.867338  -0.092878
     26       0.000018   0.200435  -0.020999
     27       0.000190   0.016950   0.161075
     28      -0.000763   0.106127   0.950086
     29       0.000311  -0.026413  -0.232726
     30       0.002210   0.000730   0.000596
     31      -0.017582   0.001580  -0.000505
     32      -0.035340   0.002862  -0.000512
     33       0.008815   0.001668   0.000367
     34       0.007109   0.001831   0.000069
     35      -0.010166  -0.001000  -0.000524
     36      -0.362922   0.000225  -0.000564
     37      -0.063622  -0.000387  -0.000297
     38      -0.924920  -0.000385  -0.000562
     39       0.009639   0.000562  -0.000020
     40      -0.004931  -0.000268  -0.000030
     41      -0.009322  -0.000209  -0.000824
     42      -0.001631   0.000119  -0.000499
     43       0.015500  -0.000670   0.000415
     44      -0.035137   0.001011  -0.000215
# -----------------------------------------------------------
$ THERMOCHEMISTRY_Energies
   description: The Thermochemistry energies
   geom. index: 1
   prop. index: 1
        Temperature (Kelvin)           :        298.1500000000
        Pressure (atm)                 :          1.0000000000
        Total Mass (AMU)               :        109.1320000000
        Spin Degeneracy                :          1.0000000000
        Electronic Energy (Hartree)    :       -359.0854183186
        Translational Energy (Hartree) :          0.0014162714
        Rotational Energy (Hartree)    :          0.0014162714
        Vibrational Energy (Hartree)   :          0.0031180464
        Number of frequencies          :     45      
        Scaling Factor for frequencies :          1.0000000000
        Vibrational frequencies        :     
                  0    
      0       0.000000
      1       0.000000
      2       0.000000
      3       0.000000
      4       0.000000
      5       0.000000
      6     120.304640
      7     155.875571
      8     236.425483
      9     432.388694
     10     613.021824
     11     647.949549
     12     668.285943
     13     750.638439
     14     836.245090
     15     867.481259
     16     893.197685
     17     932.278156
     18     1004.788816
     19     1032.883824
     20     1072.691894
     21     1116.845278
     22     1139.193457
     23     1153.543334
     24     1227.387982
     25     1271.270111
     26     1274.214689
     27     1285.535820
     28     1342.871604
     29     1399.061733
     30     1402.683634
     31     1496.983076
     32     1529.233878
     33     1544.599977
     34     1548.386402
     35     1599.106729
     36     1661.832256
     37     1764.996307
     38     2926.809332
     39     2928.927997
     40     2975.679296
     41     2976.835985
     42     3230.416448
     43     3296.172188
     44     3314.255899
        Zero Point Energy (Hartree)    :          0.1268285542
        Inner Energy (Hartree)         :       -358.9526391752
        Enthalpy (Hartree)             :       -358.9516949661
        Electronic entropy             :          0.0000000000
        Rotational entropy             :          0.0130135537
        Vibrational entropy            :          0.0051667373
        Translational entropy          :          0.0130135537
        Entropy                        :          0.0371752982
        Gibbs Energy (Hartree)         :       -358.9888702644
        Is Linear                      :                 false
# -----------------------------------------------------------
$ PAL_Flags
   description: The PAL Flags
   geom. index: 2
   prop. index: 1
        Diskflag:     2
# -----------------------------------------------------------
$ SCF_Energy
   description: The SCF energy
   geom. index: 2
   prop. index: 1
        SCF Energy:     -359.0776383945
# -----------------------------------------------------------
$ DFT_Energy
   description: The DFT energy
   geom. index: 2
   prop. index: 1
   Number of Alpha Electrons                 29.0000223342 
   Number of Beta  Electrons                 29.0000223342 
   Total number of  Electrons                58.0000446684 
   Exchange energy                          -32.5832455463 
   Correlation energy                        -2.4302278120 
   Correlation energy NL                      0.0000000000 
   Exchange-Correlation energy              -35.0134733583 
   Embedding correction                       0.0000000000 
   Total DFT Energy (No VdW correction)    -359.0776383945 
# -----------------------------------------------------------
$ VdW_Correction
   description: The Van der Waals Correction
   geom. index: 2
   prop. index: 1
        Van der Waals Correction:       -0.0273262322
# -----------------------------------------------------------
$ PAL_Flags
   description: The PAL Flags
   geom. index: 3
   prop. index: 1
        Diskflag:     2
# -----------------------------------------------------------
$ SCF_Energy
   description: The SCF energy
   geom. index: 3
   prop. index: 1
        SCF Energy:     -359.0833942792
# -----------------------------------------------------------
$ DFT_Energy
   description: The DFT energy
   geom. index: 3
   prop. index: 1
   Number of Alpha Electrons                 29.0000369049 
   Number of Beta  Electrons                 29.0000369049 
   Total number of  Electrons                58.0000738098 
   Exchange energy                          -32.5751241128 
   Correlation energy                        -2.4293462194 
   Correlation energy NL                      0.0000000000 
   Exchange-Correlation energy              -35.0044703323 
   Embedding correction                       0.0000000000 
   Total DFT Energy (No VdW correction)    -359.0833942792 
# -----------------------------------------------------------
$ VdW_Correction
   description: The Van der Waals Correction
   geom. index: 3
   prop. index: 1
        Van der Waals Correction:       -0.0271755998
# -----------------------------------------------------------
$ PAL_Flags
   description: The PAL Flags
   geom. index: 4
   prop. index: 1
        Diskflag:     2
# -----------------------------------------------------------
$ SCF_Energy
   description: The SCF energy
   geom. index: 4
   prop. index: 1
        SCF Energy:     -359.0867342042
# -----------------------------------------------------------
$ DFT_Energy
   description: The DFT energy
   geom. index: 4
   prop. index: 1
   Number of Alpha Electrons                 29.0000348193 
   Number of Beta  Electrons                 29.0000348193 
   Total number of  Electrons                58.0000696386 
   Exchange energy                          -32.5737728395 
   Correlation energy                        -2.4292269937 
   Correlation energy NL                      0.0000000000 
   Exchange-Correlation energy              -35.0029998331 
   Embedding correction                       0.0000000000 
   Total DFT Energy (No VdW correction)    -359.0867342042 
# -----------------------------------------------------------
$ VdW_Correction
   description: The Van der Waals Correction
   geom. index: 4
   prop. index: 1
        Van der Waals Correction:       -0.0270679975
# -----------------------------------------------------------
$ PAL_Flags
   description: The PAL Flags
   geom. index: 5
   prop. index: 1
        Diskflag:     2
# -----------------------------------------------------------
$ SCF_Energy
   description: The SCF energy
   geom. index: 5
   prop. index: 1
        SCF Energy:     -359.0890617675
# -----------------------------------------------------------
$ DFT_Energy
   description: The DFT energy
   geom. index: 5
   prop. index: 1
   Number of Alpha Electrons                 29.0000295521 
   Number of Beta  Electrons                 29.0000295521 
   Total number of  Electrons                58.0000591042 
   Exchange energy                          -32.5734832241 
   Correlation energy                        -2.4291583644 
   Correlation energy NL                      0.0000000000 
   Exchange-Correlation energy              -35.0026415886 
   Embedding correction                       0.0000000000 
   Total DFT Energy (No VdW correction)    -359.0890617675 
# -----------------------------------------------------------
$ VdW_Correction
   description: The Van der Waals Correction
   geom. index: 5
   prop. index: 1
        Van der Waals Correction:       -0.0269874039
# -----------------------------------------------------------
$ PAL_Flags
   description: The PAL Flags
   geom. index: 6
   prop. index: 1
        Diskflag:     2
# -----------------------------------------------------------
$ SCF_Energy
   description: The SCF energy
   geom. index: 6
   prop. index: 1
        SCF Energy:     -359.0906486661
# -----------------------------------------------------------
$ DFT_Energy
   description: The DFT energy
   geom. index: 6
   prop. index: 1
   Number of Alpha Electrons                 29.0000293228 
   Number of Beta  Electrons                 29.0000293228 
   Total number of  Electrons                58.0000586456 
   Exchange energy                          -32.5754313891 
   Correlation energy                        -2.4293654172 
   Correlation energy NL                      0.0000000000 
   Exchange-Correlation energy              -35.0047968063 
   Embedding correction                       0.0000000000 
   Total DFT Energy (No VdW correction)    -359.0906486661 
# -----------------------------------------------------------
$ VdW_Correction
   description: The Van der Waals Correction
   geom. index: 6
   prop. index: 1
        Van der Waals Correction:       -0.0269402576
# -----------------------------------------------------------
$ PAL_Flags
   description: The PAL Flags
   geom. index: 7
   prop. index: 1
        Diskflag:     2
# -----------------------------------------------------------
$ SCF_Energy
   description: The SCF energy
   geom. index: 7
   prop. index: 1
        SCF Energy:     -359.0917770245
# -----------------------------------------------------------
$ DFT_Energy
   description: The DFT energy
   geom. index: 7
   prop. index: 1
   Number of Alpha Electrons                 29.0000313612 
   Number of Beta  Electrons                 29.0000313612 
   Total number of  Electrons                58.0000627224 
   Exchange energy                          -32.5738154029 
   Correlation energy                        -2.4291523118 
   Correlation energy NL                      0.0000000000 
   Exchange-Correlation energy              -35.0029677146 
   Embedding correction                       0.0000000000 
   Total DFT Energy (No VdW correction)    -359.0917770245 
# -----------------------------------------------------------
$ VdW_Correction
   description: The Van der Waals Correction
   geom. index: 7
   prop. index: 1
        Van der Waals Correction:       -0.0269020051
# -----------------------------------------------------------
$ PAL_Flags
   description: The PAL Flags
   geom. index: 8
   prop. index: 1
        Diskflag:     2
# -----------------------------------------------------------
$ SCF_Energy
   description: The SCF energy
   geom. index: 8
   prop. index: 1
        SCF Energy:     -359.0925147095
# -----------------------------------------------------------
$ DFT_Energy
   description: The DFT energy
   geom. index: 8
   prop. index: 1
   Number of Alpha Electrons                 29.0000318725 
   Number of Beta  Electrons                 29.0000318725 
   Total number of  Electrons                58.0000637450 
   Exchange energy                          -32.5763814369 
   Correlation energy                        -2.4294453403 
   Correlation energy NL                      0.0000000000 
   Exchange-Correlation energy              -35.0058267772 
   Embedding correction                       0.0000000000 
   Total DFT Energy (No VdW correction)    -359.0925147095 
# -----------------------------------------------------------
$ VdW_Correction
   description: The Van der Waals Correction
   geom. index: 8
   prop. index: 1
        Van der Waals Correction:       -0.0268959649
# -----------------------------------------------------------
$ PAL_Flags
   description: The PAL Flags
   geom. index: 9
   prop. index: 1
        Diskflag:     2
# -----------------------------------------------------------
$ SCF_Energy
   description: The SCF energy
   geom. index: 9
   prop. index: 1
        SCF Energy:     -359.0929956364
# -----------------------------------------------------------
$ DFT_Energy
   description: The DFT energy
   geom. index: 9
   prop. index: 1
   Number of Alpha Electrons                 29.0000326883 
   Number of Beta  Electrons                 29.0000326883 
   Total number of  Electrons                58.0000653766 
   Exchange energy                          -32.5749397152 
   Correlation energy                        -2.4292880125 
   Correlation energy NL                      0.0000000000 
   Exchange-Correlation energy              -35.0042277277 
   Embedding correction                       0.0000000000 
   Total DFT Energy (No VdW correction)    -359.0929956364 
# -----------------------------------------------------------
$ VdW_Correction
   description: The Van der Waals Correction
   geom. index: 9
   prop. index: 1
        Van der Waals Correction:       -0.0268822573
# -----------------------------------------------------------
$ PAL_Flags
   description: The PAL Flags
   geom. index: 10
   prop. index: 1
        Diskflag:     2
# -----------------------------------------------------------
$ SCF_Energy
   description: The SCF energy
   geom. index: 10
   prop. index: 1
        SCF Energy:     -359.0931838580
# -----------------------------------------------------------
$ DFT_Energy
   description: The DFT energy
   geom. index: 10
   prop. index: 1
   Number of Alpha Electrons                 29.0000251945 
   Number of Beta  Electrons                 29.0000251945 
   Total number of  Electrons                58.0000503890 
   Exchange energy                          -32.5753569218 
   Correlation energy                        -2.4293269822 
   Correlation energy NL                      0.0000000000 
   Exchange-Correlation energy              -35.0046839040 
   Embedding correction                       0.0000000000 
   Total DFT Energy (No VdW correction)    -359.0931838580 
# -----------------------------------------------------------
$ VdW_Correction
   description: The Van der Waals Correction
   geom. index: 10
   prop. index: 1
        Van der Waals Correction:       -0.0268937837
# -----------------------------------------------------------
$ PAL_Flags
   description: The PAL Flags
   geom. index: 11
   prop. index: 1
        Diskflag:     2
# -----------------------------------------------------------
$ SCF_Energy
   description: The SCF energy
   geom. index: 11
   prop. index: 1
        SCF Energy:     -359.0932301865
# -----------------------------------------------------------
$ DFT_Energy
   description: The DFT energy
   geom. index: 11
   prop. index: 1
   Number of Alpha Electrons                 29.0000189955 
   Number of Beta  Electrons                 29.0000189955 
   Total number of  Electrons                58.0000379910 
   Exchange energy                          -32.5751892490 
   Correlation energy                        -2.4293490387 
   Correlation energy NL                      0.0000000000 
   Exchange-Correlation energy              -35.0045382877 
   Embedding correction                       0.0000000000 
   Total DFT Energy (No VdW correction)    -359.0932301865 
# -----------------------------------------------------------
$ VdW_Correction
   description: The Van der Waals Correction
   geom. index: 11
   prop. index: 1
        Van der Waals Correction:       -0.0269028205
# -----------------------------------------------------------
$ PAL_Flags
   description: The PAL Flags
   geom. index: 12
   prop. index: 1
        Diskflag:     2
# -----------------------------------------------------------
$ SCF_Energy
   description: The SCF energy
   geom. index: 12
   prop. index: 1
        SCF Energy:     -359.0932823555
# -----------------------------------------------------------
$ DFT_Energy
   description: The DFT energy
   geom. index: 12
   prop. index: 1
   Number of Alpha Electrons                 29.0000214432 
   Number of Beta  Electrons                 29.0000214432 
   Total number of  Electrons                58.0000428864 
   Exchange energy                          -32.5747966425 
   Correlation energy                        -2.4293521521 
   Correlation energy NL                      0.0000000000 
   Exchange-Correlation energy              -35.0041487946 
   Embedding correction                       0.0000000000 
   Total DFT Energy (No VdW correction)    -359.0932823555 
# -----------------------------------------------------------
$ VdW_Correction
   description: The Van der Waals Correction
   geom. index: 12
   prop. index: 1
        Van der Waals Correction:       -0.0269247318
# -----------------------------------------------------------
$ PAL_Flags
   description: The PAL Flags
   geom. index: 13
   prop. index: 1
        Diskflag:     2
# -----------------------------------------------------------
$ SCF_Energy
   description: The SCF energy
   geom. index: 13
   prop. index: 1
        SCF Energy:     -359.0933530512
# -----------------------------------------------------------
$ DFT_Energy
   description: The DFT energy
   geom. index: 13
   prop. index: 1
   Number of Alpha Electrons                 29.0000233198 
   Number of Beta  Electrons                 29.0000233198 
   Total number of  Electrons                58.0000466397 
   Exchange energy                          -32.5738107268 
   Correlation energy                        -2.4292890577 
   Correlation energy NL                      0.0000000000 
   Exchange-Correlation energy              -35.0030997844 
   Embedding correction                       0.0000000000 
   Total DFT Energy (No VdW correction)    -359.0933530512 
# -----------------------------------------------------------
$ VdW_Correction
   description: The Van der Waals Correction
   geom. index: 13
   prop. index: 1
        Van der Waals Correction:       -0.0269537033
# -----------------------------------------------------------
$ PAL_Flags
   description: The PAL Flags
   geom. index: 14
   prop. index: 1
        Diskflag:     2
# -----------------------------------------------------------
$ SCF_Energy
   description: The SCF energy
   geom. index: 14
   prop. index: 1
        SCF Energy:     -359.0934008471
# -----------------------------------------------------------
$ DFT_Energy
   description: The DFT energy
   geom. index: 14
   prop. index: 1
   Number of Alpha Electrons                 29.0000127923 
   Number of Beta  Electrons                 29.0000127923 
   Total number of  Electrons                58.0000255845 
   Exchange energy                          -32.5717936174 
   Correlation energy                        -2.4290961588 
   Correlation energy NL                      0.0000000000 
   Exchange-Correlation energy              -35.0008897762 
   Embedding correction                       0.0000000000 
   Total DFT Energy (No VdW correction)    -359.0934008471 
# -----------------------------------------------------------
$ VdW_Correction
   description: The Van der Waals Correction
   geom. index: 14
   prop. index: 1
        Van der Waals Correction:       -0.0269875591
# -----------------------------------------------------------
$ PAL_Flags
   description: The PAL Flags
   geom. index: 15
   prop. index: 1
        Diskflag:     2
# -----------------------------------------------------------
$ SCF_Energy
   description: The SCF energy
   geom. index: 15
   prop. index: 1
        SCF Energy:     -359.0934061091
# -----------------------------------------------------------
$ DFT_Energy
   description: The DFT energy
   geom. index: 15
   prop. index: 1
   Number of Alpha Electrons                 29.0000240249 
   Number of Beta  Electrons                 29.0000240249 
   Total number of  Electrons                58.0000480498 
   Exchange energy                          -32.5722721342 
   Correlation energy                        -2.4292576115 
   Correlation energy NL                      0.0000000000 
   Exchange-Correlation energy              -35.0015297457 
   Embedding correction                       0.0000000000 
   Total DFT Energy (No VdW correction)    -359.0934061091 
# -----------------------------------------------------------
$ VdW_Correction
   description: The Van der Waals Correction
   geom. index: 15
   prop. index: 1
        Van der Waals Correction:       -0.0270198030
# -----------------------------------------------------------
$ PAL_Flags
   description: The PAL Flags
   geom. index: 16
   prop. index: 1
        Diskflag:     2
# -----------------------------------------------------------
$ SCF_Energy
   description: The SCF energy
   geom. index: 16
   prop. index: 1
        SCF Energy:     -359.0934659020
# -----------------------------------------------------------
$ DFT_Energy
   description: The DFT energy
   geom. index: 16
   prop. index: 1
   Number of Alpha Electrons                 29.0000158288 
   Number of Beta  Electrons                 29.0000158288 
   Total number of  Electrons                58.0000316577 
   Exchange energy                          -32.5732175688 
   Correlation energy                        -2.4293116957 
   Correlation energy NL                      0.0000000000 
   Exchange-Correlation energy              -35.0025292645 
   Embedding correction                       0.0000000000 
   Total DFT Energy (No VdW correction)    -359.0934659020 
# -----------------------------------------------------------
$ VdW_Correction
   description: The Van der Waals Correction
   geom. index: 16
   prop. index: 1
        Van der Waals Correction:       -0.0269924720
# -----------------------------------------------------------
$ PAL_Flags
   description: The PAL Flags
   geom. index: 17
   prop. index: 1
        Diskflag:     2
# -----------------------------------------------------------
$ SCF_Energy
   description: The SCF energy
   geom. index: 17
   prop. index: 1
        SCF Energy:     -359.0934631619
# -----------------------------------------------------------
$ DFT_Energy
   description: The DFT energy
   geom. index: 17
   prop. index: 1
   Number of Alpha Electrons                 29.0000202805 
   Number of Beta  Electrons                 29.0000202805 
   Total number of  Electrons                58.0000405610 
   Exchange energy                          -32.5728232836 
   Correlation energy                        -2.4292780023 
   Correlation energy NL                      0.0000000000 
   Exchange-Correlation energy              -35.0021012859 
   Embedding correction                       0.0000000000 
   Total DFT Energy (No VdW correction)    -359.0934631619 
# -----------------------------------------------------------
$ VdW_Correction
   description: The Van der Waals Correction
   geom. index: 17
   prop. index: 1
        Van der Waals Correction:       -0.0270071535
# -----------------------------------------------------------
$ PAL_Flags
   description: The PAL Flags
   geom. index: 18
   prop. index: 1
        Diskflag:     2
# -----------------------------------------------------------
$ SCF_Energy
   description: The SCF energy
   geom. index: 18
   prop. index: 1
        SCF Energy:     -359.0934620519
# -----------------------------------------------------------
$ DFT_Energy
   description: The DFT energy
   geom. index: 18
   prop. index: 1
   Number of Alpha Electrons                 29.0000215343 
   Number of Beta  Electrons                 29.0000215343 
   Total number of  Electrons                58.0000430685 
   Exchange energy                          -32.5729114418 
   Correlation energy                        -2.4292978385 
   Correlation energy NL                      0.0000000000 
   Exchange-Correlation energy              -35.0022092803 
   Embedding correction                       0.0000000000 
   Total DFT Energy (No VdW correction)    -359.0934620519 
# -----------------------------------------------------------
$ VdW_Correction
   description: The Van der Waals Correction
   geom. index: 18
   prop. index: 1
        Van der Waals Correction:       -0.0270109533
# -----------------------------------------------------------
$ PAL_Flags
   description: The PAL Flags
   geom. index: 19
   prop. index: 1
        Diskflag:     2
# -----------------------------------------------------------
$ SCF_Energy
   description: The SCF energy
   geom. index: 19
   prop. index: 1
        SCF Energy:     -359.0934620412
# -----------------------------------------------------------
$ DFT_Energy
   description: The DFT energy
   geom. index: 19
   prop. index: 1
   Number of Alpha Electrons                 29.0000216037 
   Number of Beta  Electrons                 29.0000216037 
   Total number of  Electrons                58.0000432073 
   Exchange energy                          -32.5729462104 
   Correlation energy                        -2.4293034255 
   Correlation energy NL                      0.0000000000 
   Exchange-Correlation energy              -35.0022496359 
   Embedding correction                       0.0000000000 
   Total DFT Energy (No VdW correction)    -359.0934620412 
# -----------------------------------------------------------
$ Mayer_Pop
   description: The Mayer population analysis
   geom. index: 19
   prop. index: 1
     Number of atoms                     : 15
     Threshold for printing              : 0.1000000
     Number of bond orders printed       : 21
  NA   - Mulliken gross atomic population
  ZA   - Total nuclear charge
  QA   - Mulliken gross atomic charge
  VA   - Mayer's total valence
  BVA  - Mayer's bonded valence
  FA   - Mayer's free valence
  ATOM       NA         ZA         QA         VA         BVA        FA
  0   0     6.0705     6.0000    -0.0705     3.5345     3.5345    -0.0000
  1   0     7.2725     7.0000    -0.2725     2.9670     2.9670    -0.0000
  2   0     7.1745     7.0000    -0.1745     3.3499     3.3499     0.0000
  3   0     5.8798     6.0000     0.1202     3.6308     3.6308     0.0000
  4   0     5.7722     6.0000     0.2278     3.4695     3.4695    -0.0000
  5   0     6.5559     6.0000    -0.5559     3.7225     3.7225    -0.0000
  6   0     7.3345     7.0000    -0.3345     2.5396     2.5396     0.0000
  7   0     6.4306     6.0000    -0.4306     3.5525     3.5525    -0.0000
  8   0     0.8417     1.0000     0.1583     0.9250     0.9250     0.0000
  9   0     0.6628     1.0000     0.3372     0.8481     0.8481    -0.0000
 10   0     0.8491     1.0000     0.1509     0.9407     0.9407     0.0000
 11   0     0.8172     1.0000     0.1828     0.8929     0.8929     0.0000
 12   0     0.6832     1.0000     0.3168     0.8522     0.8522    -0.0000
 13   0     0.8159     1.0000     0.1841     0.8962     0.8962    -0.0000
 14   0     0.8394     1.0000     0.1606     0.9291     0.9291    -0.0000
      Bond orders larger than 0.1000000
           Atom A     A.N. of A          Atom B    A.N. of B              Bond order
                0             6               1            7                1.467199
                0             6               2            7               -0.183992
                0             6               4            6                1.147150
                0             6               8            1                1.057654
                1             7               2            7                1.359293
                2             7               3            6                1.351794
                2             7               9            1                0.810183
                3             6               4            6                1.677399
                3             6               5            6                0.237117
                3             6               6            7               -0.133982
                3             6               7            6                0.570654
                3             6              14            1               -0.112482
                4             6               5            6                0.564437
                4             6               7            6                0.143759
                5             6               6            7                0.831215
                5             6              10            1                1.034981
                5             6              11            1                1.010121
                6             7               7            6                0.998801
                6             7              12            1                0.892406
                7             6              13            1                0.956434
                7             6              14            1                1.037563
# -----------------------------------------------------------
$ VdW_Correction
   description: The Van der Waals Correction
   geom. index: 19
   prop. index: 1
        Van der Waals Correction:       -0.0270112065
# -----------------------------------------------------------
$ SCF_Electric_Properties
   description: The SCF Calculated Electric Properties
   geom. index: 19
   prop. index: 1
       Filename                          : file.scfp 
       Do Dipole Moment Calculation      : true 
       Do Quadrupole Moment Calculation  : false 
       Do Polarizability Calculation     : false 
** Dipole moment part of electric properties **
        Magnitude of dipole moment (Debye) :        2.0802111690
        Electronic Contribution:
                  0    
      0       4.230886
      1       1.210438
      2       0.205190
        Nuclear Contribution:
                  0    
      0      -4.766479
      1      -0.721931
      2      -0.585035
        Total Dipole moment:
                  0    
      0      -0.535593
      1       0.488507
      2      -0.379845
# -------------------------------------------------------------
----------------------- !GEOMETRIES! ------------------------
# -------------------------------------------------------------
------------------------ !GEOMETRY! -------------------------
    Number of atoms:    15 
    Geometry Index:     1 
    Coordinates:
               0 C      1.762500000000   -0.859800000000    0.196900000000
               1 N      2.368200000000    0.332400000000   -0.005500000000
               2 N      1.456500000000    1.282600000000    0.155200000000
               3 C      0.290500000000    0.701300000000    0.480000000000
               4 C      0.440900000000   -0.624500000000    0.516600000000
               5 C     -0.794900000000   -1.304800000000    0.087300000000
               6 N     -1.779300000000   -0.220100000000   -0.128100000000
               7 C     -1.065000000000    1.066900000000    0.028800000000
               8 H      2.212600000000   -1.817700000000   -0.026600000000
               9 H      1.604500000000    2.286500000000   -0.089800000000
              10 H     -0.617200000000   -1.875100000000   -0.852300000000
              11 H     -1.151600000000   -1.987800000000    0.886100000000
              12 H     -2.144700000000   -0.285900000000   -1.107400000000
              13 H     -1.568300000000    1.690000000000    0.797000000000
              14 H     -1.014600000000    1.616200000000   -0.938100000000
------------------------ !GEOMETRY! -------------------------
    Number of atoms:    15 
    Geometry Index:     2 
    Coordinates:
               0 C      1.819045364307   -0.839489094315    0.190286818459
               1 N      2.439007187779    0.328287073409    0.022150148906
               2 N      1.484485152090    1.264882325020    0.149603812515
               3 C      0.279432292449    0.713585431587    0.430268291373
               4 C      0.449782499777   -0.642646449485    0.468682502039
               5 C     -0.825203344820   -1.328405600991    0.079650620527
               6 N     -1.798665636631   -0.215616364782   -0.123699780350
               7 C     -1.107497887364    1.093417813297    0.016701852381
               8 H      2.331688775185   -1.774757892879    0.009148217543
               9 H      1.676345454986    2.235118440106   -0.058302742303
              10 H     -0.677128042578   -1.909975974053   -0.842520507902
              11 H     -1.193294093300   -1.997583782278    0.871238903929
              12 H     -2.179661644158   -0.282156942252   -1.063715636493
              13 H     -1.613878604900    1.701544942553    0.781386789568
              14 H     -1.084357472822    1.653996075063   -0.930779290193
------------------------ !GEOMETRY! -------------------------
    Number of atoms:    15 
    Geometry Index:     3 
    Coordinates:
               0 C      1.845784241249   -0.835822984614    0.180695851917
               1 N      2.470961017397    0.332203180731    0.050355449812
               2 N      1.497979297728    1.261964168525    0.138933194230
               3 C      0.281234991063    0.711226681515    0.365907817136
               4 C      0.458525388859   -0.654211410573    0.404166338383
               5 C     -0.841063873052   -1.336748735295    0.070959724473
               6 N     -1.806064501174   -0.213827445512   -0.122344321281
               7 C     -1.123176404816    1.099614571866    0.008234404733
               8 H      2.402882472079   -1.756595201837    0.064770126428
               9 H      1.723539256109    2.231773060471   -0.017220964701
              10 H     -0.728262786251   -1.939839925873   -0.839160215538
              11 H     -1.207662938827   -1.989217163931    0.873636910299
              12 H     -2.223603494119   -0.282944801530   -1.042129646509
              13 H     -1.616769445391    1.694303343018    0.788583334425
              14 H     -1.134203220854    1.678322663037   -0.925288003807
------------------------ !GEOMETRY! -------------------------
    Number of atoms:    15 
    Geometry Index:     4 
    Coordinates:
               0 C      1.860078441336   -0.835688730401    0.174904106496
               1 N      2.486484316857    0.335835253651    0.077593978739
               2 N      1.506530298454    1.264311028514    0.128818121378
               3 C      0.285998747728    0.707339836744    0.304613716997
               4 C      0.464507607241   -0.658355835312    0.344469399560
               5 C     -0.847463268533   -1.340258600895    0.059930167691
               6 N     -1.808834911366   -0.213459436546   -0.123040709634
               7 C     -1.128708329970    1.101117172763   -0.000589712358
               8 H      2.436170307985   -1.750771617721    0.117128365472
               9 H      1.749155248467    2.236634457938    0.025885310167
              10 H     -0.771347827658   -1.961588858790   -0.841867647005
              11 H     -1.196162355215   -1.978576472833    0.882009985890
              12 H     -2.261403576778   -0.285138428921   -1.025099326515
              13 H     -1.597173743340    1.687675543998    0.801301727446
              14 H     -1.177730955207    1.691124687810   -0.925957484323
------------------------ !GEOMETRY! -------------------------
    Number of atoms:    15 
    Geometry Index:     5 
    Coordinates:
               0 C      1.869704956519   -0.835508967571    0.171957524148
               1 N      2.498211526413    0.337149856276    0.101522905035
               2 N      1.515159115417    1.266649201583    0.124253703893
               3 C      0.290355793483    0.705504404303    0.248766947738
               4 C      0.468691225189   -0.657319579407    0.290646472282
               5 C     -0.850503895822   -1.343400747684    0.050490874236
               6 N     -1.810459860629   -0.213933867127   -0.123372145097
               7 C     -1.132865293318    1.103188643872   -0.011238174314
               8 H      2.454447311454   -1.747102463080    0.155861229649
               9 H      1.768829166900    2.239611163571    0.072737664029
              10 H     -0.809523027585   -1.979785322836   -0.842531428886
              11 H     -1.175111951724   -1.968920409877    0.891476148345
              12 H     -2.293416914388   -0.289272666105   -1.008056719179
              13 H     -1.574893259743    1.685149732238    0.808013821591
              14 H     -1.218524892166    1.698191021845   -0.930428823471
------------------------ !GEOMETRY! -------------------------
    Number of atoms:    15 
    Geometry Index:     6 
    Coordinates:
               0 C      1.874875315833   -0.835922394042    0.177731681419
               1 N      2.503862533873    0.338730627542    0.130898506301
               2 N      1.520947912560    1.268354805159    0.118816172382
               3 C      0.294718290628    0.703439417756    0.198282968592
               4 C      0.472014390300   -0.656393366336    0.242093553848
               5 C     -0.850580752772   -1.343989024071    0.039453285195
               6 N     -1.812090806625   -0.214152011676   -0.119556369000
               7 C     -1.133390788587    1.102910105701   -0.020001825470
               8 H      2.459238219790   -1.747543648997    0.188575853052
               9 H      1.774988431559    2.243142091941    0.102830933395
              10 H     -0.840112836671   -1.989383397800   -0.848398859019
              11 H     -1.148399305324   -1.959895595378    0.897914045029
              12 H     -2.317104683795   -0.291209536347   -0.992137052559
              13 H     -1.545996075325    1.681711347177    0.817581255803
              14 H     -1.252869845446    1.700400579372   -0.933984148969
------------------------ !GEOMETRY! -------------------------
    Number of atoms:    15 
    Geometry Index:     7 
    Coordinates:
               0 C      1.880872538482   -0.835528020445    0.177789732935
               1 N      2.511575984550    0.338922432339    0.152841998956
               2 N      1.527149947818    1.269872817070    0.125017276777
               3 C      0.298288937798    0.703694822802    0.154369155462
               4 C      0.475438104935   -0.654348577262    0.194743937037
               5 C     -0.851694297584   -1.346437816536    0.033732915023
               6 N     -1.813477865367   -0.214444111407   -0.115896479644
               7 C     -1.136055048803    1.105335650601   -0.030799658137
               8 H      2.467823390595   -1.745245805110    0.206800283643
               9 H      1.785252997737    2.242303544273    0.142225629070
              10 H     -0.871032271846   -2.002653357440   -0.845281543077
              11 H     -1.125686526860   -1.952408073397    0.906096851012
              12 H     -2.337307400377   -0.295346885265   -0.975716871537
              13 H     -1.527939648052    1.684508865656    0.815097301339
              14 H     -1.283108843025    1.701974514120   -0.940920528859
------------------------ !GEOMETRY! -------------------------
    Number of atoms:    15 
    Geometry Index:     8 
    Coordinates:
               0 C      1.880863082866   -0.836285487105    0.192605091474
               1 N      2.510215427074    0.339760729890    0.186152584467
               2 N      1.528963450117    1.270555243748    0.120844584466
               3 C      0.301938610299    0.702660244275    0.112698889977
               4 C      0.478231889975   -0.654402515171    0.155881500533
               5 C     -0.849619490146   -1.345473643014    0.022274712081
               6 N     -1.815259991030   -0.214533496075   -0.107414011101
               7 C     -1.133887867321    1.103770584012   -0.035232691060
               8 H      2.463174128704   -1.748073570837    0.233780787819
               9 H      1.781268304013    2.245669688368    0.143983151097
              10 H     -0.892626280068   -2.002759191878   -0.855892382152
              11 H     -1.098544803024   -1.948348995518    0.905282929817
              12 H     -2.347786774404   -0.294398403983   -0.963114503411
              13 H     -1.497112797112    1.679518533369    0.827303317823
              14 H     -1.309716889941    1.702540279918   -0.939053961830
------------------------ !GEOMETRY! -------------------------
    Number of atoms:    15 
    Geometry Index:     9 
    Coordinates:
               0 C      1.884604849603   -0.835755893202    0.191254171443
               1 N      2.512843847610    0.341068473808    0.208455894630
               2 N      1.530188967159    1.270866299740    0.135413371123
               3 C      0.304964580929    0.701020281650    0.078202339811
               4 C      0.482284223265   -0.656077974318    0.111278376457
               5 C     -0.850397343342   -1.346607061557    0.017905081209
               6 N     -1.816264579033   -0.214135715782   -0.104039506819
               7 C     -1.134253272492    1.104664054240   -0.042620966088
               8 H      2.469319499524   -1.745495231961    0.243635805435
               9 H      1.783350103344    2.244768669372    0.168288809307
              10 H     -0.920771766927   -2.015059612211   -0.849504627004
              11 H     -1.078124571547   -1.938134090678    0.913728987910
              12 H     -2.356945019016   -0.295467247641   -0.953948164655
              13 H     -1.479919705505    1.682516259755    0.824933917879
              14 H     -1.330779813571    1.702028788786   -0.942883490638
------------------------ !GEOMETRY! -------------------------
    Number of atoms:    15 
    Geometry Index:     10 
    Coordinates:
               0 C      1.882818508526   -0.836008050930    0.203520679968
               1 N      2.510943222489    0.339948454014    0.233007396584
               2 N      1.530632335455    1.271107996740    0.135291764715
               3 C      0.307672469934    0.702481915213    0.039693818587
               4 C      0.484498527431   -0.654390501536    0.077631559166
               5 C     -0.849775879570   -1.345826868235    0.012644253095
               6 N     -1.817270360406   -0.214769585053   -0.108774067081
               7 C     -1.134356676021    1.103859581248   -0.042871035274
               8 H      2.465094210782   -1.746670872221    0.266883496431
               9 H      1.783440066327    2.245242341993    0.157157668759
              10 H     -0.941002630047   -2.021837476036   -0.846743815766
              11 H     -1.057909004987   -1.929422267390    0.918406823553
              12 H     -2.349295027493   -0.294513162534   -0.964318138214
              13 H     -1.456609262838    1.665204846161    0.844688659151
              14 H     -1.358780499584    1.715793648565   -0.926119063673
------------------------ !GEOMETRY! -------------------------
    Number of atoms:    15 
    Geometry Index:     11 
    Coordinates:
               0 C      1.881990857280   -0.836316346736    0.197608686893
               1 N      2.509040511532    0.340984595791    0.237161103469
               2 N      1.528615856719    1.271043157417    0.140992992777
               3 C      0.307711980001    0.700961003015    0.028019935322
               4 C      0.484982412899   -0.656108923957    0.059062865532
               5 C     -0.851974976735   -1.344407966522    0.016526618087
               6 N     -1.817758699660   -0.215200004299   -0.130447828803
               7 C     -1.136172984085    1.101776443167   -0.037033198879
               8 H      2.464079389616   -1.746848880822    0.263339684845
               9 H      1.781861731899    2.245553849904    0.152753427271
              10 H     -0.952445335510   -2.043295383221   -0.822717915445
              11 H     -1.056770885984   -1.901899204516    0.939784074183
              12 H     -2.320257302456   -0.291178878630   -1.004299197246
              13 H     -1.450218529412    1.645353471506    0.864645365174
              14 H     -1.372584026103    1.729783067902   -0.905296613181
------------------------ !GEOMETRY! -------------------------
    Number of atoms:    15 
    Geometry Index:     12 
    Coordinates:
               0 C      1.880196931962   -0.836602289291    0.192562934906
               1 N      2.506942375444    0.341061436410    0.234107134462
               2 N      1.526139414141    1.270979874143    0.139406556644
               3 C      0.306473984258    0.700116495321    0.016133216463
               4 C      0.483840625210   -0.657066298846    0.046871728994
               5 C     -0.856937272036   -1.341503201606    0.024935427884
               6 N     -1.818991376691   -0.215919493551   -0.166333466533
               7 C     -1.140298814941    1.097854088837   -0.026022757384
               8 H      2.462450569878   -1.746957595142    0.259761286272
               9 H      1.780625875820    2.245257516256    0.135410576071
              10 H     -0.964617518346   -2.070365312804   -0.786687707142
              11 H     -1.063924923994   -1.863030203693    0.968638705028
              12 H     -2.262837648581   -0.284733528258   -1.072235377005
              13 H     -1.446611948243    1.604825118780    0.899501558136
              14 H     -1.392350273879    1.756283393445   -0.865949816794
------------------------ !GEOMETRY! -------------------------
    Number of atoms:    15 
    Geometry Index:     13 
    Coordinates:
               0 C      1.878585316965   -0.836834138984    0.187036750415
               1 N      2.505337934276    0.340979982958    0.226775250238
               2 N      1.523485332205    1.271029475633    0.136933388512
               3 C      0.304234662678    0.699308635043    0.009734346119
               4 C      0.481764828515   -0.657824747022    0.041497155713
               5 C     -0.863355562170   -1.338051723960    0.033596018974
               6 N     -1.821930093901   -0.216676634737   -0.199186763218
               7 C     -1.145705699591    1.093056403742   -0.014678724212
               8 H      2.461915839885   -1.746635972407    0.254228827709
               9 H      1.780082297815    2.244351847701    0.114257250952
              10 H     -0.975882572430   -2.093909954009   -0.751652498112
              11 H     -1.076204622708   -1.824711600299    0.994155291363
              12 H     -2.193939577408   -0.276265225990   -1.137830188845
              13 H     -1.447719243765    1.562222676708    0.931683316369
              14 H     -1.410568840366    1.780160975624   -0.826449421976
------------------------ !GEOMETRY! -------------------------
    Number of atoms:    15 
    Geometry Index:     14 
    Coordinates:
               0 C      1.877648089001   -0.836820989531    0.181157664501
               1 N      2.505364551515    0.340265183885    0.209503800091
               2 N      1.521513702262    1.270990457231    0.130592900825
               3 C      0.300201292136    0.698958482396    0.017555663366
               4 C      0.477875556041   -0.657645816772    0.053613503695
               5 C     -0.871793786666   -1.334956716057    0.043133704206
               6 N     -1.829987059939   -0.217729207001   -0.221518252676
               7 C     -1.153228120390    1.088513117785   -0.003425399272
               8 H      2.463624626375   -1.745562224707    0.243944417778
               9 H      1.781117221470    2.242369809630    0.087749378690
              10 H     -0.981302929866   -2.108954575605   -0.724527629862
              11 H     -1.098736520242   -1.795841634091    1.012000223359
              12 H     -2.110002465224   -0.265530026633   -1.193099897195
              13 H     -1.461022145907    1.522757383252    0.956491150333
              14 H     -1.421172010566    1.799386756219   -0.793071227838
------------------------ !GEOMETRY! -------------------------
    Number of atoms:    15 
    Geometry Index:     15 
    Coordinates:
               0 C      1.874558231979   -0.837720077217    0.171390314731
               1 N      2.502954106706    0.339761030365    0.195981993505
               2 N      1.520246921995    1.270625643112    0.120294344535
               3 C      0.297988201222    0.700026765474    0.015871239726
               4 C      0.475191833239   -0.657809415367    0.050272671445
               5 C     -0.877654100835   -1.328877251663    0.055636390574
               6 N     -1.822560340124   -0.217889950885   -0.267476972635
               7 C     -1.158294818900    1.082162523698    0.008065426464
               8 H      2.458952678324   -1.747509638408    0.230824311032
               9 H      1.778973878113    2.242763231708    0.081244860303
              10 H     -0.990397397809   -2.131172759615   -0.680409339179
              11 H     -1.115584564239   -1.748984489730    1.041250360374
              12 H     -2.038411163822   -0.260403089045   -1.256401946140
              13 H     -1.469537499348    1.475228611967    0.985110510871
              14 H     -1.436325966500    1.819998865608   -0.751554165607
------------------------ !GEOMETRY! -------------------------
    Number of atoms:    15 
    Geometry Index:     16 
    Coordinates:
               0 C      1.875918485187   -0.837397527205    0.173459721490
               1 N      2.504653190491    0.339519969244    0.197106143284
               2 N      1.522688129174    1.270112355081    0.120054048135
               3 C      0.299385565000    0.701200562504    0.025367592531
               4 C      0.476487098966   -0.657183177413    0.058493092197
               5 C     -0.872545716087   -1.332487882327    0.051040763960
               6 N     -1.822522697662   -0.217892637271   -0.241170416713
               7 C     -1.154421094796    1.087110660125    0.000078106296
               8 H      2.459649637501   -1.747589658050    0.230738526381
               9 H      1.779711815357    2.243398061727    0.101548771889
              10 H     -0.978845355919   -2.116759868870   -0.705687880025
              11 H     -1.107718148816   -1.778052262851    1.026394714059
              12 H     -2.091352028434   -0.268425460122   -1.216542230525
              13 H     -1.471662609166    1.509725236974    0.963049256980
              14 H     -1.419326270798    1.804921628452   -0.783830209938
------------------------ !GEOMETRY! -------------------------
    Number of atoms:    15 
    Geometry Index:     17 
    Coordinates:
               0 C      1.875347334781   -0.837508807398    0.171241369728
               1 N      2.504207140446    0.339271713594    0.193562360581
               2 N      1.521834996195    1.269961633040    0.118012422861
               3 C      0.298445866053    0.701090783412    0.024419560459
               4 C      0.475651298727   -0.657420452964    0.057790088050
               5 C     -0.874921682249   -1.331168162916    0.053000439766
               6 N     -1.825442122380   -0.218308549807   -0.247263248396
               7 C     -1.156392253894    1.085344617643    0.002224126454
               8 H      2.459731228584   -1.747336490093    0.228112785533
               9 H      1.779083148864    2.243060633144    0.099162988199
              10 H     -0.983568505261   -2.122163697922   -0.696408500985
              11 H     -1.111458758968   -1.766479135931    1.032228906794
              12 H     -2.065109976391   -0.265422415466   -1.230525996966
              13 H     -1.472598930356    1.498129447029    0.969464085504
              14 H     -1.424708784151    1.809148884635   -0.774921387581
------------------------ !GEOMETRY! -------------------------
    Number of atoms:    15 
    Geometry Index:     18 
    Coordinates:
               0 C      1.874988274345   -0.837682910685    0.169916695133
               1 N      2.503979820852    0.339138445944    0.191811769247
               2 N      1.521698653868    1.269919156123    0.115837722922
               3 C      0.298269089458    0.701216046973    0.023630419846
               4 C      0.475406064836   -0.657373400284    0.056947558015
               5 C     -0.875508490377   -1.330498811135    0.054471672434
               6 N     -1.824606533238   -0.218342460860   -0.251864660372
               7 C     -1.156803759675    1.084704130786    0.003010471160
               8 H      2.459164020730   -1.747658483597    0.226396864280
               9 H      1.778464722917    2.243266550055    0.101720221838
              10 H     -0.985051176806   -2.124739125916   -0.691239308105
              11 H     -1.112606145453   -1.761189708458    1.035666816754
              12 H     -2.057806675459   -0.265218279496   -1.236796702046
              13 H     -1.473143947072    1.493677641671    0.971875417936
              14 H     -1.426343918926    1.810981208878   -0.771284959042
------------------------ !GEOMETRY! -------------------------
    Number of atoms:    15 
    Geometry Index:     19 
    Coordinates:
               0 C      1.874934656359   -0.837725444205    0.169542491879
               1 N      2.503958859075    0.339095745474    0.191467813999
               2 N      1.521699467475    1.269887672789    0.115125926695
               3 C      0.298284781422    0.701205824184    0.023334546812
               4 C      0.475386793158   -0.657351313052    0.056505951446
               5 C     -0.875506297395   -1.330427775255    0.054711118443
               6 N     -1.824464991629   -0.218361660293   -0.252154173328
               7 C     -1.156742372634    1.084690048611    0.002813249148
               8 H      2.459011888292   -1.747770241189    0.225891202867
               9 H      1.778149773540    2.243385815981    0.103980242079
              10 H     -0.985381071795   -2.125129074614   -0.690445449952
              11 H     -1.112281441458   -1.760465918648    1.036307634301
              12 H     -2.057539647636   -0.265468828709   -1.237139028479
              13 H     -1.473055423077    1.493728907723    0.971683127709
              14 H     -1.426354973696    1.810906241205   -0.771524653618
