    33
     1   -2.710709   -3.752533    1.255050      1
     2   -2.678712   -3.110698   -1.965685      1
     3   -2.217085   -2.359413   -0.132437      1
     4    2.736769   -2.646279    0.045103      1
     5    0.503025   -1.526690   -0.030122      1
     6   -4.058541    0.109202    2.129002      1
     7   -3.637721    0.025454    0.316453      1
     8    6.179419   -1.018593    0.114512      1
     9    4.370056   -0.676277    0.008313      1
    10    0.661341    1.129168   -0.112152      1
    11    3.212239    1.635999   -0.089928      1
    12   -1.967546    2.214744   -0.284568      1
    13   -2.339477    3.737828    1.002800      1
    14   -2.366856    2.883055   -2.164662      1
    15    4.281962    3.327442   -0.126053      1
    16   -2.533004   -3.242253    0.756608      2
    17   -2.508090   -2.835199   -1.304607      2
    18   -0.874087   -1.997222   -0.076526      2
    19    1.256633   -1.893905   -0.006237      2
    20   -2.781376   -1.362788    0.064043      2
    21    3.502588   -1.698617    0.028083      2
    22   -3.947032    0.088745    1.697433      2
    23    5.789298   -0.942817    0.091684      2
    24   -1.338833   -0.103408    0.022227      3
    25    2.318317   -0.386784   -0.040052      3
    26    0.577245   -0.187530   -0.073574      2
    27   -2.638826    1.291893   -0.022911      2
    28    3.610249    0.869835   -0.053691      2
    29    1.879570    1.422258   -0.107242      2
    30   -0.661068    1.722695   -0.196762      2
    31   -2.205033    3.179107    0.538537      2
    32   -2.218608    2.637581   -1.485070      2
    33    3.907406    2.721219   -0.112789      2
