-------------------------------------------------------------
----------------------- !PROPERTIES! ------------------------
-------------------------------------------------------------
# -----------------------------------------------------------
$ PAL_Flags
   description: The PAL Flags
   geom. index: 1
   prop. index: 1
        Diskflag:     2
# -----------------------------------------------------------
$ SCF_Energy
   description: The SCF energy
   geom. index: 1
   prop. index: 1
        SCF Energy:     -359.0589665803
# -----------------------------------------------------------
$ DFT_Energy
   description: The DFT energy
   geom. index: 1
   prop. index: 1
   Number of Alpha Electrons                 29.0000359227 
   Number of Beta  Electrons                 29.0000359227 
   Total number of  Electrons                58.0000718454 
   Exchange energy                          -32.6048068196 
   Correlation energy                        -2.4332041752 
   Correlation energy NL                      0.0000000000 
   Exchange-Correlation energy              -35.0380109948 
   Embedding correction                       0.0000000000 
   Total DFT Energy (No VdW correction)    -359.0589665803 
# -----------------------------------------------------------
$ Mayer_Pop
   description: The Mayer population analysis
   geom. index: 1
   prop. index: 1
     Number of atoms                     : 15
     Threshold for printing              : 0.1000000
     Number of bond orders printed       : 23
  NA   - Mulliken gross atomic population
  ZA   - Total nuclear charge
  QA   - Mulliken gross atomic charge
  VA   - Mayer's total valence
  BVA  - Mayer's bonded valence
  FA   - Mayer's free valence
  ATOM       NA         ZA         QA         VA         BVA        FA
  0   0     6.1782     6.0000    -0.1782     3.9157     3.9157    -0.0000
  1   0     7.1170     7.0000    -0.1170     3.3523     3.3523    -0.0000
  2   0     7.2565     7.0000    -0.2565     3.0005     3.0005     0.0000
  3   0     5.9969     6.0000     0.0031     3.8089     3.8089     0.0000
  4   0     5.6934     6.0000     0.3066     3.3832     3.3832    -0.0000
  5   0     6.5072     6.0000    -0.5072     3.9070     3.9070     0.0000
  6   0     7.3377     7.0000    -0.3377     2.4844     2.4844     0.0000
  7   0     6.3769     6.0000    -0.3769     3.8038     3.8038     0.0000
  8   0     0.8413     1.0000     0.1587     0.9427     0.9427    -0.0000
  9   0     0.6468     1.0000     0.3532     0.8337     0.8337    -0.0000
 10   0     0.8284     1.0000     0.1716     0.8888     0.8888     0.0000
 11   0     0.8437     1.0000     0.1563     0.9069     0.9069     0.0000
 12   0     0.7170     1.0000     0.2830     0.8876     0.8876    -0.0000
 13   0     0.8360     1.0000     0.1640     0.9242     0.9242     0.0000
 14   0     0.8230     1.0000     0.1770     0.8970     0.8970     0.0000
      Bond orders larger than 0.1000000
           Atom A     A.N. of A          Atom B    A.N. of B              Bond order
                0             6               1            7                1.251224
                0             6               4            6                1.412050
                0             6               5            6                0.180219
                0             6               8            1                0.959161
                1             7               2            7                1.314578
                1             7               3            6                0.178651
                1             7               4            6               -0.190817
                1             7               9            1                0.792381
                2             7               3            6                1.487008
                3             6               4            6                1.244257
                3             6               5            6                0.245617
                3             6               6            7               -0.224303
                3             6               7            6                0.881939
                4             6               5            6                0.717261
                4             6               6            7                0.145586
                4             6               7            6                0.116313
                5             6               6            7                0.772389
                5             6              10            1                0.986066
                5             6              11            1                1.002431
                6             7               7            6                0.984904
                6             7              12            1                0.912032
                7             6              13            1                0.995844
                7             6              14            1                0.948790
# -----------------------------------------------------------
$ VdW_Correction
   description: The Van der Waals Correction
   geom. index: 1
   prop. index: 1
        Van der Waals Correction:       -0.0272109440
# -----------------------------------------------------------
$ Hessian
   description: Details about the Hessian
   geom. index: 1
   prop. index: 1
Normal modes:
Number of Rows: 45 Number of Columns: 45
                  0          1          2          3          4          5    
      0       0.000000   0.000000   0.000000   0.000000   0.000000   0.000000
      1       0.000000   0.000000   0.000000   0.000000   0.000000   0.000000
      2       0.000000   0.000000   0.000000   0.000000   0.000000   0.000000
      3       0.000000   0.000000   0.000000   0.000000   0.000000   0.000000
      4       0.000000   0.000000   0.000000   0.000000   0.000000   0.000000
      5       0.000000   0.000000   0.000000   0.000000   0.000000   0.000000
      6       0.000000   0.000000   0.000000   0.000000   0.000000   0.000000
      7       0.000000   0.000000   0.000000   0.000000   0.000000   0.000000
      8       0.000000   0.000000   0.000000   0.000000   0.000000   0.000000
      9       0.000000   0.000000   0.000000   0.000000   0.000000   0.000000
     10       0.000000   0.000000   0.000000   0.000000   0.000000   0.000000
     11       0.000000   0.000000   0.000000   0.000000   0.000000   0.000000
     12       0.000000   0.000000   0.000000   0.000000   0.000000   0.000000
     13       0.000000   0.000000   0.000000   0.000000   0.000000   0.000000
     14       0.000000   0.000000   0.000000   0.000000   0.000000   0.000000
     15       0.000000   0.000000   0.000000   0.000000   0.000000   0.000000
     16       0.000000   0.000000   0.000000   0.000000   0.000000   0.000000
     17       0.000000   0.000000   0.000000   0.000000   0.000000   0.000000
     18       0.000000   0.000000   0.000000   0.000000   0.000000   0.000000
     19       0.000000   0.000000   0.000000   0.000000   0.000000   0.000000
     20       0.000000   0.000000   0.000000   0.000000   0.000000   0.000000
     21       0.000000   0.000000   0.000000   0.000000   0.000000   0.000000
     22       0.000000   0.000000   0.000000   0.000000   0.000000   0.000000
     23       0.000000   0.000000   0.000000   0.000000   0.000000   0.000000
     24       0.000000   0.000000   0.000000   0.000000   0.000000   0.000000
     25       0.000000   0.000000   0.000000   0.000000   0.000000   0.000000
     26       0.000000   0.000000   0.000000   0.000000   0.000000   0.000000
     27       0.000000   0.000000   0.000000   0.000000   0.000000   0.000000
     28       0.000000   0.000000   0.000000   0.000000   0.000000   0.000000
     29       0.000000   0.000000   0.000000   0.000000   0.000000   0.000000
     30       0.000000   0.000000   0.000000   0.000000   0.000000   0.000000
     31       0.000000   0.000000   0.000000   0.000000   0.000000   0.000000
     32       0.000000   0.000000   0.000000   0.000000   0.000000   0.000000
     33       0.000000   0.000000   0.000000   0.000000   0.000000   0.000000
     34       0.000000   0.000000   0.000000   0.000000   0.000000   0.000000
     35       0.000000   0.000000   0.000000   0.000000   0.000000   0.000000
     36       0.000000   0.000000   0.000000   0.000000   0.000000   0.000000
     37       0.000000   0.000000   0.000000   0.000000   0.000000   0.000000
     38       0.000000   0.000000   0.000000   0.000000   0.000000   0.000000
     39       0.000000   0.000000   0.000000   0.000000   0.000000   0.000000
     40       0.000000   0.000000   0.000000   0.000000   0.000000   0.000000
     41       0.000000   0.000000   0.000000   0.000000   0.000000   0.000000
     42       0.000000   0.000000   0.000000   0.000000   0.000000   0.000000
     43       0.000000   0.000000   0.000000   0.000000   0.000000   0.000000
     44       0.000000   0.000000   0.000000   0.000000   0.000000   0.000000
                  6          7          8          9         10         11    
      0      -0.005007  -0.022295   0.084572   0.177429   0.136740   0.119950
      1       0.001800  -0.006208   0.000488  -0.022846  -0.005195  -0.049973
      2       0.033756   0.194023  -0.017227  -0.066267  -0.264112   0.131764
      3      -0.003423   0.000817   0.123564  -0.032128  -0.034239   0.192293
      4      -0.000687  -0.035276  -0.029080  -0.141017   0.025834  -0.033877
      5       0.031774  -0.007773  -0.219124   0.018841   0.361945  -0.012030
      6      -0.003913   0.029496   0.055950  -0.207558   0.143154   0.121531
      7      -0.000523  -0.031129  -0.006844   0.034199  -0.030486  -0.015536
      8       0.012381  -0.196460   0.020088   0.073042  -0.227808  -0.007830
      9       0.006935   0.000659   0.002020  -0.023598   0.015999   0.074557
     10      -0.000743   0.007465   0.026277   0.211726  -0.012941   0.061503
     11      -0.006792  -0.083625   0.288174  -0.052846  -0.043985   0.062450
     12       0.007409   0.000592   0.000457   0.060292  -0.000908   0.095116
     13       0.000837   0.016307   0.020986   0.214025  -0.028803   0.042207
     14       0.002670   0.108886   0.315783  -0.003302   0.142000  -0.327561
     15      -0.030867  -0.050985  -0.087920  -0.124651  -0.064948  -0.124706
     16       0.003132   0.018727   0.010124  -0.005795  -0.015971  -0.146496
     17      -0.145470  -0.157795  -0.046926  -0.006418   0.036952  -0.026744
     18       0.046909  -0.007587  -0.099988   0.004758  -0.135484  -0.382670
     19       0.004650   0.006139  -0.006355  -0.158710   0.022489   0.004171
     20       0.222652  -0.017051  -0.109956   0.011858   0.025355   0.065671
     21      -0.025924   0.048752  -0.072491   0.145095  -0.060700  -0.081876
     22      -0.007232   0.023992  -0.003513  -0.022593   0.034803   0.159510
     23      -0.129570   0.171820  -0.065191   0.012341  -0.003864   0.029500
     24      -0.009462  -0.033861   0.211027   0.463173   0.283467   0.092674
     25       0.001573  -0.031160  -0.003199  -0.114358   0.034634  -0.102328
     26       0.042596   0.319139  -0.236248  -0.195977  -0.712103   0.430754
     27      -0.010473   0.011705   0.145194  -0.062804   0.089677   0.179523
     28      -0.001341  -0.065678  -0.040251  -0.263923  -0.006196  -0.039342
     29       0.050688  -0.050402  -0.294711   0.066685  -0.003101   0.044364
     30      -0.078388   0.013344   0.081401  -0.251508   0.024351  -0.275350
     31      -0.248695  -0.186347  -0.128797  -0.099398  -0.062734   0.019840
     32      -0.331879  -0.352061  -0.231316  -0.024640  -0.038964   0.185675
     33      -0.085430  -0.197383  -0.348811  -0.261561  -0.151715   0.077984
     34       0.268547   0.234889   0.147861   0.034554   0.041930  -0.304936
     35      -0.314946  -0.280989  -0.107942  -0.018654   0.007534   0.048295
     36       0.346989  -0.020426  -0.104798   0.002006  -0.036551  -0.030442
     37      -0.008366   0.099959  -0.014154  -0.193742   0.000771   0.016657
     38       0.355783  -0.029458  -0.110907   0.012676   0.077049   0.242290
     39      -0.105176   0.221513  -0.340066   0.352518  -0.057060  -0.119093
     40      -0.252956   0.247691  -0.112821   0.018746   0.055884   0.099289
     41      -0.269457   0.294931  -0.122282   0.031972   0.008605  -0.008337
     42      -0.042500  -0.033302   0.125143   0.227679  -0.094963   0.041910
     43       0.219730  -0.180223   0.091107  -0.154763   0.022757   0.144100
     44      -0.316108   0.393740  -0.258214   0.074467   0.029592  -0.023539
                 12         13         14         15         16         17    
      0      -0.032649  -0.185784   0.038358  -0.016645  -0.043910  -0.008798
      1      -0.008855  -0.173878  -0.008465   0.042610   0.038490  -0.024753
      2       0.022439  -0.007427  -0.165243  -0.011378  -0.019405   0.007929
      3      -0.108075   0.006426   0.007100  -0.094287  -0.100509   0.015861
      4      -0.001079  -0.069884  -0.013973   0.009153   0.006871  -0.002914
      5       0.116470   0.008482   0.011148   0.032266  -0.059265   0.014856
      6      -0.025819   0.118139   0.006031  -0.027789  -0.036746  -0.008091
      7      -0.051222  -0.186562  -0.007950  -0.034906  -0.040533   0.026959
      8      -0.278888   0.053766   0.003441   0.039979  -0.045381   0.005948
      9      -0.058202   0.174307   0.007785   0.026011   0.033526  -0.019365
     10       0.125934  -0.026466   0.001935   0.005789   0.024041  -0.004179
     11       0.450498   0.033701   0.011966   0.002140   0.069773   0.012141
     12      -0.002054  -0.198956  -0.006985   0.022170   0.018598  -0.014752
     13       0.076890   0.005729   0.003306  -0.012510  -0.030563   0.004457
     14      -0.231790  -0.046695   0.039750   0.026115   0.056679   0.004617
     15       0.047169  -0.233472  -0.023679   0.041543   0.085457   0.096979
     16       0.045553   0.214568   0.026059  -0.079836  -0.114530   0.208355
     17      -0.056303   0.044067   0.015391  -0.007608  -0.015057  -0.034646
     18       0.157650   0.028208  -0.005432  -0.037655  -0.082979  -0.196118
     19      -0.058573   0.063146   0.001460   0.002655   0.008407   0.011081
     20      -0.034295  -0.004915  -0.002557  -0.006060  -0.006839  -0.023394
     21       0.022298   0.262550   0.016529   0.061847   0.108296   0.065454
     22      -0.089090   0.155434   0.003472   0.076964   0.105301  -0.216240
     23       0.073761  -0.057407   0.001407  -0.023749  -0.018644  -0.023969
     24      -0.049270  -0.056206  -0.356812  -0.070168  -0.009317  -0.052029
     25      -0.037330  -0.162417  -0.082218   0.020403   0.048241  -0.007391
     26       0.180081  -0.300298   0.879497   0.179427  -0.136551   0.010575
     27      -0.009848   0.048418  -0.049376   0.205199  -0.343528   0.062573
     28      -0.053507   0.131364   0.003810  -0.063121   0.087731  -0.026063
     29      -0.208363  -0.041495   0.185380  -0.897879   0.676476  -0.132672
     30      -0.131025  -0.299604   0.012972   0.113595   0.209502   0.144207
     31       0.122951   0.242150  -0.029554  -0.068039  -0.054567   0.312084
     32       0.084769   0.092232  -0.045896  -0.028025  -0.014287   0.042516
     33       0.141983  -0.178814  -0.097730   0.047322   0.111032   0.161547
     34      -0.074884   0.185741   0.087709  -0.069424  -0.149215   0.083496
     35       0.014730   0.064245  -0.012359  -0.017757  -0.001122   0.033181
     36      -0.011694  -0.022896  -0.026754   0.106277   0.323955   0.603094
     37       0.016564  -0.101637  -0.017093  -0.012168  -0.012581  -0.038891
     38      -0.124868  -0.017400  -0.010631   0.063852   0.189427   0.374973
     39      -0.337721   0.218356   0.001846   0.096459   0.128901   0.174787
     40      -0.296052   0.125825  -0.001433   0.079495   0.124314  -0.091258
     41      -0.035109  -0.080756  -0.000965  -0.026220  -0.013571   0.040057
     42       0.346740   0.328805   0.027457   0.113173   0.233224   0.098943
     43       0.070426   0.175187   0.009657   0.040403   0.036052  -0.334497
     44      -0.259205  -0.110921  -0.009638  -0.020544  -0.025159   0.071632
                 18         19         20         21         22         23    
      0      -0.004819  -0.104529  -0.000978   0.008649  -0.023161  -0.020911
      1       0.009466  -0.165266  -0.007679   0.001881  -0.156607  -0.144914
      2       0.007308  -0.015232  -0.013500  -0.007601  -0.002382  -0.006048
      3      -0.031349   0.200871   0.007330   0.004496  -0.057783  -0.051199
      4       0.002574  -0.039888  -0.031799  -0.001828   0.021517   0.043994
      5      -0.012148   0.069920   0.007778   0.000671  -0.006061  -0.008718
      6      -0.006094  -0.104253  -0.008730   0.003397   0.059239   0.063771
      7      -0.005044   0.172416   0.062390   0.001198   0.144358   0.095511
      8       0.000668  -0.048705   0.001937  -0.005695   0.002458   0.010426
      9       0.016449  -0.065676   0.011162  -0.009597  -0.005176  -0.040281
     10       0.000037   0.065220  -0.003246   0.021757   0.042787   0.003533
     11      -0.033331   0.023632  -0.071605   0.055420   0.021636  -0.028647
     12       0.017286  -0.050518  -0.032096  -0.012687  -0.085297  -0.045630
     13      -0.009583  -0.040883  -0.003633  -0.019281   0.005299  -0.032301
     14      -0.026507   0.015064   0.073890   0.049761  -0.017128   0.045409
     15       0.072806   0.062579  -0.054785  -0.010409  -0.014790   0.138331
     16       0.033500  -0.068683  -0.037313  -0.002805  -0.124951   0.142799
     17       0.051058   0.027925  -0.111801  -0.103354   0.049280  -0.069672
     18      -0.094940  -0.001396   0.004400  -0.009000   0.015780  -0.014566
     19       0.009267  -0.011114   0.032608   0.019395   0.135254  -0.278319
     20       0.027688  -0.008140  -0.007271   0.091026  -0.016328   0.013162
     21       0.071346   0.046068   0.063759   0.004399   0.036172  -0.085866
     22      -0.041798   0.077178  -0.021804  -0.021332  -0.082379   0.201324
     23       0.059640  -0.018864   0.119002  -0.101057  -0.036207   0.035968
     24       0.026210  -0.714111   0.009265  -0.012222   0.631961   0.453278
     25       0.008881   0.148276  -0.023873   0.001910  -0.510464  -0.409061
     26      -0.049635  -0.272503   0.032416   0.031589   0.235708   0.182179
     27      -0.044306   0.230745   0.005553  -0.000460  -0.031349  -0.021288
     28       0.007833  -0.181340  -0.106409  -0.010061   0.169010   0.248584
     29       0.023246  -0.048352  -0.011550   0.010468  -0.046729  -0.037468
     30       0.132517   0.163613  -0.032163  -0.026558   0.138359   0.057189
     31      -0.232992  -0.194949   0.359861   0.254117  -0.217137   0.172319
     32      -0.193692  -0.116418   0.203786   0.110949  -0.099292   0.005872
     33       0.083696   0.012512   0.217827   0.427744  -0.012219   0.283237
     34       0.343587   0.063229  -0.434905  -0.234159   0.051471   0.005399
     35      -0.148939  -0.057530   0.115820   0.000136  -0.066955  -0.003422
     36      -0.614642   0.007746   0.067615  -0.551801   0.076868  -0.050301
     37       0.041213  -0.047324   0.239004   0.060822   0.171124  -0.370609
     38      -0.200974  -0.000855   0.007055  -0.167797   0.009228   0.002444
     39       0.020844   0.153570  -0.286002   0.474782   0.084894  -0.116122
     40      -0.378013   0.069619  -0.392179   0.128071   0.030394   0.074090
     41      -0.126802  -0.030327  -0.087475  -0.020465   0.024499  -0.032906
     42       0.173042   0.158191   0.130376  -0.062020  -0.028793   0.069403
     43       0.214885   0.033389   0.358188  -0.225775  -0.115255   0.177290
     44      -0.221523  -0.043257  -0.246185   0.113019   0.039385  -0.049393
                 24         25         26         27         28         29    
      0       0.096125   0.059794   0.008576   0.049802  -0.037927   0.045076
      1       0.100834  -0.027198  -0.011375  -0.009689   0.119792  -0.095846
      2       0.037548   0.016205   0.005826   0.007482  -0.017637   0.015922
      3      -0.069925   0.037832   0.002165   0.061293   0.115378  -0.049573
      4      -0.060432   0.097267   0.020365   0.089611   0.002996   0.044411
      5      -0.013247   0.005093  -0.002729   0.011507   0.031834  -0.014314
      6       0.000722  -0.078507  -0.020624  -0.102446  -0.085499  -0.070764
      7       0.215772  -0.033608   0.000854  -0.052122  -0.044541   0.037688
      8      -0.034596  -0.020109  -0.003460  -0.019915  -0.019551  -0.023298
      9      -0.033088  -0.084886  -0.003470  -0.056022   0.020147   0.071119
     10      -0.186181  -0.053021  -0.012084  -0.040715  -0.026023  -0.013702
     11       0.064605   0.033981  -0.023598  -0.031515   0.017960   0.024160
     12       0.023287   0.031468   0.018365   0.005763  -0.103574   0.090462
     13      -0.207649  -0.077931  -0.020828  -0.051508   0.001930  -0.009369
     14      -0.048597  -0.016705  -0.030043   0.032746  -0.025824   0.008890
     15      -0.090859  -0.022893  -0.017860  -0.019924  -0.055969  -0.030249
     16       0.075799   0.019247   0.014553  -0.005334  -0.011779   0.012470
     17       0.035339  -0.008558  -0.017397   0.008892   0.026392  -0.010040
     18       0.003196   0.003343   0.008318   0.005725   0.004838  -0.026454
     19       0.017980   0.007774   0.004423   0.042566  -0.035266  -0.009195
     20      -0.002422  -0.024955   0.070190  -0.004836  -0.007835   0.023090
     21       0.091954   0.032867  -0.004965   0.025354   0.043604   0.117291
     22       0.064113   0.032290  -0.003380   0.003370   0.002587  -0.038738
     23      -0.038769   0.023192  -0.011636  -0.004038  -0.007156  -0.037646
     24       0.166074   0.135169   0.030149   0.148006   0.416932  -0.213900
     25       0.070241  -0.067164  -0.019339  -0.061894  -0.090825   0.022762
     26       0.062631   0.050166  -0.004525   0.067818   0.133695  -0.072084
     27      -0.168558   0.069888   0.008947   0.103845   0.110551  -0.022103
     28      -0.745520   0.301578   0.062837   0.345859  -0.145607   0.294408
     29       0.005117  -0.010367  -0.007940  -0.004667   0.041353  -0.044920
     30      -0.236499   0.068586   0.537522  -0.439922   0.583413   0.017525
     31       0.010069   0.104812   0.242262  -0.135708   0.074797   0.088798
     32       0.043290   0.018708  -0.086920   0.091434  -0.186872   0.027713
     33      -0.054425  -0.403938  -0.460525   0.359248   0.385675   0.012119
     34       0.150667  -0.107540  -0.170281   0.114747   0.096493   0.008433
     35      -0.008894   0.116010   0.145209  -0.103219  -0.094616  -0.005755
     36      -0.010424   0.080803  -0.173451   0.015691   0.042987  -0.146095
     37      -0.227046   0.059131   0.021133  -0.077297  -0.128384  -0.124956
     38       0.009076   0.009910  -0.027235   0.008416   0.015824  -0.020256
     39       0.022082   0.601601  -0.238465  -0.266433  -0.138160  -0.513984
     40       0.159258  -0.302311   0.152479   0.151701   0.080252   0.233139
     41       0.008876  -0.167790   0.072192   0.072292   0.034924   0.116289
     42       0.157298  -0.228158   0.429054   0.512611  -0.290459  -0.593396
     43      -0.001985   0.289241  -0.250828  -0.212089   0.149845   0.194339
     44      -0.018918  -0.034539  -0.064429  -0.109697   0.068545   0.185492
                 30         31         32         33         34         35    
      0       0.133458  -0.048755   0.022871  -0.033140   0.005608   0.049286
      1      -0.055384  -0.055272  -0.002881   0.009809   0.007079  -0.114484
      2       0.043779  -0.014020   0.008055  -0.010128   0.001149   0.008902
      3      -0.071583  -0.032248  -0.000455   0.002219   0.009852  -0.005820
      4       0.007177   0.015879   0.017346  -0.027348   0.003771   0.220939
      5      -0.025831  -0.003163  -0.002347   0.003616   0.001235  -0.018692
      6       0.091800  -0.125936   0.005417   0.000601   0.018257  -0.021571
      7      -0.014898   0.072008  -0.008687   0.009935  -0.013318  -0.075277
      8       0.028777  -0.044646   0.001680  -0.001155   0.006754   0.011637
      9      -0.126038   0.285849  -0.019778   0.013633  -0.050408   0.055844
     10       0.069266  -0.083279   0.002507  -0.004741   0.016735   0.037032
     11      -0.019686   0.024778  -0.002209  -0.001753  -0.001887  -0.013858
     12       0.010261   0.131216  -0.022147   0.027225  -0.026149  -0.042097
     13      -0.031881   0.015516  -0.014724   0.017382  -0.005605   0.015407
     14      -0.020044   0.013668  -0.002680   0.005983   0.000930   0.010443
     15      -0.152940  -0.121499   0.006338   0.013536   0.031158   0.013605
     16      -0.010925   0.003533  -0.017262  -0.058173  -0.069079  -0.013640
     17       0.046118   0.047466   0.024710  -0.027317  -0.012699  -0.016094
     18       0.033725   0.014547  -0.006816   0.003232  -0.000927   0.002555
     19      -0.003901  -0.030547  -0.081718   0.044616  -0.001160   0.017578
     20      -0.030640  -0.024334   0.005189  -0.002578   0.002170  -0.001467
     21      -0.010246  -0.169019   0.011822  -0.042870   0.046799  -0.027009
     22       0.005908   0.034145  -0.027108  -0.054315   0.054893  -0.018968
     23       0.020932   0.032989  -0.028709   0.036100  -0.016416   0.019895
     24      -0.363146  -0.039110  -0.011982   0.025489   0.015388  -0.068259
     25       0.193066  -0.071959   0.015030  -0.019373   0.003243  -0.078864
     26      -0.103932  -0.027750   0.001414  -0.000547   0.005442  -0.019156
     27      -0.060116  -0.030753  -0.013020   0.019299   0.004732  -0.181576
     28       0.165140   0.107309  -0.069126   0.084946  -0.048782  -0.911989
     29      -0.017486  -0.033514   0.002922  -0.001931   0.008635   0.024065
     30       0.507905   0.191095  -0.014168   0.014929  -0.011300  -0.000452
     31       0.100240   0.213395   0.168455   0.332729   0.388383   0.014504
     32      -0.157853   0.073512   0.173815   0.273671   0.358532   0.011916
     33       0.525278   0.288891  -0.041095  -0.120290  -0.164002  -0.001104
     34       0.170174   0.317525   0.276721   0.278478   0.408970  -0.013224
     35      -0.136813  -0.178874  -0.139591  -0.216197  -0.278002  -0.014883
     36       0.168166   0.144435   0.047050  -0.035675  -0.022036  -0.008687
     37      -0.151856   0.297769   0.744960  -0.549602  -0.000030  -0.194413
     38       0.037864   0.008734  -0.030158   0.022766  -0.008859   0.008634
     39       0.098062   0.299875   0.048824   0.205830  -0.209266   0.015178
     40      -0.064815  -0.352386   0.368588   0.266146  -0.348719   0.008401
     41      -0.020423  -0.167396   0.169247   0.202397  -0.224693   0.036888
     42       0.108074   0.214562   0.020799   0.063886  -0.074731  -0.001349
     43       0.023796  -0.291357   0.219189   0.301532  -0.302208   0.035073
     44      -0.063714   0.078053  -0.230559  -0.312903   0.342425  -0.039709
                 36         37         38         39         40         41    
      0      -0.337222   0.144286   0.000404   0.000055   0.000217   0.000037
      1      -0.033683  -0.087555  -0.000355   0.000072   0.000266  -0.000062
      2      -0.085042   0.027577  -0.000269  -0.000154   0.000315  -0.000044
      3       0.048542  -0.027220  -0.000233  -0.000383  -0.000027   0.000039
      4       0.064066   0.022537   0.000445  -0.000166  -0.000115   0.000039
      5       0.014051   0.003915  -0.000131  -0.000161  -0.000038  -0.000002
      6       0.092476   0.015340  -0.000210   0.000318   0.000025   0.000036
      7      -0.036221   0.047774  -0.000161  -0.000164   0.000109  -0.000170
      8       0.017674  -0.017364  -0.000081  -0.000137  -0.000144   0.000254
      9      -0.264727  -0.119097   0.000167   0.001274   0.000170  -0.001279
     10      -0.059948  -0.575490  -0.000368   0.000742  -0.000294  -0.000567
     11      -0.003650   0.056711   0.000120  -0.000168  -0.000275  -0.000746
     12       0.455069  -0.137113   0.000766   0.000306  -0.001168   0.000063
     13       0.105159   0.577941  -0.001187   0.000146   0.000633   0.000201
     14       0.040996  -0.012261  -0.000155  -0.000007  -0.000482  -0.000341
     15      -0.132534   0.064544  -0.008601  -0.000151  -0.027085  -0.001266
     16       0.018860  -0.077611   0.061345   0.006146   0.020952   0.002153
     17       0.027961  -0.021196   0.031472   0.004804  -0.086871  -0.003897
     18      -0.007476  -0.016680   0.002311   0.002681  -0.000080  -0.000487
     19      -0.012445   0.002488  -0.000011  -0.000363   0.001122  -0.000751
     20       0.000854   0.011464  -0.001779  -0.002002   0.003081   0.003699
     21       0.085339   0.060887   0.002554  -0.020452   0.000810  -0.028170
     22       0.005240   0.064094   0.005585  -0.058977  -0.000970  -0.017898
     23      -0.021069  -0.026094  -0.001894   0.028894   0.004195  -0.088175
     24       0.266051  -0.296591  -0.000423   0.000143   0.000635  -0.000041
     25      -0.382317   0.141995   0.003531   0.001225   0.000825  -0.000149
     26       0.032188  -0.093864   0.001660   0.000316  -0.000924  -0.000506
     27      -0.032745  -0.048807  -0.003098  -0.003693  -0.000333  -0.000019
     28      -0.484930   0.063837   0.000936  -0.000087   0.000162  -0.000117
     29       0.044918   0.012239  -0.000904  -0.001002  -0.000741  -0.000779
     30       0.066474   0.194203   0.156335   0.009067   0.288169   0.014707
     31       0.026987  -0.029075  -0.274375  -0.016614  -0.519096  -0.026648
     32      -0.042785  -0.045167   0.371437   0.023013   0.641342   0.033012
     33       0.226423   0.140310  -0.082207  -0.009365   0.036135   0.000299
     34       0.015764  -0.063149  -0.446714  -0.050485   0.256775   0.005424
     35      -0.000994  -0.053294  -0.735082  -0.079996   0.395762   0.007492
     36       0.003398  -0.056477  -0.014609  -0.017777   0.010174   0.013479
     37       0.137433   0.009510   0.008696  -0.002935  -0.004770   0.000678
     38      -0.003480  -0.002917   0.020653   0.024466  -0.029157  -0.035615
     39      -0.073187   0.141861   0.000939  -0.011551  -0.000251  -0.002985
     40       0.034300   0.041227  -0.033843   0.382745   0.020863  -0.264190
     41      -0.014258  -0.051782   0.067954  -0.729384  -0.038209   0.475367
     42       0.000452   0.161436  -0.026772   0.222829  -0.011004   0.345074
     43       0.014237  -0.000805  -0.036793   0.313841  -0.015575   0.489959
     44       0.017901  -0.032381  -0.046888   0.396930  -0.017931   0.576719
                 42         43         44    
      0       0.000025   0.035168   0.007228
      1      -0.000001   0.078128   0.022094
      2       0.000030   0.017987   0.003800
      3       0.000102  -0.015168   0.070222
      4      -0.000006  -0.000529  -0.011471
      5       0.000104  -0.005329   0.023634
      6       0.000025  -0.000991  -0.000272
      7       0.000037  -0.001300  -0.001368
      8       0.000002  -0.000006  -0.000098
      9       0.000404   0.000692  -0.002372
     10      -0.000316  -0.001299   0.001235
     11      -0.000050   0.000435  -0.000923
     12       0.000467  -0.004749  -0.003107
     13       0.000218  -0.000292  -0.001357
     14      -0.000083  -0.001353  -0.000894
     15       0.002694   0.000274   0.000337
     16       0.002234   0.000434  -0.000200
     17       0.004606   0.000131   0.000147
     18      -0.034253   0.000156   0.000038
     19       0.005015   0.000015   0.000057
     20       0.063435  -0.000051  -0.000115
     21       0.002381  -0.000140   0.000179
     22      -0.002316  -0.000010   0.000317
     23       0.004889   0.000067   0.000047
     24      -0.000518  -0.376886  -0.085061
     25      -0.000725  -0.867502  -0.207211
     26      -0.000152  -0.203353  -0.047685
     27      -0.001664   0.223651  -0.912317
     28       0.000249  -0.022139   0.121247
     29      -0.000295   0.074565  -0.307111
     30      -0.008262   0.001577  -0.000133
     31       0.006373  -0.001738   0.000742
     32      -0.010406   0.001124  -0.000862
     33       0.000297   0.000575  -0.000099
     34      -0.018385  -0.001797   0.000964
     35      -0.035318  -0.002863   0.001702
     36       0.419481   0.000071  -0.000431
     37      -0.066027   0.000323   0.000236
     38      -0.900352   0.000538   0.001679
     39       0.002930   0.000418  -0.000806
     40       0.016469   0.000641  -0.000827
     41      -0.037904  -0.001151   0.001964
     42      -0.009199   0.000657  -0.000674
     43      -0.005927   0.000390  -0.000732
     44      -0.010437   0.000244  -0.001074
# -----------------------------------------------------------
$ THERMOCHEMISTRY_Energies
   description: The Thermochemistry energies
   geom. index: 1
   prop. index: 1
        Temperature (Kelvin)           :        298.1500000000
        Pressure (atm)                 :          1.0000000000
        Total Mass (AMU)               :        109.1320000000
        Spin Degeneracy                :          1.0000000000
        Electronic Energy (Hartree)    :       -359.0861775244
        Translational Energy (Hartree) :          0.0014162714
        Rotational Energy (Hartree)    :          0.0014162714
        Vibrational Energy (Hartree)   :          0.0030574341
        Number of frequencies          :     45      
        Scaling Factor for frequencies :          1.0000000000
        Vibrational frequencies        :     
                  0    
      0       0.000000
      1       0.000000
      2       0.000000
      3       0.000000
      4       0.000000
      5       0.000000
      6     122.008088
      7     175.051759
      8     259.521731
      9     433.509445
     10     603.864225
     11     657.485929
     12     673.305638
     13     747.197344
     14     807.761648
     15     852.244563
     16     895.606701
     17     935.993367
     18     1006.991718
     19     1042.511092
     20     1072.914011
     21     1119.325564
     22     1139.874093
     23     1156.054696
     24     1203.488081
     25     1264.327863
     26     1276.321753
     27     1287.204435
     28     1353.463841
     29     1389.050324
     30     1422.043006
     31     1515.000357
     32     1528.920161
     33     1544.628541
     34     1549.256387
     35     1586.809584
     36     1653.170790
     37     1760.063103
     38     2926.705377
     39     2936.370275
     40     2974.541274
     41     2983.592387
     42     3229.203023
     43     3288.324428
     44     3319.664041
        Zero Point Energy (Hartree)    :          0.1268788342
        Inner Energy (Hartree)         :       -358.9534087133
        Enthalpy (Hartree)             :       -358.9524645042
        Electronic entropy             :          0.0000000000
        Rotational entropy             :          0.0130149523
        Vibrational entropy            :          0.0049946668
        Translational entropy          :          0.0130149523
        Entropy                        :          0.0370046263
        Gibbs Energy (Hartree)         :       -358.9894691306
        Is Linear                      :                 false
# -----------------------------------------------------------
$ PAL_Flags
   description: The PAL Flags
   geom. index: 2
   prop. index: 1
        Diskflag:     2
# -----------------------------------------------------------
$ SCF_Energy
   description: The SCF energy
   geom. index: 2
   prop. index: 1
        SCF Energy:     -359.0788803003
# -----------------------------------------------------------
$ DFT_Energy
   description: The DFT energy
   geom. index: 2
   prop. index: 1
   Number of Alpha Electrons                 29.0000394294 
   Number of Beta  Electrons                 29.0000394294 
   Total number of  Electrons                58.0000788589 
   Exchange energy                          -32.5839289136 
   Correlation energy                        -2.4303926539 
   Correlation energy NL                      0.0000000000 
   Exchange-Correlation energy              -35.0143215675 
   Embedding correction                       0.0000000000 
   Total DFT Energy (No VdW correction)    -359.0788803003 
# -----------------------------------------------------------
$ VdW_Correction
   description: The Van der Waals Correction
   geom. index: 2
   prop. index: 1
        Van der Waals Correction:       -0.0271949398
# -----------------------------------------------------------
$ PAL_Flags
   description: The PAL Flags
   geom. index: 3
   prop. index: 1
        Diskflag:     2
# -----------------------------------------------------------
$ SCF_Energy
   description: The SCF energy
   geom. index: 3
   prop. index: 1
        SCF Energy:     -359.0854048639
# -----------------------------------------------------------
$ DFT_Energy
   description: The DFT energy
   geom. index: 3
   prop. index: 1
   Number of Alpha Electrons                 29.0000355334 
   Number of Beta  Electrons                 29.0000355334 
   Total number of  Electrons                58.0000710668 
   Exchange energy                          -32.5762772761 
   Correlation energy                        -2.4294983200 
   Correlation energy NL                      0.0000000000 
   Exchange-Correlation energy              -35.0057755961 
   Embedding correction                       0.0000000000 
   Total DFT Energy (No VdW correction)    -359.0854048639 
# -----------------------------------------------------------
$ VdW_Correction
   description: The Van der Waals Correction
   geom. index: 3
   prop. index: 1
        Van der Waals Correction:       -0.0270494886
# -----------------------------------------------------------
$ PAL_Flags
   description: The PAL Flags
   geom. index: 4
   prop. index: 1
        Diskflag:     2
# -----------------------------------------------------------
$ SCF_Energy
   description: The SCF energy
   geom. index: 4
   prop. index: 1
        SCF Energy:     -359.0892301204
# -----------------------------------------------------------
$ DFT_Energy
   description: The DFT energy
   geom. index: 4
   prop. index: 1
   Number of Alpha Electrons                 29.0000294376 
   Number of Beta  Electrons                 29.0000294376 
   Total number of  Electrons                58.0000588752 
   Exchange energy                          -32.5731169959 
   Correlation energy                        -2.4291839729 
   Correlation energy NL                      0.0000000000 
   Exchange-Correlation energy              -35.0023009688 
   Embedding correction                       0.0000000000 
   Total DFT Energy (No VdW correction)    -359.0892301204 
# -----------------------------------------------------------
$ VdW_Correction
   description: The Van der Waals Correction
   geom. index: 4
   prop. index: 1
        Van der Waals Correction:       -0.0269474365
# -----------------------------------------------------------
$ PAL_Flags
   description: The PAL Flags
   geom. index: 5
   prop. index: 1
        Diskflag:     2
# -----------------------------------------------------------
$ SCF_Energy
   description: The SCF energy
   geom. index: 5
   prop. index: 1
        SCF Energy:     -359.0918528445
# -----------------------------------------------------------
$ DFT_Energy
   description: The DFT energy
   geom. index: 5
   prop. index: 1
   Number of Alpha Electrons                 29.0000278523 
   Number of Beta  Electrons                 29.0000278523 
   Total number of  Electrons                58.0000557047 
   Exchange energy                          -32.5735421272 
   Correlation energy                        -2.4292114816 
   Correlation energy NL                      0.0000000000 
   Exchange-Correlation energy              -35.0027536088 
   Embedding correction                       0.0000000000 
   Total DFT Energy (No VdW correction)    -359.0918528445 
# -----------------------------------------------------------
$ VdW_Correction
   description: The Van der Waals Correction
   geom. index: 5
   prop. index: 1
        Van der Waals Correction:       -0.0268787671
# -----------------------------------------------------------
$ PAL_Flags
   description: The PAL Flags
   geom. index: 6
   prop. index: 1
        Diskflag:     2
# -----------------------------------------------------------
$ SCF_Energy
   description: The SCF energy
   geom. index: 6
   prop. index: 1
        SCF Energy:     -359.0936483819
# -----------------------------------------------------------
$ DFT_Energy
   description: The DFT energy
   geom. index: 6
   prop. index: 1
   Number of Alpha Electrons                 29.0000261170 
   Number of Beta  Electrons                 29.0000261170 
   Total number of  Electrons                58.0000522340 
   Exchange energy                          -32.5748015610 
   Correlation energy                        -2.4293269265 
   Correlation energy NL                      0.0000000000 
   Exchange-Correlation energy              -35.0041284875 
   Embedding correction                       0.0000000000 
   Total DFT Energy (No VdW correction)    -359.0936483819 
# -----------------------------------------------------------
$ VdW_Correction
   description: The Van der Waals Correction
   geom. index: 6
   prop. index: 1
        Van der Waals Correction:       -0.0268345370
# -----------------------------------------------------------
$ PAL_Flags
   description: The PAL Flags
   geom. index: 7
   prop. index: 1
        Diskflag:     2
# -----------------------------------------------------------
$ SCF_Energy
   description: The SCF energy
   geom. index: 7
   prop. index: 1
        SCF Energy:     -359.0948197706
# -----------------------------------------------------------
$ DFT_Energy
   description: The DFT energy
   geom. index: 7
   prop. index: 1
   Number of Alpha Electrons                 29.0000215979 
   Number of Beta  Electrons                 29.0000215979 
   Total number of  Electrons                58.0000431957 
   Exchange energy                          -32.5757093901 
   Correlation energy                        -2.4294052873 
   Correlation energy NL                      0.0000000000 
   Exchange-Correlation energy              -35.0051146774 
   Embedding correction                       0.0000000000 
   Total DFT Energy (No VdW correction)    -359.0948197706 
# -----------------------------------------------------------
$ VdW_Correction
   description: The Van der Waals Correction
   geom. index: 7
   prop. index: 1
        Van der Waals Correction:       -0.0268113588
# -----------------------------------------------------------
$ PAL_Flags
   description: The PAL Flags
   geom. index: 8
   prop. index: 1
        Diskflag:     2
# -----------------------------------------------------------
$ SCF_Energy
   description: The SCF energy
   geom. index: 8
   prop. index: 1
        SCF Energy:     -359.0955022877
# -----------------------------------------------------------
$ DFT_Energy
   description: The DFT energy
   geom. index: 8
   prop. index: 1
   Number of Alpha Electrons                 29.0000162410 
   Number of Beta  Electrons                 29.0000162410 
   Total number of  Electrons                58.0000324820 
   Exchange energy                          -32.5760481727 
   Correlation energy                        -2.4294391203 
   Correlation energy NL                      0.0000000000 
   Exchange-Correlation energy              -35.0054872930 
   Embedding correction                       0.0000000000 
   Total DFT Energy (No VdW correction)    -359.0955022877 
# -----------------------------------------------------------
$ VdW_Correction
   description: The Van der Waals Correction
   geom. index: 8
   prop. index: 1
        Van der Waals Correction:       -0.0268035818
# -----------------------------------------------------------
$ PAL_Flags
   description: The PAL Flags
   geom. index: 9
   prop. index: 1
        Diskflag:     2
# -----------------------------------------------------------
$ SCF_Energy
   description: The SCF energy
   geom. index: 9
   prop. index: 1
        SCF Energy:     -359.0956179999
# -----------------------------------------------------------
$ DFT_Energy
   description: The DFT energy
   geom. index: 9
   prop. index: 1
   Number of Alpha Electrons                 29.0000109922 
   Number of Beta  Electrons                 29.0000109922 
   Total number of  Electrons                58.0000219845 
   Exchange energy                          -32.5756181132 
   Correlation energy                        -2.4293954576 
   Correlation energy NL                      0.0000000000 
   Exchange-Correlation energy              -35.0050135707 
   Embedding correction                       0.0000000000 
   Total DFT Energy (No VdW correction)    -359.0956179999 
# -----------------------------------------------------------
$ VdW_Correction
   description: The Van der Waals Correction
   geom. index: 9
   prop. index: 1
        Van der Waals Correction:       -0.0268179617
# -----------------------------------------------------------
$ PAL_Flags
   description: The PAL Flags
   geom. index: 10
   prop. index: 1
        Diskflag:     2
# -----------------------------------------------------------
$ SCF_Energy
   description: The SCF energy
   geom. index: 10
   prop. index: 1
        SCF Energy:     -359.0958270097
# -----------------------------------------------------------
$ DFT_Energy
   description: The DFT energy
   geom. index: 10
   prop. index: 1
   Number of Alpha Electrons                 29.0000087920 
   Number of Beta  Electrons                 29.0000087920 
   Total number of  Electrons                58.0000175840 
   Exchange energy                          -32.5749329885 
   Correlation energy                        -2.4293291521 
   Correlation energy NL                      0.0000000000 
   Exchange-Correlation energy              -35.0042621407 
   Embedding correction                       0.0000000000 
   Total DFT Energy (No VdW correction)    -359.0958270097 
# -----------------------------------------------------------
$ VdW_Correction
   description: The Van der Waals Correction
   geom. index: 10
   prop. index: 1
        Van der Waals Correction:       -0.0268245870
# -----------------------------------------------------------
$ PAL_Flags
   description: The PAL Flags
   geom. index: 11
   prop. index: 1
        Diskflag:     2
# -----------------------------------------------------------
$ SCF_Energy
   description: The SCF energy
   geom. index: 11
   prop. index: 1
        SCF Energy:     -359.0959407033
# -----------------------------------------------------------
$ DFT_Energy
   description: The DFT energy
   geom. index: 11
   prop. index: 1
   Number of Alpha Electrons                 29.0000023540 
   Number of Beta  Electrons                 29.0000023540 
   Total number of  Electrons                58.0000047081 
   Exchange energy                          -32.5763194518 
   Correlation energy                        -2.4295337632 
   Correlation energy NL                      0.0000000000 
   Exchange-Correlation energy              -35.0058532150 
   Embedding correction                       0.0000000000 
   Total DFT Energy (No VdW correction)    -359.0959407033 
# -----------------------------------------------------------
$ VdW_Correction
   description: The Van der Waals Correction
   geom. index: 11
   prop. index: 1
        Van der Waals Correction:       -0.0268443331
# -----------------------------------------------------------
$ PAL_Flags
   description: The PAL Flags
   geom. index: 12
   prop. index: 1
        Diskflag:     2
# -----------------------------------------------------------
$ SCF_Energy
   description: The SCF energy
   geom. index: 12
   prop. index: 1
        SCF Energy:     -359.0960192175
# -----------------------------------------------------------
$ DFT_Energy
   description: The DFT energy
   geom. index: 12
   prop. index: 1
   Number of Alpha Electrons                 29.0000183288 
   Number of Beta  Electrons                 29.0000183288 
   Total number of  Electrons                58.0000366576 
   Exchange energy                          -32.5767987456 
   Correlation energy                        -2.4296450902 
   Correlation energy NL                      0.0000000000 
   Exchange-Correlation energy              -35.0064438358 
   Embedding correction                       0.0000000000 
   Total DFT Energy (No VdW correction)    -359.0960192175 
# -----------------------------------------------------------
$ VdW_Correction
   description: The Van der Waals Correction
   geom. index: 12
   prop. index: 1
        Van der Waals Correction:       -0.0268713523
# -----------------------------------------------------------
$ PAL_Flags
   description: The PAL Flags
   geom. index: 13
   prop. index: 1
        Diskflag:     2
# -----------------------------------------------------------
$ SCF_Energy
   description: The SCF energy
   geom. index: 13
   prop. index: 1
        SCF Energy:     -359.0960807309
# -----------------------------------------------------------
$ DFT_Energy
   description: The DFT energy
   geom. index: 13
   prop. index: 1
   Number of Alpha Electrons                 29.0000267234 
   Number of Beta  Electrons                 29.0000267234 
   Total number of  Electrons                58.0000534469 
   Exchange energy                          -32.5765387049 
   Correlation energy                        -2.4296831515 
   Correlation energy NL                      0.0000000000 
   Exchange-Correlation energy              -35.0062218565 
   Embedding correction                       0.0000000000 
   Total DFT Energy (No VdW correction)    -359.0960807309 
# -----------------------------------------------------------
$ VdW_Correction
   description: The Van der Waals Correction
   geom. index: 13
   prop. index: 1
        Van der Waals Correction:       -0.0269066095
# -----------------------------------------------------------
$ PAL_Flags
   description: The PAL Flags
   geom. index: 14
   prop. index: 1
        Diskflag:     2
# -----------------------------------------------------------
$ SCF_Energy
   description: The SCF energy
   geom. index: 14
   prop. index: 1
        SCF Energy:     -359.0959964067
# -----------------------------------------------------------
$ DFT_Energy
   description: The DFT energy
   geom. index: 14
   prop. index: 1
   Number of Alpha Electrons                 29.0000246405 
   Number of Beta  Electrons                 29.0000246405 
   Total number of  Electrons                58.0000492810 
   Exchange energy                          -32.5760638845 
   Correlation energy                        -2.4296815769 
   Correlation energy NL                      0.0000000000 
   Exchange-Correlation energy              -35.0057454614 
   Embedding correction                       0.0000000000 
   Total DFT Energy (No VdW correction)    -359.0959964067 
# -----------------------------------------------------------
$ VdW_Correction
   description: The Van der Waals Correction
   geom. index: 14
   prop. index: 1
        Van der Waals Correction:       -0.0268757054
# -----------------------------------------------------------
$ PAL_Flags
   description: The PAL Flags
   geom. index: 15
   prop. index: 1
        Diskflag:     2
# -----------------------------------------------------------
$ SCF_Energy
   description: The SCF energy
   geom. index: 15
   prop. index: 1
        SCF Energy:     -359.0962482119
# -----------------------------------------------------------
$ DFT_Energy
   description: The DFT energy
   geom. index: 15
   prop. index: 1
   Number of Alpha Electrons                 29.0000292781 
   Number of Beta  Electrons                 29.0000292781 
   Total number of  Electrons                58.0000585563 
   Exchange energy                          -32.5746474678 
   Correlation energy                        -2.4295566267 
   Correlation energy NL                      0.0000000000 
   Exchange-Correlation energy              -35.0042040945 
   Embedding correction                       0.0000000000 
   Total DFT Energy (No VdW correction)    -359.0962482119 
# -----------------------------------------------------------
$ VdW_Correction
   description: The Van der Waals Correction
   geom. index: 15
   prop. index: 1
        Van der Waals Correction:       -0.0269405055
# -----------------------------------------------------------
$ PAL_Flags
   description: The PAL Flags
   geom. index: 16
   prop. index: 1
        Diskflag:     2
# -----------------------------------------------------------
$ SCF_Energy
   description: The SCF energy
   geom. index: 16
   prop. index: 1
        SCF Energy:     -359.0962981490
# -----------------------------------------------------------
$ DFT_Energy
   description: The DFT energy
   geom. index: 16
   prop. index: 1
   Number of Alpha Electrons                 29.0000282834 
   Number of Beta  Electrons                 29.0000282834 
   Total number of  Electrons                58.0000565668 
   Exchange energy                          -32.5739086442 
   Correlation energy                        -2.4294539929 
   Correlation energy NL                      0.0000000000 
   Exchange-Correlation energy              -35.0033626371 
   Embedding correction                       0.0000000000 
   Total DFT Energy (No VdW correction)    -359.0962981490 
# -----------------------------------------------------------
$ VdW_Correction
   description: The Van der Waals Correction
   geom. index: 16
   prop. index: 1
        Van der Waals Correction:       -0.0269454438
# -----------------------------------------------------------
$ PAL_Flags
   description: The PAL Flags
   geom. index: 17
   prop. index: 1
        Diskflag:     2
# -----------------------------------------------------------
$ SCF_Energy
   description: The SCF energy
   geom. index: 17
   prop. index: 1
        SCF Energy:     -359.0962992253
# -----------------------------------------------------------
$ DFT_Energy
   description: The DFT energy
   geom. index: 17
   prop. index: 1
   Number of Alpha Electrons                 29.0000350609 
   Number of Beta  Electrons                 29.0000350609 
   Total number of  Electrons                58.0000701219 
   Exchange energy                          -32.5730249819 
   Correlation energy                        -2.4293776797 
   Correlation energy NL                      0.0000000000 
   Exchange-Correlation energy              -35.0024026617 
   Embedding correction                       0.0000000000 
   Total DFT Energy (No VdW correction)    -359.0962992253 
# -----------------------------------------------------------
$ VdW_Correction
   description: The Van der Waals Correction
   geom. index: 17
   prop. index: 1
        Van der Waals Correction:       -0.0269606357
# -----------------------------------------------------------
$ PAL_Flags
   description: The PAL Flags
   geom. index: 18
   prop. index: 1
        Diskflag:     2
# -----------------------------------------------------------
$ SCF_Energy
   description: The SCF energy
   geom. index: 18
   prop. index: 1
        SCF Energy:     -359.0963077198
# -----------------------------------------------------------
$ DFT_Energy
   description: The DFT energy
   geom. index: 18
   prop. index: 1
   Number of Alpha Electrons                 29.0000328706 
   Number of Beta  Electrons                 29.0000328706 
   Total number of  Electrons                58.0000657411 
   Exchange energy                          -32.5730210444 
   Correlation energy                        -2.4293693473 
   Correlation energy NL                      0.0000000000 
   Exchange-Correlation energy              -35.0023903918 
   Embedding correction                       0.0000000000 
   Total DFT Energy (No VdW correction)    -359.0963077198 
# -----------------------------------------------------------
$ VdW_Correction
   description: The Van der Waals Correction
   geom. index: 18
   prop. index: 1
        Van der Waals Correction:       -0.0269545187
# -----------------------------------------------------------
$ PAL_Flags
   description: The PAL Flags
   geom. index: 19
   prop. index: 1
        Diskflag:     2
# -----------------------------------------------------------
$ SCF_Energy
   description: The SCF energy
   geom. index: 19
   prop. index: 1
        SCF Energy:     -359.0963070742
# -----------------------------------------------------------
$ DFT_Energy
   description: The DFT energy
   geom. index: 19
   prop. index: 1
   Number of Alpha Electrons                 29.0000332796 
   Number of Beta  Electrons                 29.0000332796 
   Total number of  Electrons                58.0000665591 
   Exchange energy                          -32.5730888272 
   Correlation energy                        -2.4293796328 
   Correlation energy NL                      0.0000000000 
   Exchange-Correlation energy              -35.0024684600 
   Embedding correction                       0.0000000000 
   Total DFT Energy (No VdW correction)    -359.0963070742 
# -----------------------------------------------------------
$ Mayer_Pop
   description: The Mayer population analysis
   geom. index: 19
   prop. index: 1
     Number of atoms                     : 15
     Threshold for printing              : 0.1000000
     Number of bond orders printed       : 22
  NA   - Mulliken gross atomic population
  ZA   - Total nuclear charge
  QA   - Mulliken gross atomic charge
  VA   - Mayer's total valence
  BVA  - Mayer's bonded valence
  FA   - Mayer's free valence
  ATOM       NA         ZA         QA         VA         BVA        FA
  0   0     5.7955     6.0000     0.2045     3.1603     3.1603    -0.0000
  1   0     7.2227     7.0000    -0.2227     3.2212     3.2212     0.0000
  2   0     7.2083     7.0000    -0.2083     2.8857     2.8857    -0.0000
  3   0     5.9900     6.0000     0.0100     3.5904     3.5904    -0.0000
  4   0     5.9788     6.0000     0.0212     3.8841     3.8841     0.0000
  5   0     6.6167     6.0000    -0.6167     3.8322     3.8322    -0.0000
  6   0     7.3374     7.0000    -0.3374     2.5348     2.5348    -0.0000
  7   0     6.3741     6.0000    -0.3741     3.5723     3.5723    -0.0000
  8   0     0.8268     1.0000     0.1732     0.9270     0.9270     0.0000
  9   0     0.6497     1.0000     0.3503     0.8319     0.8319    -0.0000
 10   0     0.8149     1.0000     0.1851     0.8878     0.8878     0.0000
 11   0     0.8485     1.0000     0.1515     0.9418     0.9418    -0.0000
 12   0     0.6839     1.0000     0.3161     0.8476     0.8476     0.0000
 13   0     0.8366     1.0000     0.1634     0.9426     0.9426    -0.0000
 14   0     0.8161     1.0000     0.1839     0.9074     0.9074     0.0000
      Bond orders larger than 0.1000000
           Atom A     A.N. of A          Atom B    A.N. of B              Bond order
                0             6               1            7                0.944816
                0             6               2            7               -0.202270
                0             6               4            6                1.536562
                0             6               8            1                0.973863
                1             7               2            7                1.277429
                1             7               4            6                0.138291
                1             7               9            1                0.822815
                2             7               3            6                1.630417
                2             7               4            6                0.253368
                2             7               7            6               -0.135650
                3             6               4            6                1.249649
                3             6               5            6                0.285403
                3             6               6            7               -0.135591
                3             6               7            6                0.694297
                4             6               5            6                0.609696
                5             6               6            7                0.825457
                5             6              10            1                1.006420
                5             6              11            1                1.023481
                6             7               7            6                0.996700
                6             7              12            1                0.890623
                7             6              13            1                1.027108
                7             6              14            1                0.959479
# -----------------------------------------------------------
$ VdW_Correction
   description: The Van der Waals Correction
   geom. index: 19
   prop. index: 1
        Van der Waals Correction:       -0.0269555520
# -----------------------------------------------------------
$ SCF_Electric_Properties
   description: The SCF Calculated Electric Properties
   geom. index: 19
   prop. index: 1
       Filename                          : file.scfp 
       Do Dipole Moment Calculation      : true 
       Do Quadrupole Moment Calculation  : false 
       Do Polarizability Calculation     : false 
** Dipole moment part of electric properties **
        Magnitude of dipole moment (Debye) :        2.8509756101
        Electronic Contribution:
                  0    
      0       4.026636
      1      -1.260999
      2       0.100608
        Nuclear Contribution:
                  0    
      0      -3.314528
      1       2.068372
      2       0.214229
        Total Dipole moment:
                  0    
      0       0.712108
      1       0.807372
      2       0.314837
# -------------------------------------------------------------
----------------------- !GEOMETRIES! ------------------------
# -------------------------------------------------------------
------------------------ !GEOMETRY! -------------------------
    Number of atoms:    15 
    Geometry Index:     1 
    Coordinates:
               0 C      1.627500000000    0.807900000000   -0.158400000000
               1 N      2.262700000000   -0.363400000000    0.058300000000
               2 N      1.400200000000   -1.366600000000   -0.048600000000
               3 C      0.233700000000   -0.822400000000   -0.440400000000
               4 C      0.329900000000    0.508500000000   -0.505500000000
               5 C     -0.951800000000    1.147200000000   -0.157600000000
               6 N     -1.903600000000    0.027100000000    0.021800000000
               7 C     -1.131300000000   -1.233600000000   -0.065900000000
               8 H      2.034100000000    1.783400000000    0.073400000000
               9 H      3.246300000000   -0.471900000000    0.390500000000
              10 H     -1.289100000000    1.803700000000   -0.986500000000
              11 H     -0.847700000000    1.737100000000    0.780800000000
              12 H     -2.329500000000    0.096100000000    0.976200000000
              13 H     -1.119400000000   -1.763700000000    0.912800000000
              14 H     -1.562000000000   -1.889300000000   -0.851000000000
------------------------ !GEOMETRY! -------------------------
    Number of atoms:    15 
    Geometry Index:     2 
    Coordinates:
               0 C      1.662187452831    0.839912167128   -0.145001895872
               1 N      2.271255606004   -0.359294897474    0.050246644914
               2 N      1.417607665867   -1.390875600262   -0.028484673573
               3 C      0.259034280781   -0.833919071743   -0.382919842122
               4 C      0.348446484508    0.553764813169   -0.456945669317
               5 C     -0.980040623697    1.177751133709   -0.155558536262
               6 N     -1.898159708538    0.016916293877    0.017325424148
               7 C     -1.139287828255   -1.261396830037   -0.057391639728
               8 H      2.138110769608    1.789120667571    0.060207978476
               9 H      3.232275384167   -0.501665414453    0.330473671517
              10 H     -1.339005562770    1.812014349701   -0.979354804260
              11 H     -0.913677630506    1.782506344597    0.761145409712
              12 H     -2.337570100508    0.081314222920    0.931522218095
              13 H     -1.149176634086   -1.806744595060    0.896708371764
              14 H     -1.571999555407   -1.899303583644   -0.842072657491
------------------------ !GEOMETRY! -------------------------
    Number of atoms:    15 
    Geometry Index:     3 
    Coordinates:
               0 C      1.681986859119    0.852620588147   -0.126412389781
               1 N      2.286599522716   -0.356564024944    0.041655933321
               2 N      1.429187299174   -1.394451830736   -0.011565084336
               3 C      0.269005680705   -0.826875848208   -0.313413661684
               4 C      0.355755168905    0.579442199664   -0.391498467251
               5 C     -0.998875975725    1.187927361608   -0.150420917032
               6 N     -1.899484732491    0.010557269461    0.015493832880
               7 C     -1.143613403245   -1.269698254264   -0.054898172429
               8 H      2.211263338006    1.783100784378    0.027902390244
               9 H      3.254940644892   -0.524414771837    0.264749061277
              10 H     -1.358261327124    1.801272390872   -0.986479005710
              11 H     -0.973061874093    1.814182158244    0.750358808123
              12 H     -2.372317534889    0.072920732453    0.908381683567
              13 H     -1.185069746083   -1.836242447291    0.882808839028
              14 H     -1.558053919867   -1.893676307545   -0.856762850219
------------------------ !GEOMETRY! -------------------------
    Number of atoms:    15 
    Geometry Index:     4 
    Coordinates:
               0 C      1.693992487177    0.858436504256   -0.107773296981
               1 N      2.299738031312   -0.355923471140    0.033497803248
               2 N      1.439624974565   -1.396365861856   -0.003087789171
               3 C      0.273144679219   -0.820628026452   -0.248921364746
               4 C      0.359226319199    0.591576518809   -0.327472862065
               5 C     -1.008631232401    1.191495709446   -0.140957388050
               6 N     -1.901426038265    0.007705096832    0.016766061495
               7 C     -1.146368900644   -1.271972248317   -0.050699469133
               8 H      2.252800820290    1.779465795812   -0.008184670756
               9 H      3.276567024816   -0.536132562881    0.200518541703
              10 H     -1.348619091322    1.787343224708   -0.997684338810
              11 H     -1.025267658434    1.836782115140    0.746284992026
              12 H     -2.407567528292    0.068781605448    0.889986811726
              13 H     -1.227009426954   -1.856089020965    0.873779523713
              14 H     -1.530204460267   -1.884375378840   -0.876152554200
------------------------ !GEOMETRY! -------------------------
    Number of atoms:    15 
    Geometry Index:     5 
    Coordinates:
               0 C      1.701497179720    0.861257406090   -0.093725418694
               1 N      2.309482749404   -0.356212583656    0.025364801700
               2 N      1.447796750963   -1.397871113986    0.003383604556
               3 C      0.275457909267   -0.815863367232   -0.189059229187
               4 C      0.360732888541    0.594942904764   -0.267993103402
               5 C     -1.013085791074    1.192854641854   -0.129840926220
               6 N     -1.903344816178    0.006758922686    0.017785706514
               7 C     -1.147998272436   -1.272077399823   -0.045128804920
               8 H      2.274030823006    1.778029448879   -0.043639049441
               9 H      3.292613228944   -0.541414660273    0.140800972464
              10 H     -1.323846345801    1.774566825259   -1.007116362240
              11 H     -1.069666310172    1.852863177145    0.744743358965
              12 H     -2.437726643532    0.066161087376    0.873321718836
              13 H     -1.270115623747   -1.870606286464    0.865391040807
              14 H     -1.495827726903   -1.873289002621   -0.894388309737
------------------------ !GEOMETRY! -------------------------
    Number of atoms:    15 
    Geometry Index:     6 
    Coordinates:
               0 C      1.706137092446    0.862560104814   -0.083459443602
               1 N      2.316493441539   -0.356930349151    0.015536955881
               2 N      1.454381401153   -1.399005996046    0.005956227329
               3 C      0.277020794695   -0.812563017244   -0.136438153180
               4 C      0.361151268621    0.594280366717   -0.211636936556
               5 C     -1.014848068859    1.193312532371   -0.119807749598
               6 N     -1.905592564456    0.006644255147    0.016417316965
               7 C     -1.149104910862   -1.271565263478   -0.038824108704
               8 H      2.282879932370    1.777914203183   -0.070825643430
               9 H      3.303634533041   -0.543547472111    0.087019979461
              10 H     -1.293073544431    1.762647136847   -1.016120055376
              11 H     -1.107309502566    1.865151940160    0.742601367228
              12 H     -2.460066340818    0.065121600634    0.858960424722
              13 H     -1.309560362864   -1.880711635995    0.858686992417
              14 H     -1.462143169009   -1.863208405846   -0.908167173558
------------------------ !GEOMETRY! -------------------------
    Number of atoms:    15 
    Geometry Index:     7 
    Coordinates:
               0 C      1.709225001599    0.863291851699   -0.079349627164
               1 N      2.321301944819   -0.357456199782    0.003360097721
               2 N      1.458909889445   -1.399539038093    0.009243612181
               3 C      0.277981791265   -0.810719186068   -0.089012049122
               4 C      0.361418629806    0.593099696096   -0.159550136819
               5 C     -1.015354375274    1.193528164640   -0.111300467304
               6 N     -1.908274954407    0.006752489526    0.012321626971
               7 C     -1.149932534985   -1.271070732394   -0.033098587904
               8 H      2.286235973290    1.778385673210   -0.091870142698
               9 H      3.310181320947   -0.544761003852    0.041584760944
              10 H     -1.262220411131    1.752769612269   -1.023021782520
              11 H     -1.140142277197    1.874102638617    0.740115530996
              12 H     -2.473661816223    0.064391752936    0.847557639691
              13 H     -1.344549384928   -1.888333985026    0.851878019982
              14 H     -1.431118797027   -1.854341733777   -0.918958494956
------------------------ !GEOMETRY! -------------------------
    Number of atoms:    15 
    Geometry Index:     8 
    Coordinates:
               0 C      1.710566842240    0.863766217336   -0.069272722525
               1 N      2.323769927930   -0.358554231346   -0.012977635069
               2 N      1.461828623150   -1.400464163264   -0.002794502519
               3 C      0.278790975905   -0.809567537466   -0.055959192075
               4 C      0.361170907921    0.593613084765   -0.108084399479
               5 C     -1.015632215286    1.193128402661   -0.107153552234
               6 N     -1.911282796552    0.006965303885    0.008870825160
               7 C     -1.150580430418   -1.270419181206   -0.027864770198
               8 H      2.286552404042    1.779132279107   -0.091383398462
               9 H      3.313362224775   -0.545548335888    0.002329697242
              10 H     -1.231150927915    1.737040044391   -1.036200289431
              11 H     -1.172288948691    1.886377344215    0.728235116613
              12 H     -2.475893602373    0.065452491362    0.844778138264
              13 H     -1.369372076763   -1.890373501099    0.849645814136
              14 H     -1.409840907965   -1.850448217453   -0.922269129423
------------------------ !GEOMETRY! -------------------------
    Number of atoms:    15 
    Geometry Index:     9 
    Coordinates:
               0 C      1.711626126009    0.862508879897   -0.099921786572
               1 N      2.324649325993   -0.357533772293   -0.017571065483
               2 N      1.460321679930   -1.398315717003    0.046363412428
               3 C      0.276689587790   -0.808770860938    0.000895457964
               4 C      0.362049407430    0.591913214228   -0.084939420407
               5 C     -1.016617913734    1.193471917585   -0.099261124321
               6 N     -1.914086931286    0.007207483332    0.010376892202
               7 C     -1.150435518510   -1.268840131800   -0.030333078724
               8 H      2.287900494378    1.776860137429   -0.148668204651
               9 H      3.313769045175   -0.547791432801   -0.004907015893
              10 H     -1.219936320582    1.742483503301   -1.026985529875
              11 H     -1.189287858106    1.882163205810    0.737562852931
              12 H     -2.469814408437    0.060088701960    0.852796946958
              13 H     -1.405294830469   -1.913869258726    0.817591809776
              14 H     -1.371531885582   -1.821475869982   -0.953100146333
------------------------ !GEOMETRY! -------------------------
    Number of atoms:    15 
    Geometry Index:     10 
    Coordinates:
               0 C      1.710206509663    0.864608766879   -0.063819897927
               1 N      2.324337644928   -0.357994008072   -0.037820391401
               2 N      1.462092256525   -1.401218262029   -0.010357565354
               3 C      0.277402611502   -0.810319837835   -0.010734363560
               4 C      0.360823722812    0.592824402444   -0.041594672027
               5 C     -1.015855425345    1.191783939976   -0.104462957924
               6 N     -1.917074665622    0.008419015488    0.011335970409
               7 C     -1.153130068665   -1.269132153915   -0.026751326015
               8 H      2.284693090334    1.780668093145   -0.093683059131
               9 H      3.313952829561   -0.544979535929   -0.031755963626
              10 H     -1.190436009467    1.710384061869   -1.055930001383
              11 H     -1.215573311573    1.906116106086    0.703124717407
              12 H     -2.454522212950    0.065496296420    0.865279098496
              13 H     -1.401358882242   -1.900616491918    0.833959670324
              14 H     -1.385558089459   -1.835940392610   -0.936889258286
------------------------ !GEOMETRY! -------------------------
    Number of atoms:    15 
    Geometry Index:     11 
    Coordinates:
               0 C      1.707591278386    0.863658099940   -0.062838689340
               1 N      2.321945757134   -0.358708620220   -0.029739689335
               2 N      1.458862889211   -1.400181471166    0.003413412119
               3 C      0.274816486195   -0.808981316720   -0.004112520625
               4 C      0.358180155145    0.593312334830   -0.040716351402
               5 C     -1.019978813984    1.187088848738   -0.115998339567
               6 N     -1.917530409760    0.009713042421    0.056776269284
               7 C     -1.156342287172   -1.264546271581   -0.038054561705
               8 H      2.280489796681    1.780636037264   -0.092783672763
               9 H      3.312097532587   -0.544534001713   -0.014158783276
              10 H     -1.200582402552    1.668181443861   -1.086730898274
              11 H     -1.219616433432    1.930398714469    0.664047055094
              12 H     -2.400977847953    0.065235300804    0.943337767987
              13 H     -1.414105909120   -1.930988362811    0.791990281885
              14 H     -1.384849791367   -1.790183778116   -0.974531280083
------------------------ !GEOMETRY! -------------------------
    Number of atoms:    15 
    Geometry Index:     12 
    Coordinates:
               0 C      1.705299842157    0.863338987214   -0.060833970771
               1 N      2.319490672385   -0.359053603502   -0.022393577388
               2 N      1.455676849526   -1.399593505501    0.015124675224
               3 C      0.272234199918   -0.807939046666    0.003060637594
               4 C      0.355791767493    0.594194909797   -0.037691484618
               5 C     -1.025127990162    1.181911493037   -0.126291457587
               6 N     -1.917826282449    0.010912932899    0.098474462621
               7 C     -1.160236907875   -1.259194411654   -0.048512603633
               8 H      2.278032672874    1.780385320146   -0.091455428281
               9 H      3.309699686478   -0.544492775260    0.002627209415
              10 H     -1.210826008755    1.623624630716   -1.114907206504
              11 H     -1.228419335008    1.953235772119    0.624246219541
              12 H     -2.339920690517    0.063931586806    1.016621369337
              13 H     -1.427957079011   -1.958044459376    0.750220268325
              14 H     -1.385911397054   -1.743117830776   -1.008389113275
------------------------ !GEOMETRY! -------------------------
    Number of atoms:    15 
    Geometry Index:     13 
    Coordinates:
               0 C      1.703218891944    0.863269237207   -0.060949501891
               1 N      2.316846383147   -0.359300425237   -0.015155626605
               2 N      1.452098582396   -1.399108355519    0.028702220277
               3 C      0.269460979075   -0.806853363986    0.011229415280
               4 C      0.353573199257    0.595557260433   -0.035168805600
               5 C     -1.031327900136    1.176437284321   -0.134594916322
               6 N     -1.919229216948    0.011999156309    0.135314574801
               7 C     -1.164491201259   -1.253026797681   -0.058500740255
               8 H      2.277082055952    1.779596750986   -0.093528623849
               9 H      3.306720978008   -0.545146541546    0.021570802059
              10 H     -1.222851612179    1.579155768058   -1.138491273952
              11 H     -1.239791397327    1.972934550668    0.587136748345
              12 H     -2.271569527601    0.060976326178    1.083577700162
              13 H     -1.442476689412   -1.982035597493    0.708335544325
              14 H     -1.387263524917   -1.694355252698   -1.039577516775
------------------------ !GEOMETRY! -------------------------
    Number of atoms:    15 
    Geometry Index:     14 
    Coordinates:
               0 C      1.705220056256    0.862459856888   -0.050868574326
               1 N      2.314523716325   -0.363273978727   -0.004300355932
               2 N      1.450740013953   -1.399756107359    0.010356930202
               3 C      0.273190081901   -0.798135776686   -0.017452987363
               4 C      0.350548896299    0.607573525306   -0.062688230400
               5 C     -1.039138341975    1.174763050579   -0.147096276178
               6 N     -1.919207953851    0.005746378387    0.146436930009
               7 C     -1.163738795630   -1.252197218701   -0.056664083478
               8 H      2.285502753491    1.774798508111   -0.071986404619
               9 H      3.303617132650   -0.548004198466    0.048379578977
              10 H     -1.257451519707    1.571950622952   -1.148766082974
              11 H     -1.227095496955    1.972915367908    0.576823358277
              12 H     -2.242576025480    0.065239613706    1.104540856961
              13 H     -1.434532063003   -1.986987692300    0.708821620864
              14 H     -1.399602454275   -1.686991951598   -1.035636280019
------------------------ !GEOMETRY! -------------------------
    Number of atoms:    15 
    Geometry Index:     15 
    Coordinates:
               0 C      1.701845197677    0.863553264812   -0.057536461768
               1 N      2.313257422341   -0.360352499472   -0.000926980247
               2 N      1.447518615484   -1.399536357448    0.035354613480
               3 C      0.267536942047   -0.803801827693    0.000178062500
               4 C      0.350488219123    0.600491006505   -0.053162763335
               5 C     -1.041580762499    1.171090514862   -0.146984262293
               6 N     -1.923356569766    0.011166659957    0.169321725733
               7 C     -1.169707138407   -1.246981888186   -0.067548714364
               8 H      2.280059115788    1.777378368886   -0.086408218687
               9 H      3.301587385392   -0.546853231215    0.059809227178
              10 H     -1.254313419286    1.536325140283   -1.160486088718
              11 H     -1.244259344465    1.989210736990    0.551122763308
              12 H     -2.178455338589    0.057987377826    1.149668116952
              13 H     -1.447377529407   -2.004580185923    0.671059735176
              14 H     -1.403242795433   -1.644997080185   -1.063560754916
------------------------ !GEOMETRY! -------------------------
    Number of atoms:    15 
    Geometry Index:     16 
    Coordinates:
               0 C      1.701053876361    0.864669583247   -0.053106257237
               1 N      2.313501581216   -0.358899836737   -0.000848317547
               2 N      1.448154771666   -1.400132871256    0.028378221692
               3 C      0.266742619711   -0.806619273418   -0.008538908422
               4 C      0.350950124766    0.597838193912   -0.055129378237
               5 C     -1.039963195411    1.172613165594   -0.147069546859
               6 N     -1.924389420364    0.012877210047    0.162905656472
               7 C     -1.170980345169   -1.248592866807   -0.067727217008
               8 H      2.278302002988    1.779337326273   -0.076860307867
               9 H      3.301606570792   -0.545868035643    0.058791555174
              10 H     -1.251146869894    1.540335018637   -1.159622856324
              11 H     -1.242680831406    1.989951042216    0.552217344379
              12 H     -2.177879774530    0.058419797576    1.143530600174
              13 H     -1.439373648510   -1.999863088365    0.680643920076
              14 H     -1.413897462217   -1.655965365274   -1.057664508464
------------------------ !GEOMETRY! -------------------------
    Number of atoms:    15 
    Geometry Index:     17 
    Coordinates:
               0 C      1.699839439397    0.865707439952   -0.047442376462
               1 N      2.312319175436   -0.358066975219    0.003239310541
               2 N      1.447499306178   -1.400390369630    0.023857089690
               3 C      0.265696669406   -0.807428783758   -0.015436100849
               4 C      0.349915996917    0.597866046144   -0.057475624300
               5 C     -1.041873526744    1.171354209195   -0.151027201295
               6 N     -1.925609506756    0.013747546851    0.170721188529
               7 C     -1.173646020635   -1.247620360303   -0.070752857818
               8 H      2.277801757176    1.780016758502   -0.066515911585
               9 H      3.300058928338   -0.545502973984    0.064910369172
              10 H     -1.256660438913    1.527342713395   -1.166754238611
              11 H     -1.244681257664    1.995826198758    0.539540758841
              12 H     -2.147876875527    0.058705083826    1.159087847281
              13 H     -1.439377222235   -2.002374890268    0.675004021507
              14 H     -1.423406424373   -1.649081643460   -1.061056274642
------------------------ !GEOMETRY! -------------------------
    Number of atoms:    15 
    Geometry Index:     18 
    Coordinates:
               0 C      1.700061155142    0.865747996879   -0.048013828494
               1 N      2.312604143270   -0.357903708067    0.003840390769
               2 N      1.448154304282   -1.400370342640    0.023648069715
               3 C      0.266195066394   -0.807719105722   -0.016212016828
               4 C      0.350118364480    0.597697220649   -0.059434910911
               5 C     -1.041160263596    1.172234187981   -0.150221847579
               6 N     -1.925234107746    0.013436460448    0.166275505372
               7 C     -1.173061082776   -1.248714025707   -0.069857822310
               8 H      2.278097701957    1.779988222735   -0.067453474479
               9 H      3.300480094445   -0.545325549136    0.062803625795
              10 H     -1.256622461131    1.533643070032   -1.163914492298
              11 H     -1.241823382740    1.993495188135    0.544904709835
              12 H     -2.156815146857    0.059083514023    1.152370567246
              13 H     -1.438514431200   -2.000208722104    0.679408762229
              14 H     -1.422479953923   -1.654984407507   -1.058243238063
------------------------ !GEOMETRY! -------------------------
    Number of atoms:    15 
    Geometry Index:     19 
    Coordinates:
               0 C      1.699842438994    0.865734852939   -0.047587893432
               1 N      2.312533997851   -0.357869981558    0.004398819780
               2 N      1.448236521997   -1.400357822816    0.023867841220
               3 C      0.266189010776   -0.807888256183   -0.015939810445
               4 C      0.349966313711    0.597529344628   -0.059348203781
               5 C     -1.041180573679    1.171993329642   -0.150587404329
               6 N     -1.925003099502    0.013469839964    0.167457128639
               7 C     -1.173230474348   -1.248548680278   -0.070082751572
               8 H      2.277655151198    1.780108619992   -0.067135414572
               9 H      3.300519822098   -0.545113211823    0.062370438858
              10 H     -1.256768685061    1.532443037916   -1.164647398931
              11 H     -1.241762708570    1.993874966550    0.543770949729
              12 H     -2.155127519225    0.059096709895    1.153907947275
              13 H     -1.439446402961   -2.000526580792    0.678401992738
              14 H     -1.422423793277   -1.653846168075   -1.058946241176
